1 0.08046875 0.26328125 0.01484375 0.03359375
1 0.415625 0.21015625 0.01796875 0.03359375
1 0.46484375 0.1359375 0.0125 0.0234375
1 0.4921875 0.16484375 0.0171875 0.03359375
1 0.4609375 0.1734375 0.0171875 0.03515625
1 0.45234375 0.225 0.01953125 0.0390625
1 0.55390625 0.16796875 0.015625 0.02734375
1 0.546875 0.1828125 0.01484375 0.0375
1 0.63203125 0.2140625 0.021875 0.04140625
1 0.6328125 0.25625 0.02265625 0.04765625
1 0.6390625 0.30859375 0.02734375 0.0609375
1 0.6765625 0.28515625 0.0203125 0.04140625
1 0.6765625 0.16875 0.015625 0.04140625
1 0.68515625 0.21015625 0.0203125 0.0453125
1 0.74140625 0.2109375 0.01953125 0.04375
1 0.63828125 0.12265625 0.01328125 0.03515625
1 0.9421875 0.24140625 0.015625 0.04140625