1 0.0578125 0.3140625 0.025 0.05859375
1 0.27109375 0.225 0.0171875 0.0328125
1 0.3296875 0.25 0.01796875 0.04140625
1 0.38125 0.25625 0.02578125 0.05
1 0.41796875 0.2765625 0.02421875 0.046875
1 0.40625 0.21953125 0.01796875 0.0359375
1 0.39296875 0.19453125 0.015625 0.03125
1 0.371875 0.19140625 0.015625 0.034375
1 0.38984375 0.171875 0.01328125 0.02578125
1 0.40859375 0.16953125 0.0171875 0.0359375
1 0.44296875 0.21328125 0.0171875 0.0359375
1 0.440625 0.17421875 0.01328125 0.02734375
1 0.43828125 0.15234375 0.01328125 0.02265625
1 0.4671875 0.14140625 0.01328125 0.02734375
1 0.48046875 0.153125 0.0125 0.02734375
1 0.4796875 0.1828125 0.015625 0.03125
1 0.4625 0.2171875 0.01953125 0.04140625
1 0.5109375 0.2171875 0.01796875 0.03828125
1 0.521875 0.18359375 0.0171875 0.03984375
1 0.496875 0.13984375 0.0125 0.03125
1 0.52578125 0.13984375 0.01171875 0.02734375
1 0.5390625 0.14140625 0.0109375 0.02421875
1 0.54375 0.190625 0.01796875 0.03984375
1 0.53828125 0.1234375 0.00859375 0.02265625
1 0.55 0.14140625 0.009375 0.0171875
1 0.56640625 0.14296875 0.01171875 0.02421875
1 0.5796875 0.1265625 0.00859375 0.02265625
1 0.58828125 0.16875 0.0171875 0.02734375
1 0.59453125 0.13515625 0.01171875 0.0328125
1 0.60390625 0.121875 0.009375 0.02265625
1 0.61171875 0.11015625 0.01171875 0.02734375
1 0.6265625 0.12734375 0.01328125 0.03125
1 0.6171875 0.1671875 0.015625 0.034375
1 0.63984375 0.121875 0.0140625 0.0328125
1 0.65703125 0.14765625 0.015625 0.0359375
1 0.65546875 0.11484375 0.0125 0.0296875
1 0.66015625 0.11953125 0.01171875 0.02578125
1 0.68515625 0.121875 0.01328125 0.0296875
1 0.69375 0.11015625 0.01171875 0.03125
1 0.71015625 0.11640625 0.01171875 0.0328125
1 0.56953125 0.27578125 0.02578125 0.05859375
1 0.58203125 0.25 0.02578125 0.0484375
1 0.63359375 0.24375 0.021875 0.05
1 0.6171875 0.2328125 0.01640625 0.03125
1 0.6609375 0.19921875 0.0171875 0.0359375
1 0.6796875 0.21015625 0.021875 0.0515625
1 0.67421875 0.2765625 0.02734375 0.046875
1 0.70625 0.190625 0.0171875 0.04296875
1 0.73359375 0.140625 0.0125 0.0359375
1 0.7484375 0.1453125 0.009375 0.0296875
1 0.75703125 0.15859375 0.01640625 0.03125
1 0.7421875 0.18828125 0.015625 0.034375
1 0.75859375 0.2046875 0.01796875 0.03984375
1 0.76484375 0.25 0.0171875 0.04140625
1 0.7734375 0.3 0.03046875 0.05859375
1 0.734375 0.26640625 0.021875 0.053125
1 0.73046875 0.2453125 0.021875 0.04296875
1 0.82578125 0.3078125 0.02578125 0.05
1 0.79140625 0.21796875 0.01796875 0.0359375
1 0.84140625 0.23984375 0.01640625 0.04453125
1 0.8671875 0.271875 0.02734375 0.053125
1 0.90859375 0.35703125 0.02734375 0.065625
1 0.92109375 0.30625 0.01640625 0.05
1 0.89453125 0.24453125 0.01796875 0.03125
1 0.92109375 0.28359375 0.01953125 0.0359375
1 0.9328125 0.234375 0.0171875 0.04140625
1 0.94921875 0.2234375 0.009375 0.0296875
1 0.94765625 0.19296875 0.01171875 0.02734375
1 0.94921875 0.17265625 0.01640625 0.02734375
1 0.9140625 0.16640625 0.0140625 0.0296875
1 0.90625 0.1890625 0.0140625 0.0328125
1 0.84609375 0.20078125 0.02109375 0.0328125
1 0.81015625 0.16171875 0.0171875 0.034375
1 0.8015625 0.13671875 0.015625 0.0296875
1 0.778125 0.14296875 0.01640625 0.03125
1 0.82265625 0.146875 0.01171875 0.02421875
1 0.8390625 0.159375 0.01328125 0.0359375
1 0.85546875 0.15078125 0.01171875 0.01875
1 0.878125 0.171875 0.0140625 0.0296875
1 0.8921875 0.1546875 0.01171875 0.02265625
1 0.86015625 0.184375 0.0140625 0.03125