1 0.04375 0.19296875 0.0421875 0.059375
1 0.09140625 0.240625 0.05234375 0.059375
1 0.1359375 0.2703125 0.0578125 0.06640625
1 0.1 0.36484375 0.075 0.08515625
1 0.04765625 0.46875 0.0953125 0.121875
1 0.2875 0.428125 0.11484375 0.1296875
1 0.2546875 0.328125 0.06015625 0.078125
1 0.30234375 0.2015625 0.05 0.06328125
1 0.26015625 0.13515625 0.03984375 0.078125
1 0.36640625 0.15703125 0.04765625 0.0484375
1 0.39765625 0.18671875 0.05 0.06328125
1 0.4484375 0.17578125 0.0421875 0.05546875
1 0.42109375 0.25 0.0625 0.1
1 0.38984375 0.3609375 0.0796875 0.10703125
1 0.5171875 0.321875 0.0703125 0.10390625
1 0.5171875 0.13671875 0.03984375 0.059375
1 0.5171875 0.03671875 0.0453125 0.059375
1 0.55 0.1203125 0.03515625 0.06328125
1 0.6 0.16328125 0.0453125 0.08125
1 0.6359375 0.17578125 0.0578125 0.1
1 0.71875 0.27421875 0.0578125 0.0890625
1 0.64765625 0.44296875 0.1046875 0.159375
1 0.48515625 0.5796875 0.1453125 0.2109375
1 0.3703125 0.640625 0.1796875 0.23671875
1 0.7359375 0.2203125 0.0375 0.06328125
1 0.7296875 0.16328125 0.03515625 0.0515625
1 0.77734375 0.14453125 0.03515625 0.059375
1 0.84140625 0.25703125 0.0578125 0.08515625
1 0.89609375 0.21875 0.0671875 0.10390625
1 0.86484375 0.1703125 0.03515625 0.06640625