1 0.06875 0.41953125 0.04453125 0.0890625
1 0.25703125 0.27734375 0.01640625 0.0328125
1 0.29375 0.25078125 0.015625 0.034375
1 0.3015625 0.26171875 0.0171875 0.03828125
1 0.33515625 0.2765625 0.01953125 0.04140625
1 0.3296875 0.25078125 0.02109375 0.04453125
1 0.31796875 0.21875 0.0125 0.034375
1 0.34375 0.21796875 0.01640625 0.0296875
1 0.3515625 0.23359375 0.015625 0.03125
1 0.37265625 0.228125 0.01953125 0.0296875
1 0.38515625 0.19765625 0.01875 0.034375
1 0.4140625 0.2171875 0.015625 0.034375
1 0.4234375 0.2703125 0.03046875 0.0578125
1 0.4640625 0.2421875 0.01953125 0.04453125
1 0.44375 0.221875 0.01484375 0.04296875
1 0.40859375 0.16875 0.01484375 0.0234375
1 0.41875 0.18671875 0.015625 0.0265625
1 0.45078125 0.1671875 0.0125 0.0328125
1 0.46015625 0.190625 0.0203125 0.04140625
1 0.48046875 0.1984375 0.01640625 0.03671875
1 0.4734375 0.16640625 0.01484375 0.034375
1 0.446875 0.14765625 0.0125 0.028125
1 0.4625 0.15390625 0.0125 0.0296875
1 0.4828125 0.13046875 0.0140625 0.0265625
1 0.5203125 0.1671875 0.0140625 0.04296875
1 0.51875 0.13984375 0.0140625 0.028125
1 0.5234375 0.13125 0.0125 0.03125
1 0.53671875 0.18828125 0.01953125 0.04296875
1 0.53046875 0.16875 0.015625 0.0328125
1 0.546875 0.13671875 0.01171875 0.028125
1 0.55390625 0.11640625 0.0125 0.028125
1 0.56796875 0.14453125 0.01484375 0.034375
1 0.5625 0.17109375 0.0171875 0.034375
1 0.58125 0.1140625 0.01171875 0.0234375
1 0.584375 0.0984375 0.0125 0.025
1 0.61875 0.09609375 0.0109375 0.01640625
1 0.6171875 0.1171875 0.0109375 0.0234375
1 0.63125 0.1265625 0.0109375 0.03125
1 0.64140625 0.09765625 0.00859375 0.0265625
1 0.615625 0.14296875 0.01484375 0.03125
1 0.59375 0.20546875 0.01953125 0.03828125
1 0.56171875 0.234375 0.02109375 0.03984375
1 0.5546875 0.28359375 0.021875 0.04765625
1 0.48515625 0.29375 0.025 0.04765625
1 0.578125 0.35078125 0.03046875 0.05625
1 0.60390625 0.26015625 0.03046875 0.0578125
1 0.64609375 0.2203125 0.02265625 0.03828125
1 0.64140625 0.1796875 0.01953125 0.034375
1 0.65234375 0.26171875 0.02265625 0.0546875
1 0.6625 0.36015625 0.0328125 0.06640625
1 0.696875 0.28515625 0.02890625 0.0546875
1 0.68828125 0.22265625 0.02109375 0.04453125
1 0.7 0.18359375 0.0171875 0.03984375
1 0.6828125 0.14765625 0.01640625 0.04453125
1 0.66484375 0.12265625 0.01953125 0.0296875
1 0.6734375 0.1125 0.01484375 0.0265625
1 0.71875 0.13515625 0.0125 0.0328125
1 0.73359375 0.12578125 0.0140625 0.03984375
1 0.74140625 0.1140625 0.01015625 0.0265625
1 0.759375 0.13046875 0.015625 0.0328125
1 0.76875 0.125 0.0109375 0.03125
1 0.7859375 0.13828125 0.0109375 0.028125
1 0.734375 0.16875 0.0140625 0.03671875
1 0.72734375 0.1953125 0.01875 0.04296875
1 0.74921875 0.22421875 0.02421875 0.0515625
1 0.75078125 0.171875 0.0171875 0.0328125
1 0.78984375 0.17421875 0.01953125 0.03125
1 0.80390625 0.16484375 0.0140625 0.034375
1 0.7984375 0.1375 0.0125 0.0265625
1 0.82578125 0.14375 0.01640625 0.0296875
1 0.84921875 0.125 0.015625 0.028125
1 0.853125 0.16328125 0.01484375 0.0296875
1 0.83515625 0.165625 0.0140625 0.0265625
1 0.83046875 0.184375 0.0171875 0.034375
1 0.85625 0.228125 0.01640625 0.04921875
1 0.8796875 0.18984375 0.01640625 0.03671875
1 0.88671875 0.1328125 0.0109375 0.034375
1 0.8859375 0.165625 0.0109375 0.0234375
1 0.91328125 0.15625 0.01015625 0.025
1 0.909375 0.175 0.0140625 0.0328125
1 0.91328125 0.1953125 0.015625 0.0328125
1 0.9109375 0.271875 0.0203125 0.04765625
1 0.8078125 0.240625 0.025 0.0515625
1 0.77578125 0.2828125 0.025 0.053125