1 0.196875 0.40859375 0.05703125 0.10390625
1 0.27578125 0.25390625 0.01484375 0.028125
1 0.29296875 0.24375 0.01484375 0.03984375
1 0.30546875 0.25078125 0.01640625 0.0375
1 0.375 0.275 0.01796875 0.0328125
1 0.35546875 0.259375 0.009375 0.034375
1 0.384375 0.17890625 0.01796875 0.0359375
1 0.4046875 0.18515625 0.0140625 0.025
1 0.41640625 0.17421875 0.01875 0.0359375
1 0.42421875 0.159375 0.0140625 0.0265625
1 0.44296875 0.22109375 0.02265625 0.0375
1 0.45 0.18359375 0.02109375 0.0375
1 0.4703125 0.1390625 0.01328125 0.03125
1 0.471875 0.18515625 0.02265625 0.04140625
1 0.471875 0.21953125 0.015625 0.0375
1 0.4859375 0.14296875 0.0203125 0.0359375
1 0.49140625 0.1703125 0.0140625 0.03125
1 0.5015625 0.18515625 0.01953125 0.04140625
1 0.5234375 0.19296875 0.02578125 0.04453125
1 0.515625 0.15859375 0.01875 0.0375
1 0.51640625 0.13359375 0.0140625 0.0296875
1 0.52734375 0.1296875 0.02265625 0.0328125
1 0.540625 0.17109375 0.01640625 0.0359375
1 0.56484375 0.1671875 0.01640625 0.028125
1 0.5453125 0.125 0.0140625 0.0296875
1 0.559375 0.12421875 0.015625 0.028125
1 0.578125 0.13671875 0.01953125 0.03984375
1 0.5078125 0.296875 0.0328125 0.04765625
1 0.59609375 0.10390625 0.0140625 0.0265625
1 0.615625 0.09765625 0.01328125 0.02109375
1 0.6375 0.10546875 0.01953125 0.0359375
1 0.6125 0.14453125 0.01328125 0.02265625
1 0.65703125 0.11171875 0.0109375 0.03984375
1 0.65859375 0.13828125 0.0234375 0.03984375
1 0.628125 0.20234375 0.02265625 0.0359375
1 0.5703125 0.2375 0.01953125 0.034375
1 0.5625 0.29375 0.03046875 0.04140625
1 0.6296875 0.29296875 0.02734375 0.05234375
1 0.62578125 0.24453125 0.025 0.04140625
1 0.65625 0.2140625 0.02109375 0.03984375
1 0.70390625 0.09453125 0.0109375 0.028125
1 0.7 0.171875 0.02734375 0.04453125
1 0.696875 0.2328125 0.025 0.04453125
1 0.71953125 0.16171875 0.02265625 0.04453125
1 0.7265625 0.20390625 0.02265625 0.0328125
1 0.725 0.24921875 0.025 0.05078125
1 0.703125 0.30625 0.034375 0.05234375
1 0.74375 0.11796875 0.0140625 0.03125
1 0.7625 0.134375 0.01875 0.04140625
1 0.75078125 0.21484375 0.02109375 0.0578125
1 0.740625 0.36875 0.0421875 0.07578125
1 0.78828125 0.26484375 0.0296875 0.059375
1 0.78046875 0.19453125 0.025 0.05078125
1 0.78203125 0.1390625 0.01953125 0.04453125
1 0.80390625 0.14296875 0.01953125 0.03984375
1 0.8125 0.328125 0.0328125 0.0640625
1 0.84921875 0.2828125 0.02421875 0.04609375
1 0.81328125 0.24765625 0.02734375 0.04140625
1 0.83203125 0.19375 0.02421875 0.04609375
1 0.8328125 0.14609375 0.015625 0.0359375
1 0.83671875 0.12421875 0.01171875 0.03125
1 0.86328125 0.1234375 0.01171875 0.0265625
1 0.8578125 0.1453125 0.01484375 0.028125
1 0.89453125 0.140625 0.01015625 0.025
1 0.87734375 0.19609375 0.01953125 0.0328125
1 0.86328125 0.25546875 0.02265625 0.05390625
1 0.8875 0.36328125 0.03359375 0.06875
1 0.909375 0.2875 0.02109375 0.04921875
1 0.9140625 0.24375 0.015625 0.0296875
1 0.92421875 0.19765625 0.01328125 0.04296875
1 0.92734375 0.1578125 0.0109375 0.01953125
1 0.65546875 0.16640625 0.028125 0.04609375
1 0.3734375 0.24609375 0.01640625 0.03125