1 0.1703125 0.48203125 0.0421875 0.08046875
1 0.28125 0.24453125 0.01484375 0.03125
1 0.29453125 0.24140625 0.01875 0.034375
1 0.30859375 0.2515625 0.01953125 0.03828125
1 0.36484375 0.25625 0.01640625 0.034375
1 0.37265625 0.27734375 0.021875 0.04140625
1 0.36640625 0.19453125 0.015625 0.0359375
1 0.375 0.2109375 0.0171875 0.0328125
1 0.38984375 0.221875 0.0171875 0.03125
1 0.396875 0.19375 0.01640625 0.03125
1 0.40078125 0.16796875 0.01484375 0.0265625
1 0.41953125 0.1671875 0.01328125 0.028125
1 0.428125 0.1734375 0.01640625 0.03125
1 0.4421875 0.22265625 0.02109375 0.03984375
1 0.47109375 0.23046875 0.021875 0.0359375
1 0.4484375 0.18125 0.015625 0.0328125
1 0.4828125 0.19609375 0.0203125 0.03984375
1 0.47578125 0.17578125 0.0140625 0.028125
1 0.48125 0.16328125 0.01171875 0.0234375
1 0.4640625 0.13671875 0.01328125 0.0265625
1 0.50703125 0.1625 0.015625 0.028125
1 0.4796875 0.14453125 0.01328125 0.025
1 0.51171875 0.1453125 0.0140625 0.0296875
1 0.50703125 0.11875 0.0140625 0.0265625
1 0.52578125 0.13515625 0.0140625 0.0234375
1 0.5421875 0.1875 0.01640625 0.0359375
1 0.5765625 0.16328125 0.01640625 0.0359375
1 0.54921875 0.121875 0.01328125 0.0296875
1 0.559375 0.1296875 0.01328125 0.028125
1 0.58359375 0.115625 0.01171875 0.0265625
1 0.58984375 0.10625 0.01328125 0.028125
1 0.59765625 0.15 0.01875 0.0328125
1 0.6078125 0.12734375 0.0109375 0.028125
1 0.6140625 0.09921875 0.01171875 0.0234375
1 0.6359375 0.12734375 0.01328125 0.028125
1 0.6359375 0.1 0.01015625 0.025
1 0.66796875 0.1046875 0.0109375 0.028125
1 0.6953125 0.10234375 0.0140625 0.0265625
1 0.66484375 0.1578125 0.01640625 0.0328125
1 0.63828125 0.17265625 0.015625 0.0359375
1 0.60703125 0.20703125 0.021875 0.03828125
1 0.61953125 0.2421875 0.0234375 0.04921875
1 0.57265625 0.2359375 0.021875 0.03984375
1 0.49296875 0.3046875 0.0296875 0.0625
1 0.53125 0.3234375 0.02734375 0.0546875
1 0.6046875 0.31953125 0.03046875 0.0625
1 0.6734375 0.32265625 0.0390625 0.065625
1 0.7109375 0.2625 0.02734375 0.0546875
1 0.6953125 0.2328125 0.0171875 0.04140625
1 0.6546875 0.2109375 0.021875 0.04296875
1 0.7015625 0.17109375 0.0203125 0.04609375
1 0.72265625 0.1984375 0.0203125 0.04453125
1 0.7484375 0.2125 0.02109375 0.04921875
1 0.73046875 0.11640625 0.01640625 0.028125
1 0.7453125 0.13671875 0.015625 0.0328125
1 0.75625 0.12734375 0.01015625 0.03125
1 0.77109375 0.1375 0.01484375 0.03125
1 0.7734375 0.1875 0.01953125 0.03984375
1 0.78203125 0.2640625 0.02421875 0.04765625
1 0.73515625 0.35234375 0.03828125 0.07578125
1 0.80703125 0.3671875 0.03515625 0.065625
1 0.8875 0.36328125 0.03359375 0.07734375
1 0.8953125 0.30078125 0.0265625 0.0671875
1 0.90546875 0.25703125 0.01953125 0.04609375
1 0.91015625 0.2234375 0.0171875 0.03828125
1 0.91953125 0.196875 0.01328125 0.03828125
1 0.92109375 0.15703125 0.01484375 0.03125
1 0.89453125 0.1765625 0.0171875 0.03984375
1 0.8828125 0.15625 0.0140625 0.03984375
1 0.87421875 0.196875 0.01953125 0.03828125
1 0.86015625 0.25078125 0.0171875 0.04921875
1 0.83515625 0.2875 0.0265625 0.0546875
1 0.8015625 0.25234375 0.0234375 0.04296875
1 0.825 0.18828125 0.0171875 0.04140625
1 0.796875 0.14140625 0.015625 0.0296875
1 0.82578125 0.13671875 0.015625 0.0359375
1 0.84375 0.1671875 0.01640625 0.034375
1 0.85234375 0.14765625 0.0171875 0.03125
1 0.8625 0.12265625 0.0140625 0.03125