1 0.18984375 0.46796875 0.04375 0.084375
1 0.2859375 0.22578125 0.01953125 0.0359375
1 0.334375 0.21640625 0.01796875 0.0359375
1 0.35078125 0.2484375 0.01875 0.04296875
1 0.434375 0.25078125 0.0265625 0.046875
1 0.37421875 0.2796875 0.02421875 0.04140625
1 0.32421875 0.19765625 0.015625 0.03046875
1 0.3453125 0.19140625 0.015625 0.0359375
1 0.38046875 0.1875 0.015625 0.0359375
1 0.38984375 0.19921875 0.01796875 0.04140625
1 0.44296875 0.2109375 0.01953125 0.046875
1 0.41796875 0.1484375 0.01796875 0.02890625
1 0.43359375 0.16640625 0.015625 0.0390625
1 0.4453125 0.153125 0.01484375 0.034375
1 0.46796875 0.1671875 0.01875 0.0375
1 0.4734375 0.2109375 0.02421875 0.046875
1 0.51328125 0.2171875 0.02265625 0.04453125
1 0.5109375 0.178125 0.02109375 0.0375
1 0.4734375 0.13515625 0.01328125 0.0265625
1 0.4875 0.14375 0.01171875 0.0375
1 0.49375 0.12265625 0.015625 0.0265625
1 0.50625 0.140625 0.01796875 0.0375
1 0.53515625 0.1578125 0.0171875 0.03203125
1 0.5546875 0.19140625 0.025 0.0390625
1 0.584375 0.175 0.01875 0.03203125
1 0.5796875 0.14609375 0.01484375 0.03046875
1 0.5703125 0.146875 0.0109375 0.02890625
1 0.55859375 0.1359375 0.0109375 0.02109375
1 0.56015625 0.16015625 0.015625 0.03046875
1 0.54609375 0.13046875 0.01484375 0.02890625
1 0.52265625 0.12578125 0.0171875 0.03046875
1 0.578125 0.11484375 0.0140625 0.03203125
1 0.58984375 0.11640625 0.01015625 0.02890625
1 0.6 0.14375 0.015625 0.03046875
1 0.6203125 0.15234375 0.0171875 0.0359375
1 0.615625 0.11953125 0.0171875 0.02890625
1 0.63671875 0.11484375 0.0140625 0.02890625
1 0.65390625 0.13203125 0.0140625 0.03203125
1 0.65859375 0.0984375 0.015625 0.02890625
1 0.6734375 0.115625 0.01328125 0.03046875
1 0.68671875 0.11796875 0.01171875 0.02890625
1 0.696875 0.0984375 0.01328125 0.025
1 0.715625 0.09921875 0.015625 0.034375
1 0.5234375 0.27265625 0.03203125 0.06953125
1 0.54609375 0.2875 0.0265625 0.0625
1 0.5765625 0.234375 0.02890625 0.05
1 0.59921875 0.34140625 0.03359375 0.0640625
1 0.6265625 0.26796875 0.02890625 0.05
1 0.6375 0.21171875 0.01953125 0.04453125
1 0.6828125 0.2796875 0.028125 0.0625
1 0.70078125 0.3140625 0.03046875 0.06953125
1 0.68828125 0.171875 0.02265625 0.04296875
1 0.70859375 0.1875 0.02265625 0.046875
1 0.73359375 0.228125 0.01953125 0.0515625
1 0.74921875 0.203125 0.01796875 0.04453125
1 0.76015625 0.1796875 0.01796875 0.034375
1 0.7296875 0.14140625 0.01796875 0.0390625
1 0.75703125 0.13828125 0.015625 0.034375
1 0.7703125 0.1578125 0.01796875 0.0390625
1 0.76640625 0.125 0.0140625 0.025
1 0.78984375 0.13046875 0.01796875 0.0359375
1 0.815625 0.15234375 0.01796875 0.0359375
1 0.77421875 0.24140625 0.02578125 0.05390625
1 0.79609375 0.25078125 0.028125 0.05390625
1 0.80234375 0.2203125 0.021875 0.04296875
1 0.71328125 0.2890625 0.0265625 0.0484375
1 0.78125 0.4 0.03515625 0.0765625
1 0.82734375 0.41328125 0.03515625 0.071875
1 0.90234375 0.42421875 0.03515625 0.08203125
1 0.91640625 0.35546875 0.028125 0.06640625
1 0.93359375 0.30859375 0.02578125 0.059375
1 0.93125 0.23359375 0.021875 0.0484375
1 0.8890625 0.23828125 0.01875 0.04296875
1 0.8671875 0.28203125 0.025 0.0515625
1 0.84453125 0.32734375 0.03203125 0.0640625
1 0.79609375 0.315625 0.028125 0.0625