1 0.134375 0.2859375 0.01953125 0.03828125
1 0.36875 0.2265625 0.02578125 0.059375
1 0.4078125 0.1953125 0.0203125 0.03984375
1 0.4328125 0.253125 0.02421875 0.05
1 0.39921875 0.3359375 0.034375 0.05625
1 0.49140625 0.28359375 0.028125 0.0546875
1 0.4546875 0.221875 0.02421875 0.04609375
1 0.478125 0.184375 0.0203125 0.03828125
1 0.4890625 0.15078125 0.0140625 0.03671875
1 0.4984375 0.184375 0.0203125 0.04140625
1 0.62890625 0.24140625 0.02421875 0.053125
1 0.57109375 0.13359375 0.01796875 0.03125
1 0.69375 0.1890625 0.01953125 0.05