1 0.23984375 0.4078125 0.06328125 0.13984375
1 0.328125 0.49453125 0.065625 0.13828125
1 0.26328125 0.15546875 0.0171875 0.03125
1 0.32890625 0.234375 0.028125 0.0578125
1 0.41171875 0.26640625 0.025 0.05234375
1 0.40625 0.20625 0.01875 0.03828125
1 0.44453125 0.19765625 0.01640625 0.034375
1 0.4671875 0.2265625 0.01875 0.0453125
1 0.59140625 0.24609375 0.025 0.05234375
1 0.62890625 0.2421875 0.02890625 0.06875
1 0.60390625 0.12109375 0.01328125 0.02734375
1 0.6078125 0.1046875 0.0109375 0.0234375
1 0.63515625 0.1171875 0.01171875 0.02734375
1 0.66015625 0.115625 0.0140625 0.02734375