1 0.43515625 0.225 0.03046875 0.059375
1 0.390625 0.2453125 0.0203125 0.0453125
1 0.396875 0.21484375 0.0171875 0.0328125
1 0.38671875 0.19140625 0.0171875 0.03984375
1 0.384375 0.17421875 0.01953125 0.03046875
1 0.35078125 0.19609375 0.01953125 0.04140625
1 0.428125 0.18203125 0.01796875 0.034375
1 0.42890625 0.15859375 0.015625 0.0234375
1 0.46015625 0.15703125 0.01328125 0.025
1 0.465625 0.16796875 0.01640625 0.0328125
1 0.47734375 0.18359375 0.0171875 0.04140625
1 0.475 0.23046875 0.01796875 0.0484375
1 0.48515625 0.1609375 0.0140625 0.02890625
1 0.47421875 0.1359375 0.0125 0.021875
1 0.4859375 0.14140625 0.0125 0.025
1 0.49609375 0.12890625 0.0125 0.02734375
1 0.509375 0.196875 0.01796875 0.046875
1 0.52578125 0.16796875 0.01640625 0.0359375
1 0.54921875 0.1765625 0.0171875 0.0453125
1 0.54453125 0.19609375 0.015625 0.04140625
1 0.56640625 0.2515625 0.02578125 0.046875
1 0.546875 0.14609375 0.015625 0.025
1 0.5796875 0.1171875 0.015625 0.021875
1 0.58828125 0.08125 0.015625 0.0328125
1 0.61015625 0.0765625 0.0109375 0.0234375
1 0.62734375 0.1265625 0.0140625 0.0328125
1 0.58984375 0.13203125 0.0125 0.025
1 0.59453125 0.15078125 0.01328125 0.03046875
1 0.5828125 0.171875 0.01640625 0.0328125
1 0.659375 0.13828125 0.01328125 0.02734375
1 0.6859375 0.128125 0.01328125 0.0328125
1 0.7078125 0.11640625 0.0125 0.02734375
1 0.65 0.2046875 0.01796875 0.04375
1 0.67265625 0.19609375 0.01640625 0.04140625
1 0.61171875 0.2578125 0.028125 0.04140625
1 0.64140625 0.30078125 0.0234375 0.05234375
1 0.67109375 0.34296875 0.0296875 0.0703125
1 0.7203125 0.2984375 0.0265625 0.0578125
1 0.7109375 0.1953125 0.0171875 0.04375
1 0.70625 0.1609375 0.015625 0.0328125
1 0.7234375 0.1546875 0.015625 0.034375
1 0.73984375 0.17109375 0.01640625 0.03828125
1 0.7515625 0.14140625 0.0109375 0.0328125
1 0.76015625 0.1703125 0.0140625 0.0328125
1 0.75 0.203125 0.015625 0.03828125
1 0.75703125 0.24921875 0.01796875 0.046875
1 0.78515625 0.13359375 0.01328125 0.0359375
1 0.803125 0.16484375 0.01328125 0.02890625
1 0.78515625 0.18828125 0.0125 0.0359375
1 0.78515625 0.228125 0.01640625 0.0328125
1 0.8328125 0.1828125 0.01328125 0.0328125
1 0.8453125 0.159375 0.0125 0.0328125
1 0.86484375 0.1859375 0.01328125 0.0328125
1 0.87265625 0.171875 0.0109375 0.0359375
1 0.83828125 0.22265625 0.0140625 0.0359375
1 0.8203125 0.26015625 0.02265625 0.03984375
1 0.878125 0.28671875 0.0203125 0.0484375
1 0.88984375 0.25390625 0.0171875 0.0484375
1 0.896875 0.21328125 0.01640625 0.046875
1 0.90546875 0.19765625 0.0140625 0.04140625
1 0.8609375 0.3296875 0.02578125 0.05625
1 0.9203125 0.31171875 0.01796875 0.05625
1 0.9421875 0.23046875 0.01328125 0.034375
1 0.9515625 0.2171875 0.015625 0.03984375
1 0.9421875 0.1875 0.0140625 0.034375
1 0.940625 0.17265625 0.0109375 0.02734375