1 0.765625 0.3203125 0.0453125 0.08046875
1 0.3234375 0.2171875 0.0171875 0.02578125
1 0.371875 0.203125 0.0171875 0.03125
1 0.37578125 0.18046875 0.0171875 0.03359375
1 0.41328125 0.1796875 0.0203125 0.03125
1 0.4375 0.18046875 0.0171875 0.028125
1 0.4421875 0.159375 0.01640625 0.028125
1 0.4375 0.14453125 0.0171875 0.0234375
1 0.465625 0.22109375 0.02265625 0.04765625
1 0.471875 0.16875 0.01640625 0.03359375
1 0.47421875 0.13515625 0.01171875 0.0234375
1 0.4984375 0.14140625 0.01640625 0.02578125
1 0.49609375 0.1796875 0.01875 0.040625
1 0.50390625 0.19375 0.01640625 0.040625
1 0.50234375 0.125 0.0109375 0.02578125
1 0.53125 0.128125 0.01171875 0.0234375
1 0.5265625 0.16953125 0.01640625 0.03125
1 0.50625 0.16484375 0.01484375 0.03125
1 0.54375 0.18671875 0.0171875 0.03125
1 0.5578125 0.1921875 0.01875 0.04296875
1 0.57578125 0.23984375 0.028125 0.06171875
1 0.58125 0.1875 0.01484375 0.03359375
1 0.540625 0.153125 0.0171875 0.0359375
1 0.5546875 0.11875 0.01328125 0.028125
1 0.56953125 0.13984375 0.0109375 0.028125
1 0.57890625 0.14609375 0.01328125 0.03125
1 0.58359375 0.128125 0.01484375 0.03359375
1 0.596875 0.13984375 0.0171875 0.03359375
1 0.6140625 0.109375 0.01328125 0.0234375
1 0.6296875 0.1328125 0.01171875 0.0234375
1 0.62421875 0.15234375 0.01484375 0.0234375
1 0.621875 0.17109375 0.01640625 0.03828125
1 0.59296875 0.16953125 0.01484375 0.02578125
1 0.62109375 0.21484375 0.0203125 0.040625
1 0.6578125 0.19453125 0.0203125 0.04296875
1 0.6671875 0.23046875 0.02265625 0.04765625
1 0.66015625 0.12265625 0.009375 0.02109375
1 0.6671875 0.1390625 0.01328125 0.02578125
1 0.6765625 0.1125 0.0109375 0.03125
1 0.6859375 0.14765625 0.01484375 0.0234375
1 0.70546875 0.12265625 0.01328125 0.03125
1 0.69609375 0.1796875 0.01484375 0.03125
1 0.696875 0.24453125 0.0265625 0.04296875
1 0.7140625 0.19375 0.0171875 0.040625
1 0.725 0.14765625 0.01640625 0.03359375
1 0.74296875 0.15078125 0.01328125 0.03125
1 0.76328125 0.13984375 0.01484375 0.028125
1 0.78046875 0.15234375 0.01484375 0.03359375
1 0.796875 0.14140625 0.01171875 0.02578125
1 0.8328125 0.13515625 0.01640625 0.028125
1 0.8546875 0.1421875 0.01171875 0.03359375
1 0.87421875 0.1578125 0.01328125 0.03125
1 0.81171875 0.1625 0.01484375 0.03125
1 0.7921875 0.16953125 0.01640625 0.03125
1 0.77109375 0.1875 0.01875 0.03359375
1 0.73828125 0.178125 0.01875 0.03359375
1 0.80078125 0.209375 0.0171875 0.03828125
1 0.8125 0.203125 0.01640625 0.040625
1 0.8375 0.18203125 0.01484375 0.0359375
1 0.85703125 0.209375 0.01484375 0.03828125
1 0.88515625 0.23515625 0.0171875 0.03828125
1 0.88125 0.2734375 0.0203125 0.04765625
1 0.91328125 0.25390625 0.0203125 0.04765625
1 0.92109375 0.18046875 0.01640625 0.03359375
1 0.93828125 0.19140625 0.01328125 0.0359375
1 0.9375 0.22890625 0.0171875 0.0453125
1 0.95078125 0.1796875 0.01484375 0.0359375