1 0.10625 0.29453125 0.0234375 0.0484375
1 0.1328125 0.30078125 0.0265625 0.0515625
1 0.3265625 0.22265625 0.015625 0.028125
1 0.35 0.221875 0.01953125 0.0296875
1 0.35234375 0.25703125 0.0203125 0.03984375
1 0.37734375 0.23515625 0.01953125 0.03671875
1 0.390625 0.284375 0.025 0.0515625
1 0.3609375 0.30546875 0.02421875 0.0453125
1 0.3828125 0.184375 0.01328125 0.03203125
1 0.39609375 0.18359375 0.015625 0.03359375
1 0.42109375 0.18671875 0.01484375 0.03359375
1 0.4484375 0.1828125 0.0171875 0.03828125
1 0.46015625 0.19921875 0.0171875 0.03203125
1 0.46640625 0.23203125 0.02265625 0.05
1 0.4734375 0.1953125 0.01796875 0.03671875
1 0.4890625 0.1515625 0.01875 0.03359375
1 0.5203125 0.171875 0.01875 0.03671875
1 0.55078125 0.1578125 0.01796875 0.03203125
1 0.4921875 0.29765625 0.02890625 0.0515625
1 0.575 0.1296875 0.01796875 0.03359375
1 0.5890625 0.159375 0.021875 0.04140625
1 0.6265625 0.19765625 0.01953125 0.03828125
1 0.61796875 0.24921875 0.02421875 0.0515625
1 0.6546875 0.271875 0.0296875 0.05703125
1 0.66015625 0.20546875 0.021875 0.04140625
1 0.684375 0.221875 0.0265625 0.05
1 0.69453125 0.1609375 0.01953125 0.03828125
1 0.7328125 0.20078125 0.0234375 0.04140625
1 0.76875 0.165625 0.01953125 0.04140625
1 0.753125 0.24140625 0.021875 0.046875
1 0.70859375 0.27734375 0.025 0.0546875
1 0.7578125 0.3109375 0.02890625 0.0546875
1 0.8359375 0.32421875 0.03125 0.06171875
1 0.9203125 0.23046875 0.02421875 0.0484375