1 0.2015625 0.3609375 0.040625 0.08203125
1 0.2921875 0.21484375 0.01640625 0.03515625
1 0.33046875 0.2203125 0.01953125 0.03515625
1 0.3421875 0.20234375 0.01875 0.03203125
1 0.34609375 0.18046875 0.01640625 0.02578125
1 0.35625 0.225 0.01796875 0.03359375
1 0.38046875 0.24453125 0.021875 0.0390625
1 0.37890625 0.2234375 0.01875 0.03359375
1 0.390625 0.18984375 0.01796875 0.03359375
1 0.409375 0.203125 0.01640625 0.0375
1 0.41484375 0.18984375 0.01640625 0.0375
1 0.4140625 0.1609375 0.01640625 0.03515625
1 0.4421875 0.165625 0.01796875 0.0375
1 0.4375 0.2296875 0.02109375 0.046875
1 0.44375 0.2140625 0.01953125 0.040625
1 0.4828125 0.2171875 0.021875 0.0390625
1 0.48203125 0.17109375 0.01328125 0.0296875
1 0.4703125 0.15 0.01328125 0.028125
1 0.4546875 0.14375 0.01484375 0.0296875
1 0.4671875 0.13046875 0.01171875 0.02578125
1 0.49140625 0.1328125 0.009375 0.0203125
1 0.49140625 0.15546875 0.01640625 0.03203125
1 0.52109375 0.171875 0.01484375 0.0390625
1 0.53359375 0.18828125 0.015625 0.0375
1 0.5015625 0.1171875 0.01328125 0.0296875
1 0.5234375 0.12578125 0.01171875 0.028125
1 0.53984375 0.1421875 0.015625 0.03203125
1 0.553125 0.159375 0.015625 0.0390625
1 0.5453125 0.1265625 0.0125 0.02578125
1 0.584375 0.171875 0.02109375 0.03515625
1 0.5796875 0.1171875 0.0125 0.0296875
1 0.5921875 0.1078125 0.009375 0.0296875
1 0.60234375 0.11796875 0.0125 0.028125
1 0.61328125 0.10859375 0.01171875 0.02421875
1 0.625 0.1109375 0.01171875 0.028125
1 0.615625 0.14765625 0.015625 0.03203125
1 0.5703125 0.24375 0.025 0.05234375
1 0.58125 0.2765625 0.02734375 0.0578125
1 0.49140625 0.28515625 0.028125 0.06328125
1 0.609375 0.321875 0.03203125 0.06328125
1 0.63046875 0.21875 0.02109375 0.046875
1 0.64375 0.2265625 0.021875 0.05390625
1 0.64609375 0.12734375 0.01484375 0.03203125
1 0.6640625 0.1 0.0125 0.028125
1 0.66484375 0.1390625 0.01640625 0.03203125
1 0.68203125 0.12734375 0.015625 0.028125
1 0.68984375 0.1 0.01015625 0.028125
1 0.7140625 0.11171875 0.01640625 0.0296875
1 0.69609375 0.15 0.01640625 0.03203125
1 0.671875 0.1796875 0.01640625 0.0390625
1 0.68046875 0.24375 0.025 0.05625
1 0.69140625 0.30078125 0.03046875 0.06171875
1 0.7234375 0.29765625 0.02421875 0.05625
1 0.74765625 0.37578125 0.03515625 0.07421875
1 0.73828125 0.228125 0.02421875 0.046875
1 0.71796875 0.175 0.02109375 0.040625
1 0.746875 0.165625 0.02109375 0.0375
1 0.75546875 0.17890625 0.01953125 0.04453125
1 0.75234375 0.125 0.01484375 0.02578125
1 0.77734375 0.1390625 0.015625 0.03515625
1 0.8 0.1703125 0.01484375 0.03515625
1 0.79765625 0.22265625 0.02109375 0.04296875
1 0.76953125 0.24609375 0.02109375 0.0484375
1 0.796875 0.2875 0.02578125 0.05390625
1 0.8171875 0.2515625 0.025 0.05234375
1 0.83203125 0.31171875 0.025 0.0765625
1 0.81484375 0.39140625 0.034375 0.07109375
1 0.89765625 0.43828125 0.040625 0.0875
1 0.9171875 0.3359375 0.03203125 0.06484375
1 0.9203125 0.29140625 0.02265625 0.046875
1 0.92578125 0.22421875 0.01796875 0.04296875
1 0.88203125 0.2265625 0.02421875 0.046875
1 0.86875 0.27734375 0.021875 0.05234375