1 0.18671875 0.3625 0.05 0.0671875
1 0.31484375 0.21015625 0.015625 0.03203125
1 0.3328125 0.22578125 0.015625 0.02734375
1 0.35390625 0.2265625 0.0140625 0.02890625
1 0.36875 0.25546875 0.0125 0.0390625
1 0.4171875 0.24140625 0.01796875 0.03671875
1 0.37421875 0.20078125 0.01953125 0.03359375
1 0.396875 0.19921875 0.01328125 0.040625
1 0.32734375 0.18203125 0.01640625 0.0234375
1 0.34375 0.2015625 0.0125 0.021875
1 0.41640625 0.16953125 0.01171875 0.025
1 0.42265625 0.1484375 0.009375 0.0203125
1 0.44609375 0.16796875 0.0140625 0.02890625
1 0.425 0.2015625 0.0140625 0.03203125
1 0.4484375 0.2234375 0.01328125 0.03515625
1 0.48046875 0.23359375 0.0203125 0.03515625
1 0.50703125 0.18203125 0.015625 0.03359375
1 0.4796875 0.18984375 0.01328125 0.025
1 0.4640625 0.14296875 0.00859375 0.0234375
1 0.49296875 0.14140625 0.0125 0.0171875
1 0.5109375 0.15078125 0.01328125 0.02890625
1 0.5140625 0.12421875 0.01171875 0.01875
1 0.53203125 0.128125 0.0125 0.0203125
1 0.52421875 0.17109375 0.009375 0.025
1 0.55234375 0.1609375 0.01328125 0.01875
1 0.5671875 0.14921875 0.01171875 0.021875
1 0.54609375 0.13125 0.009375 0.0203125
1 0.58046875 0.12421875 0.0109375 0.01875
1 0.5890625 0.115625 0.009375 0.01875
1 0.603125 0.13203125 0.01171875 0.02890625
1 0.61796875 0.11484375 0.01171875 0.0234375
1 0.6296875 0.12890625 0.0109375 0.025
1 0.640625 0.11953125 0.009375 0.0203125
1 0.62734375 0.1578125 0.0125 0.025
1 0.49609375 0.2796875 0.021875 0.046875
1 0.54453125 0.2890625 0.01796875 0.0453125
1 0.603125 0.33125 0.02421875 0.04921875
1 0.57578125 0.24453125 0.01796875 0.040625
1 0.54921875 0.190625 0.0140625 0.03046875
1 0.58671875 0.171875 0.0171875 0.02734375
1 0.66953125 0.178125 0.0140625 0.03515625
1 0.66875 0.103125 0.00703125 0.0203125
1 0.690625 0.1203125 0.0125 0.021875
1 0.6984375 0.10859375 0.009375 0.025
1 0.7265625 0.1109375 0.0125 0.0203125
1 0.73984375 0.1484375 0.009375 0.03046875
1 0.75234375 0.1359375 0.01171875 0.02890625
1 0.6328125 0.23671875 0.01640625 0.0453125
1 0.6875 0.265625 0.01953125 0.03515625
1 0.69453125 0.30703125 0.02109375 0.046875
1 0.7359375 0.284375 0.01640625 0.04921875
1 0.7453125 0.3921875 0.02890625 0.0625
1 0.81484375 0.40625 0.025 0.0640625
1 0.89765625 0.428125 0.0328125 0.07109375
1 0.915625 0.34921875 0.01796875 0.046875
1 0.84609375 0.315625 0.02109375 0.0609375
1 0.79140625 0.3078125 0.0234375 0.0453125
1 0.7609375 0.265625 0.0140625 0.0453125
1 0.72890625 0.23125 0.0171875 0.03671875
1 0.72265625 0.1875 0.0140625 0.02734375
1 0.7046875 0.159375 0.01640625 0.025
1 0.7515625 0.178125 0.00703125 0.03203125
1 0.7640625 0.18515625 0.01171875 0.03359375
1 0.8 0.1546875 0.0109375 0.02890625
1 0.81796875 0.15859375 0.01171875 0.03046875
1 0.81015625 0.24453125 0.01953125 0.03671875
1 0.8140625 0.20546875 0.01328125 0.0234375
1 0.878125 0.25703125 0.015625 0.0453125
1 0.89296875 0.23203125 0.0171875 0.0390625
1 0.93046875 0.21875 0.01328125 0.03515625
1 0.93046875 0.28515625 0.01640625 0.046875
1 0.78359375 0.1453125 0.01328125 0.03046875