1 0.21328125 0.61796875 0.10546875 0.14609375
1 0.32890625 0.3140625 0.06015625 0.08125
1 0.41171875 0.559375 0.11171875 0.1546875
1 0.55078125 0.52421875 0.06953125 0.1046875
1 0.590625 0.8546875 0.259375 0.2859375
1 0.6609375 0.575 0.075 0.10625
1 0.70859375 0.53671875 0.05703125 0.0875
1 0.690625 0.409375 0.04375 0.0625
1 0.75625 0.6109375 0.10078125 0.15234375
1 0.8015625 0.559375 0.07109375 0.1
1 0.82890625 0.50078125 0.06015625 0.09609375
1 0.91875 0.61171875 0.10390625 0.1421875
1 0.9140625 0.52890625 0.0875 0.10625