1 0.021875 0.40625 0.02421875 0.04609375
1 0.23515625 0.33984375 0.015625 0.03359375
1 0.26171875 0.35 0.0203125 0.0390625
1 0.2859375 0.36484375 0.0203125 0.04609375
1 0.28203125 0.309375 0.01796875 0.03359375
1 0.33671875 0.36328125 0.02421875 0.04609375
1 0.3734375 0.35 0.01875 0.03671875
1 0.3703125 0.32421875 0.01640625 0.03359375
1 0.3546875 0.29375 0.0171875 0.03359375
1 0.40078125 0.34140625 0.01953125 0.03671875
1 0.40703125 0.30234375 0.01484375 0.03125
1 0.39921875 0.278125 0.01640625 0.03125
1 0.3828125 0.265625 0.01484375 0.03125
1 0.425 0.28203125 0.01796875 0.028125
1 0.440625 0.30859375 0.01953125 0.040625
1 0.4421875 0.340625 0.01953125 0.04375
1 0.46796875 0.30625 0.01953125 0.03671875
1 0.42109375 0.26171875 0.01328125 0.02109375
1 0.45546875 0.24765625 0.0140625 0.0265625
1 0.4640625 0.23828125 0.01328125 0.02421875
1 0.48984375 0.27421875 0.01796875 0.03359375
1 0.51015625 0.28125 0.01796875 0.0296875
1 0.515625 0.315625 0.01875 0.03203125
1 0.51328125 0.25234375 0.01484375 0.0265625
1 0.53203125 0.2546875 0.015625 0.03515625
1 0.55546875 0.28671875 0.01640625 0.03359375
1 0.54609375 0.23046875 0.01484375 0.03359375
1 0.5640625 0.246875 0.01484375 0.0265625
1 0.5640625 0.228125 0.0109375 0.02421875
1 0.59140625 0.2484375 0.0140625 0.025
1 0.596875 0.22734375 0.01328125 0.025
1 0.60390625 0.20859375 0.01171875 0.0296875
1 0.61796875 0.21875 0.0171875 0.0296875
1 0.63671875 0.25 0.01484375 0.03125
1 0.64609375 0.2359375 0.01328125 0.025
1 0.65234375 0.22109375 0.01171875 0.02109375
1 0.6640625 0.22734375 0.01328125 0.028125
1 0.67734375 0.2328125 0.0109375 0.028125
1 0.49765625 0.3953125 0.028125 0.06328125
1 0.53671875 0.40390625 0.02890625 0.0578125
1 0.5328125 0.36875 0.02578125 0.04609375
1 0.5578125 0.2671875 0.01640625 0.025
1 0.58515625 0.328125 0.0203125 0.040625
1 0.60234375 0.378125 0.0296875 0.05234375
1 0.6046875 0.43359375 0.03359375 0.065625
1 0.6609375 0.446875 0.034375 0.0671875
1 0.6546875 0.378125 0.02578125 0.0546875
1 0.640625 0.3375 0.01796875 0.040625
1 0.62578125 0.29921875 0.02265625 0.0390625
1 0.67265625 0.26953125 0.01953125 0.03671875
1 0.69453125 0.25234375 0.01640625 0.0296875
1 0.67265625 0.31953125 0.01796875 0.03828125
1 0.684375 0.35 0.02265625 0.04765625
1 0.70625 0.5078125 0.040625 0.08828125
1 0.7125 0.296875 0.021875 0.04375
1 0.73671875 0.27265625 0.0171875 0.03125
1 0.7328125 0.221875 0.0109375 0.03125
1 0.75546875 0.28515625 0.01484375 0.03671875
1 0.76328125 0.26328125 0.015625 0.03515625
1 0.77109375 0.23203125 0.015625 0.03125
1 0.7984375 0.25 0.0171875 0.03359375
1 0.80390625 0.30234375 0.02109375 0.03359375
1 0.80859375 0.275 0.0171875 0.03359375
1 0.80078125 0.365625 0.021875 0.04921875
1 0.77890625 0.40625 0.02734375 0.05234375
1 0.73203125 0.40703125 0.028125 0.053125
1 0.82578125 0.51875 0.0359375 0.065625
1 0.8328125 0.4484375 0.02890625 0.0578125
1 0.8453125 0.41796875 0.021875 0.04921875
1 0.8609375 0.3703125 0.021875 0.05234375
1 0.89609375 0.4671875 0.02890625 0.065625
1 0.9015625 0.39765625 0.025 0.05625
1 0.91171875 0.35703125 0.01953125 0.03671875
1 0.91015625 0.3296875 0.015625 0.03671875
1 0.91953125 0.315625 0.01328125 0.028125
1 0.9203125 0.28359375 0.01484375 0.028125
1 0.88125 0.29453125 0.01640625 0.03515625
1 0.86015625 0.31796875 0.01640625 0.03515625
1 0.83359375 0.31328125 0.0171875 0.0390625
1 0.84140625 0.28671875 0.01796875 0.03359375
1 0.83515625 0.2546875 0.01484375 0.0296875
1 0.846875 0.265625 0.0109375 0.03125
1 0.8609375 0.26015625 0.01328125 0.028125