1 0.1078125 0.25703125 0.025 0.0546875
1 0.29453125 0.23046875 0.015625 0.03671875
1 0.2984375 0.20625 0.0171875 0.03359375
1 0.31796875 0.22421875 0.01875 0.03671875
1 0.334375 0.22890625 0.01953125 0.03984375
1 0.34921875 0.175 0.01484375 0.03515625
1 0.36015625 0.19765625 0.01796875 0.03828125
1 0.3828125 0.19765625 0.015625 0.03515625
1 0.3859375 0.23125 0.01875 0.0453125
1 0.39921875 0.2046875 0.015625 0.03671875
1 0.4140625 0.25703125 0.01953125 0.0453125
1 0.41875 0.23046875 0.0203125 0.03984375
1 0.453125 0.19453125 0.0171875 0.03828125
1 0.47578125 0.19921875 0.01953125 0.0484375
1 0.40859375 0.16015625 0.0125 0.02421875
1 0.43203125 0.16171875 0.015625 0.03359375
1 0.45078125 0.159375 0.0140625 0.03203125
1 0.49609375 0.1359375 0.0140625 0.02734375
1 0.503125 0.15078125 0.01484375 0.02578125
1 0.5078125 0.175 0.01796875 0.03203125
1 0.534375 0.1703125 0.015625 0.03515625
1 0.5671875 0.1796875 0.01875 0.03828125
1 0.57890625 0.15703125 0.015625 0.03359375
1 0.5796875 0.13828125 0.01796875 0.02890625
1 0.56171875 0.13828125 0.0125 0.02578125
1 0.56171875 0.12109375 0.01328125 0.01796875
1 0.5484375 0.14921875 0.01484375 0.03203125
1 0.5390625 0.1296875 0.01484375 0.02734375
1 0.51015625 0.1203125 0.0109375 0.02265625
1 0.6078125 0.1515625 0.0140625 0.03046875
1 0.62578125 0.11484375 0.0125 0.02734375
1 0.6359375 0.13125 0.01484375 0.03046875
1 0.62734375 0.1578125 0.01484375 0.02890625
1 0.65234375 0.15546875 0.01484375 0.03046875
1 0.6703125 0.14140625 0.01328125 0.03515625
1 0.66015625 0.1125 0.01328125 0.02578125
1 0.67109375 0.109375 0.009375 0.02890625
1 0.7 0.10859375 0.01015625 0.02421875
1 0.69296875 0.13046875 0.0171875 0.02890625
1 0.7234375 0.115625 0.0140625 0.02890625
1 0.67578125 0.17734375 0.01953125 0.03359375
1 0.63984375 0.21015625 0.01796875 0.03984375
1 0.60625 0.22578125 0.02734375 0.04375
1 0.61171875 0.12109375 0.01015625 0.01796875
1 0.65390625 0.24609375 0.02734375 0.0484375
1 0.696875 0.221875 0.021875 0.0421875
1 0.70703125 0.25 0.0234375 0.046875
1 0.7125 0.31328125 0.0359375 0.07109375
1 0.75703125 0.36796875 0.02890625 0.07109375
1 0.715625 0.1765625 0.015625 0.03203125
1 0.7328125 0.1796875 0.015625 0.03828125
1 0.75234375 0.17265625 0.015625 0.03984375
1 0.75 0.1453125 0.01484375 0.03984375
1 0.77265625 0.1953125 0.01875 0.03984375
1 0.7484375 0.23671875 0.025 0.0515625
1 0.78046875 0.2453125 0.0234375 0.053125
1 0.77578125 0.13203125 0.0140625 0.03515625
1 0.80078125 0.13046875 0.01015625 0.02890625
1 0.803125 0.14921875 0.0140625 0.03203125
1 0.8125 0.16484375 0.0171875 0.03359375
1 0.821875 0.13984375 0.0109375 0.02890625
1 0.815625 0.28203125 0.02734375 0.053125
1 0.853125 0.253125 0.0234375 0.05
1 0.8171875 0.20078125 0.01875 0.03828125
1 0.83671875 0.2015625 0.01484375 0.03359375
1 0.85 0.17109375 0.0140625 0.03359375
1 0.85859375 0.159375 0.01328125 0.02890625
1 0.85234375 0.134375 0.0125 0.02734375
1 0.8734375 0.15 0.0125 0.03046875
1 0.88984375 0.18359375 0.01875 0.0421875
1 0.89296875 0.16171875 0.015625 0.02734375
1 0.9 0.22734375 0.01875 0.03984375
1 0.859375 0.21484375 0.01484375 0.03046875
1 0.9140625 0.21328125 0.01796875 0.04375
1 0.9296875 0.1859375 0.01328125 0.03046875
1 0.934375 0.1578125 0.01484375 0.02890625
1 0.9546875 0.20546875 0.01484375 0.03828125
1 0.946875 0.2484375 0.01875 0.04375
1 0.9203125 0.34921875 0.028125 0.0609375
1 0.9703125 0.190625 0.01328125 0.03671875