1 0.21328125 0.4515625 0.0421875 0.0921875
1 0.24765625 0.37890625 0.04140625 0.0921875
1 0.225 0.22109375 0.01484375 0.0265625
1 0.2890625 0.246875 0.01640625 0.0265625
1 0.33515625 0.28125 0.02109375 0.034375
1 0.35625 0.2546875 0.01484375 0.034375
1 0.4328125 0.28203125 0.021875 0.03984375
1 0.45234375 0.221875 0.01484375 0.03125
1 0.4296875 0.215625 0.01484375 0.0265625
1 0.3890625 0.1875 0.01484375 0.0296875
1 0.453125 0.18515625 0.0171875 0.03125
1 0.47734375 0.19921875 0.0140625 0.0234375
1 0.4609375 0.13984375 0.0109375 0.0234375
1 0.4734375 0.15234375 0.0140625 0.02109375
1 0.484375 0.1640625 0.01484375 0.01796875
1 0.51328125 0.171875 0.01015625 0.025
1 0.528125 0.20234375 0.01875 0.0296875
1 0.4890625 0.1328125 0.0109375 0.01796875
1 0.53515625 0.13828125 0.01640625 0.0296875
1 0.565625 0.14609375 0.0140625 0.028125
1 0.5859375 0.1578125 0.0125 0.0296875
1 0.57890625 0.11015625 0.01328125 0.01953125
1 0.6671875 0.05 0.01484375 0.03125
1 0.69765625 0.09296875 0.0125 0.025
1 0.48671875 0.32109375 0.02578125 0.04609375
1 0.62109375 0.24453125 0.02421875 0.04765625
1 0.66953125 0.25625 0.01875 0.04765625
1 0.72578125 0.2828125 0.02265625 0.04453125
1 0.78046875 0.31328125 0.02265625 0.059375
1 0.71640625 0.18203125 0.01953125 0.04140625
1 0.6921875 0.153125 0.01796875 0.03984375
1 0.7203125 0.1484375 0.01640625 0.0296875
1 0.7359375 0.1609375 0.01640625 0.034375
1 0.765625 0.17109375 0.01953125 0.03984375
1 0.75703125 0.1421875 0.0171875 0.028125
1 0.75625 0.1140625 0.01328125 0.0265625
1 0.8203125 0.12578125 0.01015625 0.028125
1 0.80546875 0.1828125 0.01640625 0.0328125
1 0.85703125 0.1953125 0.01796875 0.034375
1 0.8828125 0.23046875 0.01640625 0.03984375