1 0.90703125 0.43984375 0.03125 0.07421875
1 0.92265625 0.35 0.01953125 0.0578125
1 0.93125 0.28359375 0.01875 0.04921875
1 0.9328125 0.22734375 0.01484375 0.0390625
1 0.89296875 0.23125 0.01640625 0.0421875
1 0.87890625 0.25703125 0.01953125 0.040625
1 0.84453125 0.3125 0.0234375 0.059375
1 0.8265625 0.40390625 0.028125 0.065625
1 0.78125 0.31171875 0.01953125 0.05078125
1 0.7625 0.3859375 0.028125 0.0578125
1 0.75859375 0.28671875 0.0203125 0.04921875
1 0.778125 0.23671875 0.01875 0.04375
1 0.809375 0.22734375 0.01640625 0.0390625
1 0.8234375 0.253125 0.0203125 0.0453125
1 0.79140625 0.146875 0.00859375 0.0203125
1 0.79921875 0.16171875 0.01328125 0.03203125
1 0.825 0.16328125 0.01171875 0.03203125
1 0.7671875 0.19140625 0.01640625 0.03359375
1 0.74921875 0.1765625 0.015625 0.03203125
1 0.753125 0.13828125 0.01171875 0.025
1 0.7609375 0.16015625 0.01328125 0.025
1 0.72265625 0.11640625 0.00859375 0.0234375
1 0.7265625 0.15703125 0.01171875 0.03046875
1 0.70703125 0.16328125 0.01328125 0.03203125
1 0.7234375 0.1875 0.01640625 0.0375
1 0.734375 0.228125 0.0203125 0.04375
1 0.675 0.27109375 0.01953125 0.04375
1 0.66875 0.1109375 0.0078125 0.025
1 0.6625 0.13203125 0.0125 0.03046875
1 0.67265625 0.1859375 0.01640625 0.0375
1 0.6890625 0.11640625 0.009375 0.0234375
1 0.6859375 0.1296875 0.0109375 0.025
1 0.64140625 0.1203125 0.009375 0.0234375
1 0.5984375 0.11953125 0.0078125 0.021875
1 0.58046875 0.13046875 0.0109375 0.03046875
1 0.60390625 0.13359375 0.009375 0.02734375
1 0.6171875 0.12109375 0.009375 0.025
1 0.63125 0.1359375 0.0109375 0.02890625
1 0.625 0.16171875 0.01328125 0.03515625
1 0.63125 0.22109375 0.015625 0.0421875
1 0.62265625 0.2484375 0.02265625 0.04765625
1 0.5515625 0.13515625 0.01171875 0.02734375
1 0.571875 0.1609375 0.01171875 0.03046875
1 0.55703125 0.1515625 0.009375 0.02890625
1 0.5546875 0.16796875 0.01484375 0.03203125
1 0.55625 0.18984375 0.01328125 0.03359375
1 0.590625 0.18203125 0.01328125 0.0390625
1 0.5671875 0.25546875 0.01875 0.05078125
1 0.503125 0.13125 0.00859375 0.021875
1 0.51640625 0.15078125 0.01328125 0.03046875
1 0.52734375 0.13671875 0.01171875 0.02734375
1 0.5328125 0.165625 0.0125 0.03359375
1 0.50703125 0.16171875 0.0125 0.02890625
1 0.4921875 0.15 0.01328125 0.02890625
1 0.4625 0.16328125 0.0109375 0.025
1 0.46640625 0.153125 0.0109375 0.021875
1 0.47265625 0.14453125 0.0109375 0.025
1 0.46953125 0.19453125 0.015625 0.03359375
1 0.4484375 0.1765625 0.01328125 0.03515625
1 0.4671875 0.23203125 0.01484375 0.0375
1 0.4828125 0.22890625 0.01484375 0.0421875
1 0.51328125 0.1984375 0.01640625 0.0390625
1 0.49921875 0.28203125 0.0234375 0.05546875
1 0.54453125 0.3140625 0.025 0.059375
1 0.42734375 0.2421875 0.0203125 0.040625
1 0.41640625 0.2171875 0.0171875 0.0390625
1 0.4234375 0.17578125 0.01171875 0.03046875
1 0.42734375 0.153125 0.0109375 0.02890625
1 0.39453125 0.18671875 0.01328125 0.025
1 0.39140625 0.2078125 0.015625 0.040625
1 0.38359375 0.2546875 0.02109375 0.0453125
1 0.35234375 0.18828125 0.01328125 0.025
1 0.35 0.21015625 0.01640625 0.040625
1 0.35078125 0.2515625 0.01484375 0.0390625
1 0.32890625 0.253125 0.01484375 0.0390625
1 0.31484375 0.21796875 0.01328125 0.0375
1 0.30390625 0.24453125 0.015625 0.03515625
1 0.61015625 0.32734375 0.02265625 0.059375
1 0.67734375 0.36015625 0.02734375 0.0640625
1 0.209375 0.365625 0.03984375 0.084375