1 0.384375 0.225 0.08203125 0.1296875
1 0.32734375 0.7296875 0.1015625 0.16484375
1 0.41640625 0.4953125 0.06640625 0.1046875
1 0.48359375 0.50859375 0.0703125 0.12734375
1 0.5921875 0.6625 0.11171875 0.1703125
1 0.625 0.5328125 0.08359375 0.1296875
1 0.63359375 0.4421875 0.046875 0.075
1 0.56953125 0.36640625 0.04140625 0.0625
1 0.5109375 0.36484375 0.04140625 0.0703125
1 0.6109375 0.32109375 0.03515625 0.0625
1 0.6609375 0.3171875 0.04140625 0.075
1 0.7125 0.4265625 0.05859375 0.0875
1 0.759375 0.3765625 0.05859375 0.0921875
1 0.81171875 0.33125 0.03671875 0.05234375
1 0.790625 0.3125 0.03203125 0.05
1 0.871875 0.3296875 0.0296875 0.06015625
1 0.91171875 0.3671875 0.0296875 0.0546875
1 0.9296875 0.3390625 0.0265625 0.0421875