1 0.7109375 0.3 0.03359375 0.06484375
1 0.5953125 0.22578125 0.02109375 0.04453125
1 0.621875 0.2171875 0.02265625 0.0421875
1 0.65703125 0.18515625 0.01796875 0.03671875
1 0.68125 0.2203125 0.01875 0.040625
1 0.72109375 0.22265625 0.01953125 0.0390625
1 0.7125 0.18984375 0.01875 0.03515625
1 0.696875 0.1734375 0.01875 0.03359375
1 0.7375 0.1734375 0.01640625 0.03359375
1 0.7265625 0.13828125 0.0125 0.03359375
1 0.74375 0.14296875 0.01328125 0.02421875
1 0.7625 0.13046875 0.01328125 0.02734375
1 0.31640625 0.2125 0.01640625 0.02578125
1 0.36953125 0.19140625 0.01328125 0.03125
1 0.375 0.1734375 0.01484375 0.02578125
1 0.41875 0.17109375 0.015625 0.03125
1 0.4359375 0.17265625 0.0125 0.02734375
1 0.44375 0.1546875 0.01328125 0.02421875
1 0.440625 0.1359375 0.01328125 0.0203125
1 0.4703125 0.13203125 0.0125 0.0203125
1 0.4734375 0.15625 0.0125 0.02734375
1 0.4578125 0.16484375 0.01328125 0.021875
1 0.46796875 0.2015625 0.01640625 0.03671875
1 0.47265625 0.18828125 0.01328125 0.021875
1 0.52421875 0.18046875 0.01640625 0.03125
1 0.55703125 0.18359375 0.015625 0.03125
1 0.4859375 0.1453125 0.01484375 0.02734375
1 0.49765625 0.12578125 0.01015625 0.01875
1 0.52421875 0.12109375 0.0125 0.0203125
1 0.53125 0.1171875 0.00703125 0.0203125
1 0.528125 0.15234375 0.01328125 0.02421875
1 0.5359375 0.14609375 0.0125 0.02578125
1 0.54453125 0.13515625 0.01171875 0.021875
1 0.57734375 0.13671875 0.01015625 0.02578125
1 0.58359375 0.12109375 0.0125 0.02421875
1 0.596875 0.13203125 0.01171875 0.0203125
1 0.61484375 0.1015625 0.01015625 0.021875
1 0.6296875 0.128125 0.01171875 0.02421875
1 0.63359375 0.15546875 0.01484375 0.02578125
1 0.659375 0.140625 0.01015625 0.02578125
1 0.65390625 0.12265625 0.009375 0.0203125
1 0.66015625 0.11171875 0.009375 0.0203125
1 0.67734375 0.10703125 0.01015625 0.02578125
1 0.70859375 0.1203125 0.01015625 0.021875
1 0.68515625 0.14609375 0.01328125 0.01875
1 0.778125 0.15078125 0.0125 0.03125
1 0.79453125 0.1578125 0.0125 0.02734375
1 0.79921875 0.13125 0.01015625 0.021875
1 0.81328125 0.15703125 0.01171875 0.0296875
1 0.79921875 0.2 0.01484375 0.0296875
1 0.815625 0.19765625 0.01328125 0.0296875
1 0.834375 0.17109375 0.01171875 0.03515625
1 0.82734375 0.13515625 0.0125 0.02578125
1 0.85703125 0.1375 0.01015625 0.03125
1 0.86484375 0.1984375 0.01171875 0.0390625
1 0.878125 0.26875 0.01484375 0.0421875
1 0.88671875 0.228125 0.01484375 0.04609375
1 0.896875 0.20390625 0.0125 0.03125
1 0.93984375 0.221875 0.0125 0.03671875
1 0.940625 0.1875 0.01171875 0.0203125
1 0.91640625 0.175 0.01328125 0.03125
1 0.94375 0.16875 0.01015625 0.02421875
1 0.8953125 0.1578125 0.01171875 0.02734375