1 0.2625 0.43984375 0.04375 0.09921875
1 0.28046875 0.25546875 0.01640625 0.03125
1 0.31484375 0.265625 0.021875 0.034375
1 0.34140625 0.21640625 0.01796875 0.03984375
1 0.3625 0.24765625 0.01640625 0.03984375
1 0.40078125 0.2421875 0.01640625 0.03671875
1 0.3875 0.2125 0.015625 0.03671875
1 0.4078125 0.21640625 0.01796875 0.0296875
1 0.440625 0.215625 0.01640625 0.03125
1 0.41796875 0.15625 0.01015625 0.02421875
1 0.45703125 0.140625 0.01171875 0.028125
1 0.465625 0.159375 0.01171875 0.02421875
1 0.46796875 0.19453125 0.015625 0.03125
1 0.48984375 0.1671875 0.0125 0.0296875
1 0.4828125 0.1453125 0.01484375 0.0296875
1 0.55703125 0.1875 0.01875 0.03828125
1 0.5484375 0.06171875 0.0109375 0.0296875
1 0.57890625 0.11875 0.01171875 0.02578125
1 0.61953125 0.1125 0.01171875 0.02109375
1 0.6453125 0.121875 0.0125 0.028125
1 0.60859375 0.26015625 0.0234375 0.05234375
1 0.66171875 0.2390625 0.015625 0.04375
1 0.725 0.2328125 0.01796875 0.04140625
1 0.709375 0.17109375 0.0140625 0.0328125
1 0.73203125 0.175 0.01640625 0.034375
1 0.73203125 0.15 0.01796875 0.0328125
1 0.840625 0.18515625 0.01640625 0.04375
1 0.78828125 0.32265625 0.0234375 0.059375
1 0.90625 0.3515625 0.021875 0.0640625
1 0.921875 0.29453125 0.01796875 0.046875
1 0.91796875 0.24765625 0.01953125 0.046875
1 0.92578125 0.21796875 0.01640625 0.03984375
1 0.9375 0.215625 0.01171875 0.034375
1 0.9484375 0.19765625 0.01484375 0.028125
1 0.890625 0.20859375 0.01484375 0.034375
1 0.896875 0.18515625 0.01171875 0.0296875
1 0.87109375 0.171875 0.01171875 0.03125
1 0.615625 0.13515625 0.0109375 0.02421875
1 0.8875 0.246875 0.015625 0.05234375