1 0.19453125 0.32265625 0.04296875 0.10078125
1 0.3453125 0.18359375 0.01640625 0.03046875
1 0.36875 0.1953125 0.021875 0.03046875
1 0.38359375 0.15078125 0.02109375 0.03046875
1 0.40234375 0.18671875 0.0140625 0.034375
1 0.41796875 0.16328125 0.01640625 0.0359375
1 0.4171875 0.2015625 0.0171875 0.04296875
1 0.3875 0.259375 0.02890625 0.04609375
1 0.421875 0.2625 0.0265625 0.04609375
1 0.446875 0.2234375 0.01796875 0.0390625
1 0.4578125 0.084375 0.01796875 0.0328125
1 0.4734375 0.1515625 0.01953125 0.02890625
1 0.4828125 0.225 0.0265625 0.0359375
1 0.4984375 0.19609375 0.01796875 0.0359375
1 0.53203125 0.19140625 0.01640625 0.04140625
1 0.56796875 0.13046875 0.01640625 0.02734375
1 0.5890625 0.1125 0.0171875 0.02578125
1 0.6515625 0.1109375 0.02890625 0.0375
1 0.66796875 0.18515625 0.01796875 0.04140625
1 0.63125 0.19921875 0.0203125 0.04609375
1 0.60703125 0.25078125 0.0265625 0.04609375
1 0.55390625 0.253125 0.02109375 0.04765625
1 0.6109375 0.3 0.040625 0.06171875
1 0.70390625 0.16015625 0.015625 0.0328125
1 0.70390625 0.1265625 0.0140625 0.02421875
1 0.74453125 0.1359375 0.01328125 0.0328125
1 0.7609375 0.1578125 0.01953125 0.02734375
1 0.77734375 0.1375 0.0140625 0.0328125
1 0.74140625 0.171875 0.0140625 0.02578125
1 0.7078125 0.171875 0.0171875 0.02890625
1 0.7484375 0.18828125 0.0171875 0.0375
1 0.775 0.18515625 0.01796875 0.04453125
1 0.79296875 0.15859375 0.01640625 0.0359375
1 0.7234375 0.2609375 0.028125 0.06328125
1 0.83359375 0.26484375 0.02578125 0.05
1 0.87109375 0.27421875 0.02421875 0.06171875
1 0.8890625 0.2046875 0.0203125 0.04609375
1 0.93359375 0.2234375 0.0140625 0.0390625
1 0.94296875 0.20546875 0.015625 0.04140625
1 0.92890625 0.2609375 0.02109375 0.04609375