1 0.09296875 0.5984375 0.0734375 0.0765625
1 0.05703125 0.5484375 0.046875 0.05703125
1 0.296875 0.6265625 0.06640625 0.0796875
1 0.2953125 0.56640625 0.05703125 0.06015625
1 0.36484375 0.5265625 0.03671875 0.03984375
1 0.428125 0.578125 0.06328125 0.0765625
1 0.48828125 0.56015625 0.04296875 0.06015625
1 0.5796875 0.56796875 0.046875 0.05
1 0.703125 0.5546875 0.06015625 0.05703125
1 0.58515625 0.53984375 0.03671875 0.053125
1 0.35859375 0.83359375 0.1703125 0.1796875
1 0.8203125 0.89140625 0.2 0.21015625
1 0.81328125 0.6234375 0.0734375 0.0796875
1 0.88984375 0.56796875 0.06015625 0.0765625
1 0.925 0.63203125 0.0765625 0.08984375
1 0.96328125 0.6734375 0.06640625 0.13359375