1 0.1609375 0.35078125 0.04375 0.09296875
1 0.16171875 0.225 0.02109375 0.03359375
1 0.31328125 0.19375 0.02109375 0.04375
1 0.3453125 0.23125 0.02265625 0.0421875
1 0.41640625 0.23671875 0.02421875 0.0453125
1 0.4296875 0.16015625 0.01796875 0.03359375
1 0.45390625 0.1578125 0.01953125 0.03515625
1 0.48046875 0.159375 0.0171875 0.03125
1 0.496875 0.17890625 0.01796875 0.03828125
1 0.5078125 0.15625 0.01796875 0.03125
1 0.528125 0.1875 0.01796875 0.0421875
1 0.5734375 0.18828125 0.0203125 0.04375
1 0.91015625 0.221875 0.0171875 0.05078125
1 0.9234375 0.18203125 0.01640625 0.0421875
1 0.9546875 0.2375 0.01953125 0.04765625
1 0.96328125 0.20078125 0.0171875 0.03671875