1 0.1234375 0.49921875 0.046875 0.096875
1 0.21875 0.3390625 0.02109375 0.0390625
1 0.28359375 0.29296875 0.01875 0.028125
1 0.265625 0.328125 0.025 0.03671875
1 0.3578125 0.28515625 0.01796875 0.03203125
1 0.38671875 0.24765625 0.01953125 0.03359375
1 0.40625 0.2546875 0.01953125 0.03359375
1 0.28828125 0.35078125 0.02109375 0.0453125
1 0.33359375 0.36640625 0.02421875 0.0390625
1 0.353125 0.32421875 0.0203125 0.0421875
1 0.37890625 0.3265625 0.01953125 0.03125
1 0.40234375 0.2859375 0.0234375 0.0390625
1 0.40390625 0.33359375 0.02578125 0.0390625
1 0.4328125 0.29921875 0.021875 0.040625
1 0.44140625 0.24921875 0.01953125 0.03671875
1 0.46796875 0.228125 0.01484375 0.03671875
1 0.4609375 0.26328125 0.0234375 0.03359375
1 0.4578125 0.31953125 0.021875 0.0421875
1 0.503125 0.31640625 0.02265625 0.04375
1 0.49765625 0.25546875 0.0109375 0.040625
1 0.5140625 0.23671875 0.0140625 0.028125
1 0.52734375 0.2625 0.02109375 0.05234375
1 0.54375 0.240625 0.021875 0.03671875
1 0.5515625 0.209375 0.01328125 0.02109375
1 0.60625 0.19296875 0.015625 0.03359375
1 0.57265625 0.27734375 0.0265625 0.0390625
1 0.58125 0.2453125 0.025 0.03359375
1 0.6203125 0.209375 0.01328125 0.03515625
1 0.63671875 0.24140625 0.02421875 0.03515625
1 0.65546875 0.2078125 0.01796875 0.03203125
1 0.6671875 0.22109375 0.0140625 0.03125
1 0.6796875 0.221875 0.02109375 0.04375
1 0.66796875 0.2609375 0.02421875 0.040625
1 0.69609375 0.2390625 0.01796875 0.03203125
1 0.49609375 0.3703125 0.02734375 0.05390625
1 0.5296875 0.34375 0.028125 0.05625
1 0.596875 0.31796875 0.025 0.04609375
1 0.6296875 0.284375 0.0234375 0.05078125
1 0.53828125 0.396875 0.0296875 0.04765625
1 0.58359375 0.43125 0.03125 0.0703125
1 0.64375 0.33203125 0.02109375 0.03671875
1 0.67265625 0.31953125 0.0234375 0.03671875
1 0.65703125 0.36640625 0.02578125 0.0421875
1 0.6359375 0.459375 0.04140625 0.07578125
1 0.690625 0.34375 0.01875 0.0421875
1 0.71484375 0.28359375 0.02109375 0.03515625
1 0.7296875 0.25390625 0.0171875 0.0421875
1 0.7453125 0.2171875 0.015625 0.03125
1 0.77109375 0.23203125 0.01640625 0.0265625
1 0.76640625 0.278125 0.0171875 0.03203125
1 0.75390625 0.25390625 0.01640625 0.028125
1 0.73125 0.38125 0.02421875 0.05234375
1 0.7 0.4859375 0.03984375 0.07890625
1 0.75859375 0.415625 0.028125 0.05625
1 0.8078125 0.29609375 0.01796875 0.03515625
1 0.8125 0.265625 0.0171875 0.03203125
1 0.803125 0.35625 0.02421875 0.04765625
1 0.815625 0.496875 0.0296875 0.06171875
1 0.82734375 0.428125 0.025 0.05625
1 0.8609375 0.2484375 0.015625 0.03515625
1 0.84609375 0.26796875 0.02421875 0.03671875
1 0.83203125 0.3046875 0.0171875 0.04609375
1 0.8453125 0.303125 0.01796875 0.03671875
1 0.87109375 0.315625 0.0203125 0.03671875
1 0.884375 0.27890625 0.01953125 0.0390625
1 0.8515625 0.3609375 0.0203125 0.04609375
1 0.86796875 0.36484375 0.0234375 0.0453125
1 0.89140625 0.38125 0.02109375 0.03515625
1 0.89921875 0.45859375 0.028125 0.04609375
1 0.925 0.2609375 0.015625 0.03671875
1 0.90625 0.31171875 0.01640625 0.03203125
1 0.925 0.359375 0.02421875 0.05390625
1 0.928125 0.3109375 0.021875 0.03515625
1 0.828125 0.26171875 0.01640625 0.03359375
1 0.8140625 0.3234375 0.021875 0.04609375
1 0.59765625 0.22421875 0.021875 0.0421875
1 0.56875 0.21015625 0.0140625 0.025