1 0.15703125 0.34921875 0.03203125 0.065625
1 0.24453125 0.2828125 0.0171875 0.03828125
1 0.27421875 0.2546875 0.0203125 0.04453125
1 0.28671875 0.2859375 0.02109375 0.034375
1 0.3421875 0.27578125 0.02109375 0.04140625
1 0.37265625 0.28125 0.0171875 0.04140625
1 0.3640625 0.253125 0.01328125 0.03828125
1 0.37734375 0.23359375 0.01484375 0.03984375
1 0.378125 0.18203125 0.01328125 0.028125
1 0.35546875 0.23046875 0.0140625 0.0296875
1 0.40078125 0.18125 0.01484375 0.0296875
1 0.41484375 0.175 0.01484375 0.03984375
1 0.440625 0.22734375 0.01953125 0.03984375
1 0.44609375 0.18359375 0.01171875 0.03125
1 0.46171875 0.18984375 0.0171875 0.03984375
1 0.46640625 0.2265625 0.02109375 0.04140625
1 0.44140625 0.1609375 0.0109375 0.025
1 0.47734375 0.1453125 0.01171875 0.0234375
1 0.47578125 0.171875 0.01640625 0.03828125
1 0.50703125 0.18203125 0.015625 0.034375
1 0.50859375 0.14921875 0.0171875 0.03125
1 0.49453125 0.140625 0.0109375 0.028125
1 0.5203125 0.13828125 0.01328125 0.0265625
1 0.5421875 0.18828125 0.01875 0.04765625
1 0.55859375 0.178125 0.01953125 0.03984375
1 0.55625 0.13359375 0.015625 0.0296875
1 0.546875 0.1265625 0.0171875 0.0296875
1 0.58203125 0.1359375 0.01484375 0.03125
1 0.5890625 0.1140625 0.015625 0.0265625
1 0.61171875 0.13828125 0.01953125 0.0328125
1 0.61015625 0.10703125 0.015625 0.0296875
1 0.6359375 0.10234375 0.01328125 0.0265625
1 0.65078125 0.13046875 0.01484375 0.0296875
1 0.64140625 0.13359375 0.01328125 0.0265625
1 0.66015625 0.1109375 0.01328125 0.03125
1 0.696875 0.10390625 0.01484375 0.0296875
1 0.68828125 0.13984375 0.0203125 0.0359375
1 0.6515625 0.1703125 0.01875 0.04453125
1 0.61953125 0.20078125 0.01953125 0.04296875
1 0.60859375 0.25859375 0.0234375 0.04921875
1 0.5546875 0.24921875 0.02734375 0.0578125
1 0.52421875 0.32421875 0.034375 0.059375
1 0.48359375 0.30546875 0.02578125 0.0609375
1 0.6078125 0.3203125 0.03203125 0.0609375
1 0.70703125 0.3125 0.0296875 0.0640625
1 0.74140625 0.35234375 0.03515625 0.07578125
1 0.8 0.39609375 0.03359375 0.0671875
1 0.896875 0.42265625 0.03828125 0.084375
1 0.89609375 0.328125 0.03046875 0.059375
1 0.82734375 0.30546875 0.02734375 0.0578125
1 0.76640625 0.26953125 0.02578125 0.04765625
1 0.721875 0.2453125 0.02421875 0.04921875
1 0.703125 0.22578125 0.021875 0.04296875
1 0.6546875 0.215625 0.0234375 0.04609375
1 0.7015625 0.1765625 0.0203125 0.04609375
1 0.72109375 0.1953125 0.02421875 0.04765625
1 0.74375 0.228125 0.0234375 0.05078125
1 0.72734375 0.1375 0.01484375 0.03125
1 0.72734375 0.11640625 0.01640625 0.03125
1 0.75859375 0.13359375 0.01171875 0.0296875
1 0.76953125 0.1421875 0.01640625 0.03828125
1 0.80390625 0.15390625 0.0171875 0.03828125
1 0.77578125 0.20703125 0.0171875 0.04765625
1 0.8046875 0.24375 0.0234375 0.04921875
1 0.81953125 0.209375 0.01953125 0.04609375
1 0.81953125 0.140625 0.01484375 0.034375
1 0.82421875 0.11796875 0.01484375 0.03125
1 0.84921875 0.140625 0.01328125 0.03125
1 0.85546875 0.1328125 0.0109375 0.028125
1 0.84921875 0.171875 0.01640625 0.034375
1 0.871875 0.209375 0.0203125 0.04296875
1 0.86015625 0.2640625 0.01875 0.04765625
1 0.90859375 0.26015625 0.025 0.04609375
1 0.91484375 0.19296875 0.0203125 0.03984375
1 0.88125 0.15390625 0.0140625 0.034375
1 0.89296875 0.13671875 0.01171875 0.0265625