1 0.14296875 0.26484375 0.02109375 0.03671875
1 0.371875 0.1984375 0.0171875 0.03515625
1 0.4140625 0.2234375 0.01875 0.03828125
1 0.45234375 0.22421875 0.0203125 0.03671875
1 0.62578125 0.0765625 0.01796875 0.03671875
1 0.56875 0.1640625 0.01640625 0.03671875
1 0.565625 0.1828125 0.01640625 0.03515625
1 0.6296875 0.21875 0.0203125 0.04765625
1 0.621875 0.2671875 0.021875 0.04921875
1 0.64453125 0.29609375 0.03125 0.06875
1 0.68046875 0.1703125 0.01796875 0.0453125
1 0.6875 0.21640625 0.02265625 0.059375
1 0.94453125 0.23828125 0.02109375 0.05078125