1 0.16171875 0.478125 0.04453125 0.07578125
1 0.290625 0.26640625 0.0203125 0.040625
1 0.3171875 0.2109375 0.01640625 0.03359375
1 0.328125 0.22578125 0.01875 0.0375
1 0.32890625 0.271875 0.02421875 0.04296875
1 0.35078125 0.22890625 0.0203125 0.04296875
1 0.3703125 0.225 0.01953125 0.0421875
1 0.3625 0.2703125 0.0234375 0.04296875
1 0.3984375 0.2265625 0.02109375 0.03671875
1 0.40390625 0.1921875 0.01953125 0.03515625
1 0.425 0.24765625 0.021875 0.04453125
1 0.44765625 0.21484375 0.01640625 0.0375
1 0.42734375 0.21171875 0.01484375 0.0375
1 0.428125 0.171875 0.02109375 0.03671875
1 0.47421875 0.22578125 0.02421875 0.040625
1 0.48671875 0.19140625 0.021875 0.03671875
1 0.4515625 0.16328125 0.015625 0.028125
1 0.4484375 0.13828125 0.0140625 0.028125
1 0.46484375 0.1421875 0.01484375 0.0296875
1 0.490625 0.15546875 0.01640625 0.028125
1 0.49375 0.12421875 0.0125 0.025
1 0.5078125 0.12578125 0.01015625 0.01953125
1 0.51953125 0.15703125 0.01640625 0.03359375
1 0.53359375 0.17265625 0.01875 0.040625
1 0.540625 0.1234375 0.01328125 0.03046875
1 0.55625 0.14296875 0.0140625 0.028125
1 0.575 0.159375 0.021875 0.03671875
1 0.55859375 0.1203125 0.0125 0.02265625
1 0.56328125 0.1109375 0.01171875 0.02109375
1 0.5796875 0.11953125 0.0171875 0.0296875
1 0.58828125 0.10078125 0.0125 0.025
1 0.6046875 0.15390625 0.01640625 0.03046875
1 0.603125 0.13203125 0.01171875 0.02109375
1 0.61640625 0.09296875 0.0140625 0.0265625
1 0.634375 0.1 0.01328125 0.0234375
1 0.64609375 0.125 0.01484375 0.0265625
1 0.665625 0.1 0.01484375 0.0296875
1 0.6640625 0.13046875 0.01640625 0.0296875
1 0.690625 0.1 0.0125 0.0296875
1 0.71171875 0.13046875 0.01953125 0.03515625
1 0.69765625 0.18125 0.021875 0.04296875
1 0.653125 0.21953125 0.021875 0.0421875
1 0.65859375 0.26796875 0.02890625 0.05703125
1 0.6078125 0.25546875 0.03125 0.06015625
1 0.61796875 0.20859375 0.0234375 0.05
1 0.5640625 0.24609375 0.0265625 0.05
1 0.51953125 0.28984375 0.034375 0.065625
1 0.60546875 0.34765625 0.03203125 0.065625
1 0.6984375 0.22734375 0.02578125 0.04921875
1 0.73125 0.1828125 0.0234375 0.04921875
1 0.721875 0.1609375 0.01328125 0.03359375
1 0.7484375 0.1421875 0.01875 0.0375
1 0.74765625 0.1125 0.0203125 0.0265625
1 0.7859375 0.1046875 0.015625 0.03046875
1 0.8078125 0.115625 0.0203125 0.03515625
1 0.8265625 0.11640625 0.0171875 0.03046875
1 0.82578125 0.15 0.0140625 0.03203125
1 0.80234375 0.17734375 0.025 0.04453125
1 0.784375 0.153125 0.01875 0.03203125
1 0.76171875 0.17578125 0.01640625 0.03515625
1 0.7765625 0.20078125 0.01953125 0.05703125
1 0.75 0.234375 0.03046875 0.06015625
1 0.78671875 0.26328125 0.025 0.0671875
1 0.8109375 0.24609375 0.02421875 0.053125
1 0.8421875 0.2109375 0.02421875 0.053125
1 0.85625 0.16328125 0.0171875 0.03671875
1 0.8640625 0.15 0.0171875 0.03359375
1 0.8703125 0.13046875 0.015625 0.0265625
1 0.9046875 0.1375 0.0140625 0.03203125
1 0.89765625 0.15546875 0.0125 0.03359375
1 0.890625 0.1859375 0.015625 0.03671875
1 0.86796875 0.2140625 0.0140625 0.0421875
1 0.878125 0.24453125 0.0234375 0.05
1 0.86484375 0.3109375 0.03203125 0.05703125
1 0.8421875 0.37109375 0.040625 0.0765625
1 0.8921875 0.440625 0.04296875 0.08984375
1 0.91015625 0.3296875 0.034375 0.0703125
1 0.91953125 0.23046875 0.02578125 0.05
1 0.9265625 0.2015625 0.0171875 0.03046875
1 0.9390625 0.16640625 0.01640625 0.03359375