1 0.91171875 0.16953125 0.0125 0.03515625
1 0.9390625 0.1703125 0.01328125 0.0328125
1 0.88359375 0.15625 0.0125 0.03125
1 0.89296875 0.17890625 0.0140625 0.03515625
1 0.93984375 0.2 0.01328125 0.0328125
1 0.9328125 0.23359375 0.015625 0.03828125
1 0.93359375 0.25078125 0.015625 0.040625
1 0.92890625 0.2796875 0.015625 0.0421875
1 0.92734375 0.33359375 0.01953125 0.0546875
1 0.85234375 0.29921875 0.0203125 0.05703125
1 0.8328125 0.35625 0.0234375 0.07109375
1 0.86953125 0.2859375 0.0203125 0.04765625
1 0.8765625 0.240625 0.0171875 0.0421875
1 0.878125 0.20703125 0.01953125 0.040625
1 0.8734375 0.165625 0.01328125 0.03515625
1 0.86640625 0.1734375 0.01328125 0.03515625
1 0.84375 0.1484375 0.0140625 0.0296875
1 0.83046875 0.1640625 0.01328125 0.03515625
1 0.840625 0.209375 0.0171875 0.0421875
1 0.7953125 0.1984375 0.0140625 0.03515625
1 0.7828125 0.13828125 0.0109375 0.03125
1 0.77265625 0.18515625 0.015625 0.040625
1 0.81171875 0.2703125 0.0171875 0.04921875
1 0.8453125 0.19375 0.0140625 0.040625
1 0.75703125 0.12578125 0.0140625 0.03125
1 0.75859375 0.1453125 0.0140625 0.03828125
1 0.74140625 0.16796875 0.01328125 0.03828125
1 0.778125 0.2640625 0.025 0.0515625
1 0.8140625 0.2 0.01640625 0.040625
1 0.75546875 0.33671875 0.0265625 0.0734375
1 0.67890625 0.33203125 0.03046875 0.0640625
1 0.72109375 0.2375 0.0171875 0.04609375
1 0.72578125 0.13984375 0.0140625 0.03828125
1 0.71015625 0.16015625 0.01640625 0.03515625
1 0.6265625 0.29296875 0.02578125 0.0625
1 0.63515625 0.24375 0.01875 0.04375
1 0.64296875 0.19609375 0.0171875 0.04375
1 0.67578125 0.20859375 0.01875 0.0515625
1 0.66953125 0.25859375 0.0203125 0.0546875
1 0.66015625 0.175 0.01875 0.0421875
1 0.6546875 0.13671875 0.01328125 0.02734375
1 0.6890625 0.12265625 0.0125 0.0296875
1 0.70703125 0.12265625 0.009375 0.02578125
1 0.65078125 0.10546875 0.009375 0.03125
1 0.6640625 0.1109375 0.009375 0.0234375
1 0.67578125 0.11875 0.009375 0.02578125
1 0.61328125 0.10234375 0.0125 0.0296875
1 0.62890625 0.1203125 0.0109375 0.0234375
1 0.6265625 0.15078125 0.01328125 0.03515625
1 0.590625 0.1078125 0.01015625 0.02578125
1 0.59921875 0.1390625 0.015625 0.0328125
1 0.5875 0.16328125 0.01328125 0.03671875
1 0.59375 0.2484375 0.02265625 0.05703125
1 0.58515625 0.27734375 0.0265625 0.053125
1 0.52890625 0.265625 0.0234375 0.05859375
1 0.5546875 0.17890625 0.01328125 0.03515625
1 0.5625 0.159375 0.0140625 0.040625
1 0.55078125 0.12109375 0.01328125 0.02578125
1 0.53671875 0.15078125 0.0125 0.03515625
1 0.53515625 0.13515625 0.0125 0.0328125
1 0.50546875 0.14296875 0.01328125 0.0328125
1 0.51953125 0.12578125 0.01015625 0.02734375
1 0.5265625 0.1265625 0.01015625 0.0296875
1 0.49296875 0.1421875 0.0109375 0.03125
1 0.49375 0.2125 0.01875 0.04375
1 0.52421875 0.159375 0.0109375 0.03671875
1 0.44140625 0.153125 0.0125 0.02734375
1 0.465625 0.1703125 0.015625 0.03671875
1 0.4765625 0.1875 0.01640625 0.03828125
1 0.4484375 0.20625 0.0203125 0.04921875
1 0.41171875 0.1984375 0.01640625 0.03828125
1 0.3328125 0.18125 0.0125 0.0328125
1 0.34921875 0.20078125 0.015625 0.03515625
1 0.31484375 0.225 0.01640625 0.040625
1 0.11015625 0.44140625 0.0453125 0.10234375
1 0.6984375 0.21171875 0.0171875 0.03828125