1 0.18984375 0.5984375 0.11171875 0.1734375
1 0.33828125 0.5046875 0.07890625 0.13359375
1 0.45625 0.37265625 0.0609375 0.09375
1 0.56875 0.35390625 0.0609375 0.10546875
1 0.6484375 0.31953125 0.03515625 0.075
1 0.678125 0.3140625 0.0234375 0.05546875
1 0.72890625 0.275 0.02578125 0.05234375
1 0.6234375 0.753125 0.18828125 0.31953125
1 0.7015625 0.55078125 0.12265625 0.20234375
1 0.859375 0.503125 0.08515625 0.12734375
1 0.82421875 0.42109375 0.06640625 0.096875
1 0.83203125 0.35 0.04453125 0.065625
1 0.88125 0.3171875 0.0390625 0.0625