1 0.134375 0.5375 0.04140625 0.07265625
1 0.2265625 0.34765625 0.01953125 0.03125
1 0.26015625 0.3703125 0.0171875 0.03984375
1 0.29609375 0.36953125 0.01875 0.04453125
1 0.2890625 0.321875 0.02109375 0.0375
1 0.35625 0.30703125 0.01796875 0.0296875
1 0.3421875 0.36875 0.03046875 0.0375
1 0.38203125 0.3421875 0.01484375 0.034375
1 0.40703125 0.35 0.0203125 0.0359375
1 0.40859375 0.30859375 0.01796875 0.02109375
1 0.38828125 0.28671875 0.0171875 0.02734375
1 0.4078125 0.2875 0.0140625 0.0171875
1 0.428125 0.26328125 0.015625 0.02265625
1 0.44609375 0.26875 0.0140625 0.02265625
1 0.45234375 0.34609375 0.01953125 0.034375
1 0.4703125 0.41484375 0.03046875 0.0484375
1 0.52265625 0.45546875 0.034375 0.04453125
1 0.590625 0.459375 0.02890625 0.06328125
1 0.640625 0.4875 0.0359375 0.06015625
1 0.70546875 0.55546875 0.0328125 0.06875
1 0.82890625 0.5234375 0.03125 0.06875
1 0.84921875 0.47265625 0.03515625 0.05859375
1 0.91484375 0.49375 0.025 0.065625
1 0.86015625 0.378125 0.02265625 0.04453125
1 0.81171875 0.36875 0.01953125 0.04140625
1 0.775 0.44296875 0.03125 0.05546875
1 0.71953125 0.41328125 0.02890625 0.0546875
1 0.66015625 0.37578125 0.02109375 0.05
1 0.596875 0.40234375 0.0328125 0.04140625
1 0.53671875 0.35546875 0.0234375 0.03828125
1 0.5109375 0.3234375 0.0171875 0.03125
1 0.4703125 0.31953125 0.0234375 0.02734375
1 0.57578125 0.2890625 0.015625 0.03125
1 0.60078125 0.33828125 0.021875 0.03828125
1 0.64140625 0.365625 0.015625 0.0359375
1 0.52421875 0.2828125 0.015625 0.02734375
1 0.50859375 0.27265625 0.0140625 0.02734375
1 0.53046875 0.25234375 0.0109375 0.02734375
1 0.55 0.2515625 0.01328125 0.02890625
1 0.5625 0.23203125 0.0125 0.0140625
1 0.57890625 0.21875 0.0140625 0.03125
1 0.46953125 0.240625 0.0125 0.0171875
1 0.58515625 0.2609375 0.01328125 0.02421875
1 0.603125 0.25390625 0.0140625 0.0296875
1 0.61171875 0.2078125 0.0125 0.02265625
1 0.6265625 0.2171875 0.0125 0.02578125
1 0.640625 0.22578125 0.0125 0.02265625
1 0.7 0.2265625 0.0140625 0.02421875
1 0.6421875 0.2546875 0.01640625 0.02578125
1 0.67109375 0.28359375 0.01328125 0.02578125
1 0.6796875 0.2296875 0.0109375 0.02109375
1 0.6625 0.2203125 0.01015625 0.0203125
1 0.640625 0.309375 0.01875 0.0375
1 0.684375 0.31875 0.01875 0.0375
1 0.7140625 0.30625 0.01328125 0.0375
1 0.7046875 0.2625 0.0125 0.0296875
1 0.734375 0.25234375 0.01015625 0.02109375
1 0.74375 0.2625 0.00859375 0.0328125
1 0.76328125 0.23203125 0.0171875 0.02578125
1 0.7609375 0.26328125 0.01171875 0.02890625
1 0.7765625 0.2859375 0.0109375 0.0375
1 0.78515625 0.24609375 0.0140625 0.02890625
1 0.80390625 0.2484375 0.01875 0.02734375
1 0.8234375 0.27890625 0.01015625 0.03125
1 0.84453125 0.25859375 0.01484375 0.0296875
1 0.85625 0.28359375 0.0109375 0.0375
1 0.86796875 0.278125 0.00625 0.03828125
1 0.878125 0.26328125 0.0109375 0.03125
1 0.89609375 0.28203125 0.0140625 0.03125
1 0.9375 0.27578125 0.01015625 0.0328125
1 0.93125 0.31484375 0.01328125 0.02578125
1 0.80703125 0.2984375 0.01484375 0.0296875
1 0.840625 0.315625 0.0171875 0.0359375
1 0.86796875 0.3390625 0.0171875 0.03125
1 0.90703125 0.334375 0.015625 0.0296875
1 0.9359375 0.36171875 0.0171875 0.03984375
1 0.6890625 0.37421875 0.0203125 0.04453125
1 0.8234375 0.33359375 0.0171875 0.02265625