1 0.1578125 0.3515625 0.03046875 0.0640625
1 0.28125 0.24765625 0.01171875 0.0265625
1 0.303125 0.2390625 0.0109375 0.0328125
1 0.29921875 0.27265625 0.0140625 0.02421875
1 0.35546875 0.2671875 0.01796875 0.0390625
1 0.3765625 0.28359375 0.01953125 0.04296875
1 0.36640625 0.1953125 0.015625 0.0296875
1 0.38359375 0.22890625 0.01640625 0.03125
1 0.3953125 0.196875 0.0140625 0.0296875
1 0.4421875 0.2265625 0.01875 0.0390625
1 0.47109375 0.23203125 0.01953125 0.0375
1 0.5109375 0.209375 0.01640625 0.0375
1 0.54375 0.18203125 0.0140625 0.0296875
1 0.61640625 0.10390625 0.01015625 0.02109375
1 0.640625 0.10546875 0.01171875 0.02421875
1 0.67265625 0.103125 0.0109375 0.0265625
1 0.69765625 0.10390625 0.0109375 0.02421875
1 0.484375 0.32265625 0.03046875 0.05546875
1 0.5671875 0.25078125 0.01875 0.04609375
1 0.565625 0.29921875 0.0203125 0.05390625
1 0.6 0.32890625 0.0234375 0.0640625
1 0.6265625 0.2109375 0.01484375 0.034375
1 0.62421875 0.259375 0.01953125 0.04296875
1 0.65625 0.21328125 0.01953125 0.0359375
1 0.66015625 0.171875 0.01484375 0.0328125
1 0.6796875 0.18515625 0.01640625 0.04296875
1 0.6859375 0.31328125 0.0328125 0.0625
1 0.740625 0.11875 0.01171875 0.03125
1 0.725 0.19375 0.02109375 0.04921875
1 0.71953125 0.2734375 0.02109375 0.05234375
1 0.77421875 0.16015625 0.015625 0.034375
1 0.76484375 0.2171875 0.0140625 0.04453125
1 0.7796875 0.20625 0.015625 0.0390625
1 0.75625 0.33125 0.0296875 0.065625
1 0.7890625 0.28203125 0.01875 0.04921875
1 0.8046875 0.23984375 0.015625 0.04765625
1 0.7921875 0.39609375 0.02421875 0.0703125
1 0.8265625 0.31484375 0.021875 0.059375
1 0.90546875 0.43515625 0.0296875 0.07734375
1 0.9015625 0.32265625 0.0203125 0.059375
1 0.86640625 0.2625 0.01875 0.04296875
1 0.87421875 0.203125 0.01875 0.04609375
1 0.9265625 0.24609375 0.02109375 0.0359375
1 0.91640625 0.21484375 0.0140625 0.0328125
1 0.796875 0.15625 0.015625 0.03125
1 0.81953125 0.1390625 0.01328125 0.0328125
1 0.83203125 0.140625 0.0109375 0.0328125
1 0.85078125 0.17265625 0.01484375 0.03125
1 0.859375 0.13515625 0.01171875 0.034375
1 0.9 0.14765625 0.0109375 0.0265625
1 0.92265625 0.15625 0.01171875 0.02109375
1 0.8546875 0.14609375 0.009375 0.0265625
1 0.8234375 0.21015625 0.01796875 0.04296875
1 0.76484375 0.13046875 0.0109375 0.03125
1 0.753125 0.1453125 0.015625 0.0375
1 0.6125 0.1390625 0.01328125 0.0296875
1 0.5953125 0.10625 0.009375 0.0265625
1 0.58671875 0.121875 0.0109375 0.02421875
1 0.55546875 0.12109375 0.01015625 0.0265625
1 0.56328125 0.1328125 0.01171875 0.0265625
1 0.58125 0.140625 0.01328125 0.0328125
1 0.575 0.1671875 0.0140625 0.0328125
1 0.59609375 0.1640625 0.015625 0.0296875
1 0.5125 0.14921875 0.01328125 0.0265625
1 0.5234375 0.171875 0.01484375 0.0328125
1 0.4484375 0.16484375 0.01328125 0.02421875
1 0.48671875 0.17109375 0.0140625 0.03125
1 0.48359375 0.19609375 0.015625 0.0375
1 0.4125 0.1734375 0.01015625 0.02265625
1 0.64375 0.13671875 0.00859375 0.028125
1 0.90703125 0.2703125 0.01640625 0.04921875