1 0.10234375 0.43125 0.02578125 0.0625
1 0.12109375 0.3421875 0.02421875 0.04765625
1 0.14296875 0.33671875 0.01953125 0.04140625
1 0.190625 0.2734375 0.021875 0.0359375
1 0.16484375 0.3828125 0.02890625 0.0671875
1 0.17890625 0.490625 0.0453125 0.08203125
1 0.3640625 0.17578125 0.0140625 0.034375
1 0.41796875 0.171875 0.01484375 0.03828125
1 0.66171875 0.1078125 0.0171875 0.04140625
1 0.7421875 0.121875 0.02109375 0.04921875
1 0.75 0.26953125 0.05234375 0.10703125
1 0.7765625 0.27734375 0.046875 0.07421875
1 0.55546875 0.05625 0.015625 0.0265625