1 0.09296875 0.66015625 0.0984375 0.13515625
1 0.071875 0.60625 0.09296875 0.1046875
1 0.05078125 0.85546875 0.1015625 0.2265625
1 0.21640625 0.65859375 0.08515625 0.159375
1 0.19921875 0.90703125 0.1859375 0.1828125
1 0.246875 0.5703125 0.059375 0.09296875
1 0.3109375 0.559375 0.07421875 0.11484375
1 0.39375 0.5765625 0.0671875 0.11328125
1 0.425 0.53515625 0.05078125 0.0984375
1 0.49609375 0.596875 0.06640625 0.11953125
1 0.50078125 0.53125 0.0609375 0.08359375
1 0.4765625 0.76171875 0.11328125 0.2
1 0.590625 0.5328125 0.04375 0.06796875
1 0.665625 0.53203125 0.05078125 0.08515625
1 0.6828125 0.4796875 0.0484375 0.078125
1 0.72578125 0.53359375 0.0609375 0.0984375
1 0.7546875 0.5015625 0.03984375 0.075
1 0.76640625 0.7609375 0.11640625 0.23984375
1 0.853125 0.8875 0.16484375 0.22265625
1 0.78203125 0.63046875 0.08984375 0.16484375
1 0.83125 0.515625 0.04609375 0.08828125
1 0.915625 0.51953125 0.05 0.0796875
1 0.95390625 0.58359375 0.075 0.1296875