1 0.03203125 0.4015625 0.0203125 0.040625
1 0.234375 0.33828125 0.0171875 0.03359375
1 0.259375 0.36796875 0.0203125 0.04375
1 0.290625 0.3734375 0.02109375 0.04375
1 0.296875 0.30234375 0.01640625 0.03203125
1 0.334375 0.359375 0.0234375 0.04609375
1 0.3578125 0.29140625 0.0171875 0.03359375
1 0.35859375 0.33359375 0.01796875 0.03359375
1 0.38359375 0.32890625 0.01796875 0.03203125
1 0.4078125 0.33515625 0.02265625 0.0421875
1 0.39296875 0.25625 0.0140625 0.03203125
1 0.40859375 0.26953125 0.015625 0.028125
1 0.41015625 0.29921875 0.01953125 0.03203125
1 0.44375 0.33984375 0.02109375 0.04375
1 0.43046875 0.253125 0.0140625 0.0296875
1 0.44609375 0.2703125 0.01640625 0.03359375
1 0.47421875 0.30234375 0.01953125 0.03515625
1 0.46640625 0.24453125 0.01796875 0.0375
1 0.47734375 0.2671875 0.01640625 0.03203125
1 0.5015625 0.32265625 0.02109375 0.0390625
1 0.51015625 0.2640625 0.015625 0.03046875
1 0.525 0.2765625 0.0203125 0.03359375
1 0.5171875 0.24296875 0.01640625 0.0265625
1 0.5390625 0.246875 0.01640625 0.03046875
1 0.553125 0.2984375 0.01796875 0.03359375
1 0.55859375 0.22890625 0.01640625 0.028125
1 0.5828125 0.25625 0.015625 0.03203125
1 0.57421875 0.221875 0.0171875 0.02265625
1 0.59921875 0.24765625 0.01640625 0.03203125
1 0.60234375 0.221875 0.01328125 0.03046875
1 0.609375 0.20703125 0.0125 0.0265625
1 0.62734375 0.21875 0.01328125 0.03359375
1 0.640625 0.24609375 0.0140625 0.02421875
1 0.640625 0.2265625 0.01484375 0.0296875
1 0.65625 0.2140625 0.01171875 0.02421875
1 0.675 0.2296875 0.01328125 0.03515625
1 0.696875 0.2265625 0.0140625 0.0296875
1 0.7046875 0.25625 0.01640625 0.03515625
1 0.67578125 0.2703125 0.01796875 0.03515625
1 0.63125 0.3 0.0203125 0.0421875
1 0.6015625 0.3296875 0.02265625 0.0390625
1 0.60859375 0.3578125 0.021875 0.04453125
1 0.53515625 0.35078125 0.0265625 0.04765625
1 0.46484375 0.40859375 0.03359375 0.0578125
1 0.54609375 0.4015625 0.0265625 0.0515625
1 0.6109375 0.41640625 0.028125 0.05625
1 0.65234375 0.446875 0.0390625 0.065625
1 0.6515625 0.37109375 0.0265625 0.06015625
1 0.6859375 0.3546875 0.0265625 0.04453125
1 0.6796875 0.3203125 0.02265625 0.040625
1 0.71484375 0.46875 0.03671875 0.07265625
1 0.7296875 0.39765625 0.0265625 0.04921875
1 0.7796875 0.42109375 0.03046875 0.0546875
1 0.8375 0.5234375 0.0359375 0.0671875
1 0.84296875 0.43125 0.0328125 0.0515625
1 0.81015625 0.3625 0.0234375 0.0515625
1 0.8140625 0.334375 0.021875 0.04375
1 0.725 0.28671875 0.01875 0.03515625
1 0.7390625 0.25859375 0.01640625 0.040625
1 0.7453125 0.2390625 0.0125 0.0265625
1 0.75625 0.23359375 0.015625 0.03203125
1 0.76953125 0.284375 0.01484375 0.03359375
1 0.7578125 0.26171875 0.0171875 0.0265625
1 0.7765625 0.2375 0.0140625 0.0296875
1 0.78515625 0.25 0.0140625 0.0296875
1 0.81875 0.29765625 0.01640625 0.03046875
1 0.8125 0.26640625 0.01640625 0.03046875
1 0.840625 0.303125 0.01796875 0.0390625
1 0.8484375 0.28046875 0.015625 0.03359375
1 0.83984375 0.25390625 0.0125 0.028125
1 0.859375 0.26953125 0.01328125 0.03359375
1 0.8703125 0.25 0.0140625 0.03359375
1 0.89375 0.284375 0.015625 0.03671875
1 0.884375 0.32421875 0.01484375 0.028125
1 0.87734375 0.34609375 0.01640625 0.03671875
1 0.859375 0.36875 0.0234375 0.053125
1 0.91015625 0.4625 0.03671875 0.06484375
1 0.91328125 0.325 0.015625 0.040625
1 0.93046875 0.29609375 0.0140625 0.028125
1 0.928125 0.27734375 0.0171875 0.03515625
1 0.93203125 0.359375 0.01875 0.053125