1 0.2125 0.36015625 0.03984375 0.0796875
1 0.3140625 0.2390625 0.01875 0.04453125
1 0.32578125 0.19765625 0.01953125 0.0390625
1 0.35625 0.20234375 0.0171875 0.0375
1 0.4171875 0.20625 0.0171875 0.03203125
1 0.41796875 0.18203125 0.0125 0.0234375
1 0.41953125 0.16640625 0.0140625 0.0265625
1 0.446875 0.17890625 0.01796875 0.0375
1 0.44765625 0.21328125 0.01953125 0.0390625
1 0.47734375 0.2328125 0.021875 0.05
1 0.4765625 0.18828125 0.01796875 0.0390625
1 0.47265625 0.1578125 0.01484375 0.03046875
1 0.4609375 0.14609375 0.0125 0.03203125
1 0.50078125 0.15546875 0.01484375 0.0375
1 0.50625 0.13984375 0.01171875 0.0234375
1 0.50078125 0.128125 0.0109375 0.025
1 0.5203125 0.15625 0.01484375 0.0390625
1 0.5390625 0.18828125 0.02109375 0.0390625
1 0.5546875 0.16015625 0.01484375 0.04296875
1 0.53828125 0.146875 0.01484375 0.03359375
1 0.52734375 0.1234375 0.01171875 0.03046875
1 0.55 0.12890625 0.0125 0.01953125
1 0.56328125 0.14921875 0.0140625 0.028125
1 0.5859375 0.17109375 0.01796875 0.04296875
1 0.58984375 0.1484375 0.01484375 0.03359375
1 0.628125 0.15 0.0125 0.03359375
1 0.6484375 0.15234375 0.015625 0.03359375
1 0.63671875 0.12734375 0.01171875 0.0265625
1 0.62890625 0.10625 0.01171875 0.03046875
1 0.61171875 0.103125 0.01171875 0.02109375
1 0.59375 0.1140625 0.0109375 0.025
1 0.66171875 0.12109375 0.0140625 0.025
1 0.6734375 0.17734375 0.021875 0.04453125
1 0.69921875 0.121875 0.0125 0.03359375
1 0.6875 0.1296875 0.0125 0.025
1 0.65625 0.1140625 0.00859375 0.02109375
1 0.51953125 0.29765625 0.03046875 0.0625
1 0.5875 0.29296875 0.0265625 0.0625
1 0.609375 0.30546875 0.03046875 0.06953125
1 0.584375 0.2390625 0.02109375 0.04453125
1 0.6328125 0.23125 0.025 0.04609375
1 0.678125 0.21875 0.01953125 0.04609375
1 0.70703125 0.19609375 0.015625 0.0359375
1 0.7171875 0.234375 0.021875 0.0515625
1 0.71015625 0.171875 0.015625 0.03359375
1 0.7421875 0.17890625 0.015625 0.03359375
1 0.7625 0.15546875 0.0171875 0.0375
1 0.75390625 0.1296875 0.0171875 0.028125
1 0.7828125 0.1421875 0.015625 0.03203125
1 0.78203125 0.18359375 0.0171875 0.0390625
1 0.79921875 0.17421875 0.01484375 0.0390625
1 0.81171875 0.19140625 0.01796875 0.0375
1 0.79375 0.21328125 0.02109375 0.04609375
1 0.7921875 0.29296875 0.02578125 0.05859375
1 0.75859375 0.3484375 0.0296875 0.06015625
1 0.67734375 0.31796875 0.03203125 0.0765625
1 0.65859375 0.30078125 0.021875 0.053125
1 0.81015625 0.365625 0.034375 0.07265625
1 0.84921875 0.3125 0.02578125 0.0625
1 0.80625 0.275 0.01953125 0.05546875
1 0.83046875 0.23203125 0.02265625 0.04765625
1 0.8296875 0.17890625 0.015625 0.0375
1 0.84140625 0.1578125 0.0140625 0.03359375
1 0.8578125 0.19296875 0.01796875 0.040625
1 0.8671875 0.190625 0.01484375 0.0390625
1 0.87734375 0.16015625 0.0140625 0.0390625
1 0.890625 0.1984375 0.01875 0.0375
1 0.90078125 0.17578125 0.015625 0.0390625
1 0.90859375 0.165625 0.0140625 0.03203125
1 0.8859375 0.23046875 0.0171875 0.04765625
1 0.86875 0.2953125 0.02109375 0.05
1 0.90859375 0.39375 0.0359375 0.07265625
1 0.91484375 0.328125 0.0296875 0.0625
1 0.9421875 0.28984375 0.0265625 0.05703125
1 0.92421875 0.24609375 0.02109375 0.04765625
1 0.9328125 0.23203125 0.01953125 0.040625
1 0.94375 0.203125 0.015625 0.0359375
1 0.9390625 0.178125 0.0109375 0.025