1 0.17109375 0.45546875 0.040625 0.08125
1 0.23125 0.33125 0.01640625 0.0296875
1 0.26015625 0.34375 0.01640625 0.040625
1 0.2828125 0.3046875 0.0140625 0.0265625
1 0.2828125 0.365625 0.01640625 0.03671875
1 0.328125 0.36328125 0.0203125 0.04609375
1 0.3515625 0.2921875 0.01640625 0.0296875
1 0.346875 0.32734375 0.0171875 0.0265625
1 0.37421875 0.3296875 0.01640625 0.03828125
1 0.39921875 0.3359375 0.01640625 0.03359375
1 0.38984375 0.265625 0.01171875 0.025
1 0.403125 0.2578125 0.01328125 0.0265625
1 0.42109375 0.275 0.0125 0.0265625
1 0.43515625 0.34375 0.01640625 0.04375
1 0.45703125 0.321875 0.01875 0.03671875
1 0.49609375 0.325 0.01875 0.0390625
1 0.4453125 0.25 0.01328125 0.03359375
1 0.4640625 0.26640625 0.0125 0.03203125
1 0.490625 0.2671875 0.0125 0.03359375
1 0.51015625 0.28203125 0.015625 0.03828125
1 0.5109375 0.240625 0.01328125 0.025
1 0.5234375 0.25234375 0.01328125 0.03203125
1 0.56484375 0.278125 0.0140625 0.040625
1 0.56015625 0.24609375 0.0125 0.028125
1 0.58203125 0.2484375 0.01328125 0.0296875
1 0.5984375 0.20625 0.0109375 0.0296875
1 0.6125 0.21640625 0.01171875 0.03359375
1 0.625 0.253125 0.01328125 0.03359375
1 0.45390625 0.40078125 0.02578125 0.05625
1 0.5484375 0.34609375 0.02109375 0.0453125
1 0.52734375 0.415625 0.0234375 0.05234375
1 0.55234375 0.44609375 0.03203125 0.0671875
1 0.58515625 0.321875 0.01875 0.0453125
1 0.615625 0.309375 0.01875 0.03671875
1 0.596875 0.3859375 0.01875 0.04375
1 0.63125 0.38984375 0.0234375 0.059375
1 0.62265625 0.45859375 0.03203125 0.0671875
1 0.6421875 0.33125 0.015625 0.040625
1 0.659375 0.2671875 0.0140625 0.03359375
1 0.6890625 0.259375 0.0125 0.03203125
1 0.671875 0.346875 0.01796875 0.04609375
1 0.70234375 0.2859375 0.0140625 0.03515625
1 0.71484375 0.25546875 0.0125 0.0296875
1 0.72265625 0.24375 0.0125 0.0265625
1 0.73203125 0.23125 0.0125 0.03203125
1 0.75859375 0.23671875 0.0140625 0.0265625
1 0.75234375 0.2671875 0.01484375 0.03671875
1 0.7390625 0.29453125 0.015625 0.040625
1 0.78203125 0.30703125 0.01328125 0.03203125
1 0.8140625 0.2640625 0.0140625 0.028125
1 0.83125 0.26015625 0.01171875 0.02265625
1 0.8484375 0.2546875 0.01171875 0.03125
1 0.8359375 0.28046875 0.015625 0.03828125
1 0.828125 0.31796875 0.01640625 0.03671875
1 0.8734375 0.28203125 0.01328125 0.0296875
1 0.90546875 0.26796875 0.0109375 0.0296875
1 0.90703125 0.31171875 0.0140625 0.0296875
1 0.8046875 0.340625 0.0171875 0.0453125
1 0.78984375 0.36015625 0.01953125 0.053125
1 0.86484375 0.35703125 0.0171875 0.0421875
1 0.871875 0.32109375 0.01484375 0.03515625
1 0.9015625 0.35546875 0.01875 0.0421875
1 0.7140625 0.40078125 0.02265625 0.053125
1 0.68671875 0.48515625 0.03125 0.08125
1 0.75078125 0.4265625 0.0234375 0.0546875
1 0.79140625 0.53515625 0.0234375 0.07421875
1 0.81875 0.45546875 0.02578125 0.05625
1 0.8859375 0.3890625 0.01953125 0.04921875
1 0.87578125 0.45625 0.0265625 0.06640625
1 0.79296875 0.2765625 0.01171875 0.03515625
1 0.4 0.3046875 0.01328125 0.0296875
1 0.428125 0.3078125 0.015625 0.03671875
1 0.54609375 0.21953125 0.009375 0.025
1 0.56015625 0.2203125 0.01171875 0.0265625
1 0.6359375 0.21484375 0.00859375 0.02265625
1 0.653125 0.23203125 0.009375 0.02265625
1 0.66171875 0.22890625 0.01015625 0.02265625
1 0.8359375 0.40546875 0.015625 0.040625