1 0.04921875 0.7515625 0.05859375 0.09453125
1 0.0453125 0.68203125 0.046875 0.06796875
1 0.05390625 0.63203125 0.03203125 0.05
1 0.109375 0.640625 0.0484375 0.07421875
1 0.18515625 0.746875 0.06328125 0.09765625
1 0.16328125 0.70859375 0.04296875 0.06796875
1 0.15703125 0.6734375 0.03359375 0.05625
1 0.2515625 0.67578125 0.03671875 0.07421875
1 0.275 0.7234375 0.05 0.09140625
1 0.31640625 0.78671875 0.06015625 0.09453125
1 0.2953125 0.65078125 0.0296875 0.07109375
1 0.32109375 0.65546875 0.03203125 0.0625
1 0.3546875 0.68359375 0.03984375 0.0828125
1 0.3984375 0.70546875 0.05 0.09140625
1 0.453125 0.71875 0.03984375 0.0765625
1 0.4609375 0.65390625 0.03515625 0.07109375
1 0.5046875 0.69375 0.03359375 0.0625
1 0.55390625 0.690625 0.03203125 0.05625
1 0.26328125 0.53515625 0.0296875 0.059375
1 0.6703125 0.8125 0.06015625 0.109375
1 0.71171875 0.76328125 0.05 0.09453125
1 0.73203125 0.6953125 0.03359375 0.059375
1 0.75078125 0.6984375 0.03203125 0.07109375
1 0.8234375 0.78984375 0.053125 0.10078125
1 0.83203125 0.74375 0.04296875 0.06796875
1 0.840625 0.71015625 0.03515625 0.053125
1 0.8625 0.70546875 0.03203125 0.05625