1 0.43984375 0.2 0.01640625 0.03828125
1 0.4609375 0.2078125 0.02109375 0.04296875
1 0.61015625 0.10234375 0.0140625 0.03125
1 0.6390625 0.134375 0.0140625 0.0265625
1 0.65078125 0.1421875 0.01484375 0.028125
1 0.67109375 0.11796875 0.01328125 0.0296875
1 0.75390625 0.1421875 0.01484375 0.028125
1 0.771875 0.14296875 0.0140625 0.03359375
1 0.8734375 0.184375 0.01328125 0.03984375
1 0.89453125 0.2109375 0.01640625 0.03984375
1 0.89296875 0.24921875 0.015625 0.046875
1 0.82734375 0.25234375 0.0203125 0.05625
1 0.9234375 0.24609375 0.01796875 0.04296875
1 0.9421875 0.18984375 0.01171875 0.03515625