1 0.1921875 0.4921875 0.0515625 0.096875
1 0.33828125 0.25625 0.0203125 0.0421875
1 0.36640625 0.259375 0.02109375 0.04609375
1 0.43359375 0.27890625 0.025 0.0546875
1 0.42421875 0.22109375 0.0203125 0.040625
1 0.45078125 0.23046875 0.02109375 0.0421875
1 0.44921875 0.18515625 0.01796875 0.034375
1 0.47421875 0.19375 0.02109375 0.0375
1 0.46328125 0.14765625 0.0125 0.0234375
1 0.48828125 0.14140625 0.0140625 0.02734375
1 0.53125 0.215625 0.02109375 0.0375
1 0.52890625 0.140625 0.015625 0.02890625
1 0.55625 0.14765625 0.01875 0.03046875
1 0.578125 0.15703125 0.0171875 0.0359375
1 0.6640625 0.25546875 0.025 0.05078125
1 0.721875 0.2734375 0.025 0.0546875
1 0.696875 0.14609375 0.01796875 0.04765625
1 0.709375 0.1421875 0.0171875 0.03203125
1 0.7234375 0.15625 0.02109375 0.034375
1 0.746875 0.12578125 0.01328125 0.034375
1 0.7625 0.11796875 0.0171875 0.0359375
1 0.8140625 0.17421875 0.02109375 0.0390625
1 0.81171875 0.12890625 0.015625 0.0375
1 0.88203125 0.2203125 0.021875 0.04609375
1 0.7890625 0.2734375 0.03125 0.0578125
1 0.96796875 0.43203125 0.0359375 0.1125