1 0.09765625 0.440625 0.034375 0.07890625
1 0.15703125 0.3921875 0.0296875 0.06171875
1 0.18671875 0.49609375 0.04765625 0.0953125
1 0.134375 0.325 0.02578125 0.0515625
1 0.090625 0.33046875 0.01953125 0.03828125
1 0.10234375 0.32265625 0.02109375 0.046875
1 0.3453125 0.17890625 0.01875 0.03671875
1 0.4296875 0.1625 0.021875 0.04375
1 0.5125 0.0625 0.0140625 0.028125
1 0.65234375 0.26484375 0.05546875 0.10234375
1 0.66484375 0.10546875 0.01796875 0.046875
1 0.7453125 0.12265625 0.0234375 0.0453125
1 0.79375 0.2484375 0.04140625 0.08828125