1 0.22734375 0.5 0.04453125 0.08671875
1 0.31171875 0.26015625 0.01796875 0.03515625
1 0.33203125 0.2765625 0.01953125 0.0421875
1 0.3859375 0.2 0.01953125 0.03515625
1 0.42734375 0.278125 0.021875 0.0484375
1 0.421875 0.22265625 0.01640625 0.03671875
1 0.440625 0.2328125 0.021875 0.03671875
1 0.44296875 0.19375 0.0171875 0.03671875
1 0.43515625 0.16796875 0.01640625 0.03515625
1 0.45078125 0.15625 0.01328125 0.028125
1 0.471875 0.15 0.01328125 0.03203125
1 0.4859375 0.1375 0.01171875 0.0265625
1 0.47109375 0.2078125 0.01640625 0.03203125
1 0.47421875 0.1890625 0.0140625 0.03359375
1 0.48046875 0.16875 0.0140625 0.03046875
1 0.49609375 0.1734375 0.01328125 0.03203125
1 0.5234375 0.2140625 0.01796875 0.03984375
1 0.52421875 0.15390625 0.01484375 0.03359375
1 0.5390625 0.0828125 0.01171875 0.028125
1 0.56640625 0.1078125 0.0125 0.025
1 0.59921875 0.096875 0.01328125 0.03046875
1 0.61484375 0.115625 0.0125 0.0234375
1 0.6140625 0.134375 0.01328125 0.028125
1 0.55703125 0.14765625 0.01640625 0.03515625
1 0.5796875 0.159375 0.01484375 0.028125
1 0.6078125 0.17890625 0.02109375 0.04375
1 0.575 0.13359375 0.0125 0.03359375
1 0.68359375 0.0609375 0.01015625 0.03203125
1 0.784375 0.0546875 0.0140625 0.025
1 0.68984375 0.1 0.0140625 0.03046875
1 0.753125 0.10703125 0.0140625 0.03046875
1 0.81015625 0.12890625 0.0140625 0.03359375
1 0.7015625 0.13359375 0.01875 0.03359375
1 0.6828125 0.15546875 0.01796875 0.03984375
1 0.69921875 0.18671875 0.01796875 0.03828125
1 0.66171875 0.203125 0.021875 0.0515625
1 0.7484375 0.14765625 0.0171875 0.03828125
1 0.721875 0.17578125 0.01953125 0.03984375
1 0.75390625 0.17734375 0.01953125 0.03671875
1 0.7984375 0.1953125 0.01796875 0.046875
1 0.8515625 0.18203125 0.0171875 0.04375
1 0.8703125 0.22734375 0.0171875 0.05
1 0.60703125 0.25234375 0.0234375 0.05
1 0.5484375 0.2953125 0.02734375 0.06171875
1 0.48125 0.32421875 0.0328125 0.053125
1 0.66015625 0.2625 0.0234375 0.05703125
1 0.71875 0.28046875 0.02734375 0.05859375
1 0.77421875 0.31171875 0.0265625 0.05546875
1 0.971875 0.3765625 0.04453125 0.096875