1 0.25078125 0.22109375 0.0234375 0.0453125
1 0.334375 0.1890625 0.01953125 0.03828125
1 0.38671875 0.1890625 0.01796875 0.03828125
1 0.3984375 0.19609375 0.02421875 0.0484375
1 0.39765625 0.16796875 0.0171875 0.03359375
1 0.42421875 0.17890625 0.0171875 0.03203125
1 0.4296875 0.21015625 0.01875 0.03359375
1 0.4484375 0.22109375 0.01875 0.03515625
1 0.4484375 0.1515625 0.0140625 0.03359375
1 0.47265625 0.178125 0.015625 0.03984375
1 0.4734375 0.140625 0.0125 0.025
1 0.4890625 0.1625 0.015625 0.03203125
1 0.49375 0.1390625 0.01484375 0.028125
1 0.496875 0.125 0.01328125 0.0265625
1 0.50859375 0.19140625 0.01875 0.03984375
1 0.50859375 0.22734375 0.01953125 0.0453125
1 0.55390625 0.1890625 0.01875 0.04140625
1 0.546875 0.16796875 0.0140625 0.0265625
1 0.52421875 0.165625 0.01328125 0.028125
1 0.53359375 0.14765625 0.0140625 0.028125
1 0.54453125 0.1359375 0.01328125 0.025
1 0.575 0.14921875 0.0171875 0.03203125
1 0.58828125 0.16796875 0.0171875 0.0296875
1 0.5984375 0.15390625 0.01328125 0.03203125
1 0.58515625 0.1375 0.0125 0.028125
1 0.57890625 0.10546875 0.01328125 0.025
1 0.628125 0.140625 0.0125 0.028125
1 0.625 0.12578125 0.01328125 0.01796875
1 0.61875 0.10390625 0.01015625 0.025
1 0.65234375 0.1078125 0.01484375 0.028125
1 0.65859375 0.14609375 0.0171875 0.03203125
1 0.68203125 0.121875 0.0140625 0.0265625
1 0.70546875 0.121875 0.0125 0.0296875
1 0.57109375 0.253125 0.02890625 0.06015625
1 0.61484375 0.24609375 0.02265625 0.05859375
1 0.62421875 0.28984375 0.03671875 0.06640625
1 0.6453125 0.2171875 0.0234375 0.0453125
1 0.6703125 0.1984375 0.01953125 0.04296875
1 0.70625 0.18828125 0.01953125 0.04296875
1 0.71484375 0.15703125 0.0140625 0.03359375
1 0.72421875 0.14453125 0.0140625 0.03515625
1 0.74921875 0.1375 0.0140625 0.028125
1 0.74296875 0.1703125 0.01796875 0.0296875
1 0.746875 0.2046875 0.015625 0.03359375
1 0.76171875 0.1609375 0.015625 0.03515625
1 0.7765625 0.1515625 0.01484375 0.03359375
1 0.79921875 0.16328125 0.01484375 0.03671875
1 0.78828125 0.17890625 0.01796875 0.03203125
1 0.7828125 0.225 0.0203125 0.03984375
1 0.7546875 0.25 0.0203125 0.046875
1 0.72265625 0.28515625 0.028125 0.06015625
1 0.678125 0.32734375 0.03125 0.06796875
1 0.84296875 0.26484375 0.02265625 0.053125
1 0.86171875 0.3125 0.02421875 0.05859375
1 0.871875 0.284375 0.021875 0.0515625
1 0.8359375 0.225 0.021875 0.04296875
1 0.83046875 0.17890625 0.0171875 0.03828125
1 0.84140625 0.15390625 0.0171875 0.03828125
1 0.871875 0.171875 0.015625 0.03671875
1 0.88984375 0.20234375 0.015625 0.03828125
1 0.88515625 0.23984375 0.01953125 0.04296875
1 0.915625 0.2921875 0.0203125 0.05859375
1 0.9296875 0.2390625 0.0171875 0.03203125
1 0.89921875 0.18984375 0.0125 0.0296875
1 0.94765625 0.21640625 0.01875 0.03984375
1 0.93828125 0.18984375 0.015625 0.03359375
1 0.93515625 0.16484375 0.0109375 0.0296875