1 0.86015625 0.13359375 0.0109375 0.02265625
1 0.8890625 0.13671875 0.009375 0.025
1 0.91484375 0.15390625 0.01171875 0.025
1 0.91484375 0.1859375 0.0140625 0.0390625
1 0.92109375 0.15625 0.00703125 0.02265625
1 0.8859375 0.16484375 0.0109375 0.02734375
1 0.85546875 0.15390625 0.0109375 0.025
1 0.84140625 0.1546875 0.0140625 0.03515625
1 0.821875 0.1421875 0.0140625 0.03125
1 0.83359375 0.1859375 0.015625 0.03125
1 0.8703125 0.1875 0.01328125 0.03515625
1 0.86015625 0.22890625 0.015625 0.04375
1 0.903125 0.27890625 0.01875 0.05625
1 0.80078125 0.13203125 0.0109375 0.02734375
1 0.78984375 0.17734375 0.015625 0.04375
1 0.759375 0.1328125 0.01328125 0.02890625
1 0.740625 0.10859375 0.0109375 0.02734375
1 0.72578125 0.1171875 0.01171875 0.03125
1 0.7375 0.14765625 0.01171875 0.0328125
1 0.7390625 0.1859375 0.015625 0.04375
1 0.7609375 0.2859375 0.025 0.05
1 0.6953125 0.21484375 0.01875 0.04765625
1 0.7078125 0.2859375 0.025 0.05390625
1 0.6828125 0.10078125 0.0109375 0.03125
1 0.70078125 0.14609375 0.01171875 0.03125
1 0.63671875 0.10078125 0.0109375 0.02734375
1 0.6609375 0.1234375 0.009375 0.02734375
1 0.62578125 0.12421875 0.0109375 0.025
1 0.61015625 0.10390625 0.009375 0.025
1 0.5859375 0.1015625 0.01171875 0.025
1 0.60234375 0.11953125 0.0109375 0.02265625
1 0.6109375 0.1484375 0.01640625 0.03515625
1 0.6453125 0.175 0.0140625 0.03515625
1 0.65625 0.2015625 0.01796875 0.04140625
1 0.6515625 0.253125 0.01796875 0.05
1 0.66953125 0.3265625 0.0296875 0.0640625
1 0.60078125 0.2078125 0.01875 0.0453125
1 0.5984375 0.26640625 0.0234375 0.04765625
1 0.59453125 0.33203125 0.028125 0.06640625
1 0.55234375 0.24765625 0.01875 0.0390625
1 0.5375 0.3046875 0.025 0.0578125
1 0.52734375 0.090625 0.01171875 0.03125
1 0.52421875 0.1421875 0.015625 0.0390625
1 0.5421875 0.16875 0.01796875 0.0390625
1 0.56171875 0.1765625 0.01328125 0.0375
1 0.57421875 0.1390625 0.01328125 0.0328125
1 0.553125 0.09921875 0.01171875 0.025
1 0.51328125 0.2078125 0.015625 0.0375
1 0.4875 0.30625 0.025 0.05625
1 0.49375 0.1953125 0.0140625 0.02890625
1 0.48203125 0.13046875 0.00859375 0.02109375
1 0.45 0.165625 0.0109375 0.025
1 0.47265625 0.1703125 0.01171875 0.02890625
1 0.45234375 0.21953125 0.0140625 0.0328125
1 0.42109375 0.17734375 0.01171875 0.03125
1 0.4421875 0.1578125 0.01171875 0.02890625
1 0.46484375 0.15625 0.0109375 0.02734375
1 0.41875 0.21875 0.015625 0.03515625
1 0.43515625 0.20234375 0.0140625 0.03515625
1 0.19921875 0.3515625 0.0390625 0.0890625
1 0.421875 0.28125 0.01875 0.04375
1 0.340625 0.221875 0.01640625 0.02890625
1 0.37890625 0.1984375 0.015625 0.02734375
1 0.36875 0.2171875 0.01640625 0.03515625
1 0.3078125 0.22734375 0.015625 0.03125
1 0.278125 0.253125 0.01328125 0.0328125
1 0.31171875 0.275 0.0140625 0.03515625
1 0.3328125 0.27421875 0.015625 0.0328125