1 0.9265625 0.21875 0.01484375 0.03828125
1 0.91875 0.31875 0.01640625 0.03984375
1 0.9140625 0.33984375 0.025 0.05703125
1 0.87578125 0.23203125 0.015625 0.046875
1 0.853125 0.25859375 0.01640625 0.04375
1 0.8484375 0.29296875 0.01953125 0.05390625
1 0.78671875 0.1390625 0.01171875 0.028125
1 0.79296875 0.1640625 0.0125 0.03671875
1 0.7984375 0.21875 0.015625 0.04140625
1 0.80625 0.28125 0.0171875 0.05078125
1 0.765625 0.3 0.01875 0.05078125
1 0.7578125 0.23125 0.0171875 0.04140625
1 0.8125 0.396875 0.025 0.07265625
1 0.77578125 0.375 0.02890625 0.0640625
1 0.84375 0.46015625 0.0328125 0.06796875
1 0.7546875 0.1828125 0.01328125 0.03828125
1 0.74453125 0.13828125 0.0125 0.0296875
1 0.728125 0.2921875 0.0203125 0.05546875
1 0.678125 0.25546875 0.0203125 0.05234375
1 0.715625 0.2328125 0.01640625 0.0453125
1 0.671875 0.34140625 0.01953125 0.0609375
1 0.696875 0.16484375 0.0125 0.03125
1 0.73125 0.19296875 0.01328125 0.03515625
1 0.7203125 0.115625 0.0109375 0.02265625
1 0.6671875 0.10546875 0.009375 0.02578125
1 0.67734375 0.12109375 0.01171875 0.02578125
1 0.68984375 0.1046875 0.009375 0.02421875
1 0.65 0.1203125 0.009375 0.028125
1 0.66015625 0.1359375 0.01171875 0.028125
1 0.58828125 0.1125 0.00859375 0.02265625
1 0.58125 0.12109375 0.009375 0.02578125
1 0.63125 0.11015625 0.01171875 0.02265625
1 0.62109375 0.12578125 0.0125 0.0296875
1 0.61640625 0.1515625 0.01484375 0.03125
1 0.60390625 0.12421875 0.01171875 0.02578125
1 0.55390625 0.125 0.01171875 0.02421875
1 0.5671875 0.1515625 0.01484375 0.03125
1 0.5796875 0.16875 0.015625 0.03515625
1 0.54921875 0.1609375 0.01328125 0.0328125
1 0.553125 0.1828125 0.01484375 0.03828125
1 0.565625 0.23359375 0.0171875 0.046875
1 0.6015625 0.2546875 0.0203125 0.046875
1 0.63359375 0.2234375 0.0171875 0.03671875
1 0.68359375 0.1875 0.01328125 0.03515625
1 0.503125 0.1234375 0.0109375 0.02421875
1 0.51875 0.13984375 0.009375 0.02265625
1 0.525 0.1765625 0.0125 0.0328125
1 0.48359375 0.17734375 0.0125 0.028125
1 0.48984375 0.1375 0.009375 0.02109375
1 0.4625 0.16875 0.0125 0.03125
1 0.43984375 0.16328125 0.0109375 0.02421875
1 0.46875 0.14140625 0.01171875 0.02578125
1 0.48671875 0.21640625 0.01875 0.03984375
1 0.45390625 0.22265625 0.015625 0.03828125
1 0.440625 0.20234375 0.01328125 0.03671875
1 0.4140625 0.1921875 0.01484375 0.03671875
1 0.4203125 0.17265625 0.01171875 0.0328125
1 0.49296875 0.2875 0.02109375 0.05390625
1 0.54375 0.31328125 0.0234375 0.059375
1 0.3796875 0.24296875 0.01640625 0.03984375
1 0.38671875 0.2875 0.0203125 0.03984375
1 0.37421875 0.2 0.01328125 0.03515625
1 0.29375 0.21796875 0.01328125 0.0328125
1 0.3109375 0.23203125 0.01484375 0.03671875
1 0.328125 0.23671875 0.0125 0.03515625
1 0.33515625 0.26015625 0.01640625 0.0328125
1 0.35078125 0.17890625 0.01171875 0.03125
1 0.3546875 0.2 0.01484375 0.03515625
1 0.58984375 0.34609375 0.01953125 0.0625
1 0.21171875 0.3640625 0.0375 0.078125