1 0.08359375 0.4234375 0.06640625 0.1
1 0.1890625 0.60703125 0.1 0.12265625
1 0.046875 0.321875 0.05 0.08671875
1 0.01796875 0.1890625 0.03515625 0.05546875
1 0.06953125 0.2328125 0.0390625 0.0640625
1 0.10390625 0.17421875 0.03671875 0.053125
1 0.06796875 0.14453125 0.03515625 0.04453125
1 0.121875 0.13515625 0.0296875 0.04140625
1 0.13828125 0.28671875 0.04609375 0.078125
1 0.23046875 0.3484375 0.0609375 0.0890625
1 0.24609375 0.24765625 0.040625 0.0671875
1 0.16640625 0.20078125 0.03359375 0.05546875
1 0.175 0.14921875 0.028125 0.04140625
1 0.19296875 0.12265625 0.02578125 0.0390625
1 0.2484375 0.18125 0.0296875 0.05
1 0.240625 0.13125 0.02578125 0.04453125
1 0.25625 0.10859375 0.02421875 0.0390625
1 0.3015625 0.1265625 0.0296875 0.0359375
1 0.315625 0.15703125 0.03125 0.04765625
1 0.3203125 0.20859375 0.040625 0.0671875
1 0.34921875 0.29140625 0.04609375 0.075
1 0.3515625 0.4890625 0.0703125 0.125
1 0.47890625 0.41328125 0.05703125 0.09765625
1 0.56484375 0.34375 0.0515625 0.09765625
1 0.9203125 0.4234375 0.15546875 0.3234375
1 0.653125 0.2921875 0.0390625 0.07265625
1 0.72421875 0.24765625 0.040625 0.0671875
1 0.80625 0.18125 0.03515625 0.05546875
1 0.84375 0.16875 0.03125 0.04765625
1 0.73671875 0.1265625 0.0296875 0.04765625
1 0.69140625 0.16015625 0.03125 0.04765625
1 0.565625 0.20078125 0.03125 0.05546875
1 0.5234375 0.22578125 0.03125 0.05546875
1 0.43359375 0.26640625 0.03671875 0.0640625
1 0.4015625 0.19609375 0.0296875 0.05859375
1 0.459375 0.1796875 0.021875 0.053125
1 0.37421875 0.1375 0.0296875 0.04140625
1 0.32578125 0.0875 0.01875 0.0359375
1 0.40390625 0.09609375 0.02578125 0.04140625
1 0.4734375 0.11875 0.02421875 0.04140625
1 0.453125 0.08046875 0.02421875 0.03359375
1 0.5640625 0.13125 0.028125 0.05
1 0.61171875 0.12109375 0.02421875 0.04140625
1 0.52578125 0.0796875 0.02578125 0.0359375