1 0.0734375 0.46171875 0.03359375 0.06484375
1 0.28984375 0.26328125 0.0171875 0.03359375
1 0.32421875 0.275 0.01328125 0.02890625
1 0.31171875 0.22265625 0.0125 0.0234375
1 0.34453125 0.23203125 0.0140625 0.02890625
1 0.3390625 0.21484375 0.0125 0.025
1 0.36328125 0.25234375 0.01484375 0.03046875
1 0.390625 0.2625 0.015625 0.034375
1 0.37578125 0.23046875 0.0140625 0.03203125
1 0.39609375 0.221875 0.015625 0.02734375
1 0.41484375 0.2578125 0.01796875 0.04453125
1 0.41953125 0.19453125 0.0140625 0.02109375
1 0.421875 0.1796875 0.01640625 0.021875
1 0.446875 0.18828125 0.01328125 0.021875
1 0.4546875 0.21484375 0.01796875 0.03359375
1 0.496875 0.228125 0.0171875 0.03203125
1 0.48125 0.1953125 0.01640625 0.03046875
1 0.50390625 0.17890625 0.015625 0.02734375
1 0.53046875 0.175 0.01328125 0.03203125
1 0.5640625 0.184375 0.01484375 0.03359375
1 0.5765625 0.1546875 0.0125 0.0265625
1 0.553125 0.14296875 0.0125 0.025
1 0.56171875 0.11953125 0.0109375 0.02109375
1 0.5375 0.1328125 0.0109375 0.021875
1 0.50703125 0.14921875 0.0140625 0.02734375
1 0.49921875 0.13515625 0.01328125 0.0234375
1 0.46640625 0.14765625 0.01484375 0.03203125
1 0.45 0.16796875 0.0109375 0.01953125
1 0.4453125 0.1515625 0.0125 0.0234375
1 0.5875 0.12890625 0.01328125 0.021875
1 0.621875 0.14296875 0.0125 0.021875
1 0.58046875 0.109375 0.0109375 0.01953125
1 0.5890625 0.10546875 0.0109375 0.025
1 0.5984375 0.10390625 0.0109375 0.01953125
1 0.60625 0.11171875 0.009375 0.0234375
1 0.63125 0.12578125 0.01015625 0.025
1 0.65078125 0.1375 0.015625 0.03046875
1 0.64375 0.1046875 0.015625 0.02890625
1 0.6578125 0.11171875 0.009375 0.02890625
1 0.6875 0.1078125 0.01484375 0.02734375
1 0.5296875 0.2890625 0.0234375 0.0484375
1 0.5578125 0.2484375 0.01953125 0.03984375
1 0.596875 0.3265625 0.02578125 0.05390625
1 0.625 0.240625 0.01640625 0.034375
1 0.61328125 0.2140625 0.015625 0.034375
1 0.6484375 0.22421875 0.0171875 0.0359375
1 0.6640625 0.26484375 0.0234375 0.05
1 0.66640625 0.20390625 0.01796875 0.034375
1 0.70859375 0.221875 0.0234375 0.0390625
1 0.7390625 0.2515625 0.01953125 0.03984375
1 0.7671875 0.3078125 0.02265625 0.0578125
1 0.80703125 0.40546875 0.03671875 0.0703125
1 0.8875 0.35078125 0.02265625 0.05390625
1 0.9078125 0.3234375 0.01953125 0.04296875
1 0.83046875 0.3140625 0.02265625 0.0515625
1 0.8125 0.246875 0.0171875 0.03359375
1 0.8453125 0.253125 0.02265625 0.04296875
1 0.87109375 0.21328125 0.01328125 0.03359375
1 0.91640625 0.23046875 0.01875 0.04296875
1 0.8875 0.1875 0.0140625 0.03203125
1 0.90390625 0.153125 0.01171875 0.02109375
1 0.9109375 0.1375 0.0109375 0.021875
1 0.92734375 0.15703125 0.0125 0.0265625
1 0.9359375 0.15546875 0.01171875 0.03359375
1 0.92734375 0.2 0.0125 0.0265625
1 0.84921875 0.16640625 0.0125 0.02734375
1 0.86875 0.1703125 0.01484375 0.02734375
1 0.86171875 0.14609375 0.0140625 0.02890625
1 0.8703125 0.13828125 0.01171875 0.02734375
1 0.80234375 0.171875 0.0125 0.021875
1 0.8125 0.14921875 0.01171875 0.02734375
1 0.81875 0.1328125 0.0109375 0.02734375
1 0.8375 0.12421875 0.0125 0.0265625
1 0.77265625 0.20625 0.01875 0.03359375
1 0.78046875 0.1640625 0.0140625 0.03984375
1 0.803125 0.1203125 0.01171875 0.025
1 0.78125 0.1125 0.0109375 0.025
1 0.7296875 0.178125 0.01171875 0.0234375
1 0.715625 0.16484375 0.0109375 0.025
1 0.7171875 0.13359375 0.0125 0.0234375
1 0.73359375 0.13359375 0.0140625 0.02890625
1 0.74921875 0.15859375 0.01640625 0.034375