1 0.05078125 0.3921875 0.0234375 0.04765625
1 0.31171875 0.23515625 0.01640625 0.03046875
1 0.3421875 0.21640625 0.01640625 0.0375
1 0.3390625 0.25546875 0.01875 0.03515625
1 0.36875 0.21953125 0.01640625 0.03046875
1 0.37890625 0.22109375 0.01484375 0.03359375
1 0.3703125 0.25625 0.0171875 0.0375
1 0.396875 0.2625 0.01875 0.0390625
1 0.40234375 0.23359375 0.01640625 0.03046875
1 0.42421875 0.26015625 0.02421875 0.04453125
1 0.4328125 0.22421875 0.01875 0.0359375
1 0.425 0.19296875 0.01640625 0.03203125
1 0.44609375 0.165625 0.01328125 0.025
1 0.45703125 0.16953125 0.0125 0.021875
1 0.45 0.190625 0.0140625 0.028125
1 0.4671875 0.1453125 0.01171875 0.0234375
1 0.48359375 0.14453125 0.0109375 0.025
1 0.48125 0.21640625 0.015625 0.03515625
1 0.5125 0.18671875 0.01640625 0.03203125
1 0.50859375 0.1453125 0.01171875 0.0234375
1 0.51875 0.159375 0.0125 0.0234375
1 0.51953125 0.13046875 0.01015625 0.025
1 0.534375 0.14765625 0.01171875 0.025
1 0.5421875 0.1359375 0.009375 0.0265625
1 0.55078125 0.16484375 0.01328125 0.0265625
1 0.559375 0.14296875 0.01171875 0.028125
1 0.5640625 0.12109375 0.0109375 0.025
1 0.5859375 0.1171875 0.0109375 0.025
1 0.59296875 0.115625 0.0109375 0.028125
1 0.59921875 0.12734375 0.01328125 0.02890625
1 0.58671875 0.1421875 0.01484375 0.02890625
1 0.578125 0.1671875 0.01484375 0.03046875
1 0.62421875 0.13828125 0.0125 0.0265625
1 0.63125 0.13203125 0.01015625 0.021875
1 0.6375 0.1234375 0.01015625 0.0234375
1 0.653125 0.12734375 0.01328125 0.0265625
1 0.66484375 0.13515625 0.01328125 0.025
1 0.66484375 0.1109375 0.009375 0.025
1 0.659375 0.10546875 0.01171875 0.025
1 0.69609375 0.1171875 0.0125 0.021875
1 0.6125 0.10859375 0.0109375 0.021875
1 0.615625 0.20859375 0.01875 0.0359375
1 0.6125 0.24609375 0.02265625 0.04453125
1 0.55703125 0.2625 0.02265625 0.04296875
1 0.53359375 0.2921875 0.0265625 0.04453125
1 0.58515625 0.3203125 0.02578125 0.05390625
1 0.6703125 0.265625 0.02421875 0.053125
1 0.68671875 0.21875 0.01640625 0.0375
1 0.6890625 0.1890625 0.015625 0.03359375
1 0.72890625 0.209375 0.02109375 0.04296875
1 0.71328125 0.1546875 0.01484375 0.0359375
1 0.734375 0.1359375 0.01640625 0.03046875
1 0.75 0.14453125 0.01640625 0.03046875
1 0.7546875 0.2390625 0.021875 0.04453125
1 0.7734375 0.22421875 0.01796875 0.0359375
1 0.76484375 0.2984375 0.0234375 0.05390625
1 0.8265625 0.3453125 0.02890625 0.06640625
1 0.834375 0.3125 0.0296875 0.0515625
1 0.91171875 0.3390625 0.025 0.04765625
1 0.92109375 0.2890625 0.01875 0.0359375
1 0.86875 0.2453125 0.02265625 0.040625
1 0.82734375 0.25078125 0.01875 0.0375
1 0.83515625 0.20390625 0.01640625 0.03203125
1 0.84296875 0.18671875 0.015625 0.03046875
1 0.91171875 0.22421875 0.02109375 0.04140625
1 0.92578125 0.2 0.015625 0.03359375
1 0.92890625 0.16640625 0.015625 0.03203125
1 0.9375 0.153125 0.015625 0.03046875
1 0.9140625 0.1421875 0.0125 0.02890625
1 0.90390625 0.15234375 0.0140625 0.02890625
1 0.89140625 0.18046875 0.01640625 0.0375
1 0.86640625 0.1515625 0.0140625 0.03046875
1 0.87265625 0.1390625 0.01171875 0.021875
1 0.83359375 0.15 0.015625 0.03046875
1 0.83671875 0.1265625 0.01171875 0.021875
1 0.80234375 0.18046875 0.01484375 0.02890625
1 0.8109375 0.1546875 0.01484375 0.02890625
1 0.8078125 0.12578125 0.01328125 0.0234375
1 0.78671875 0.11796875 0.0109375 0.025
1 0.77890625 0.1546875 0.01484375 0.03359375
1 0.8796875 0.478125 0.02890625 0.0609375
1 0.2984375 0.30546875 0.01796875 0.0234375