1 0.07265625 0.30546875 0.021875 0.0453125
1 0.321875 0.2328125 0.015625 0.0328125
1 0.3390625 0.2 0.01640625 0.02890625
1 0.3546875 0.20546875 0.015625 0.02890625
1 0.42265625 0.20234375 0.0171875 0.0328125
1 0.43359375 0.15234375 0.01328125 0.0234375
1 0.42734375 0.18046875 0.01328125 0.021875
1 0.4515625 0.1640625 0.01328125 0.02578125
1 0.4515625 0.215625 0.01640625 0.034375
1 0.484375 0.22421875 0.01640625 0.03671875
1 0.4828125 0.18125 0.01640625 0.03125
1 0.4890625 0.1546875 0.0125 0.021875
1 0.496875 0.16328125 0.0125 0.0234375
1 0.478125 0.13671875 0.0125 0.021875
1 0.5140625 0.128125 0.0125 0.0203125
1 0.5125 0.15234375 0.0140625 0.02734375
1 0.5328125 0.165625 0.0140625 0.02578125
1 0.546875 0.1765625 0.01640625 0.0328125
1 0.54453125 0.19140625 0.015625 0.02578125
1 0.53359375 0.13203125 0.0109375 0.0234375
1 0.546875 0.1359375 0.0125 0.0234375
1 0.56953125 0.15234375 0.0140625 0.02734375
1 0.5578125 0.14296875 0.0125 0.0203125
1 0.5859375 0.12734375 0.0140625 0.02578125
1 0.603125 0.14453125 0.01328125 0.0234375
1 0.596875 0.16640625 0.0140625 0.0234375
1 0.60859375 0.13125 0.01015625 0.01484375
1 0.6140625 0.1109375 0.0125 0.02578125
1 0.63359375 0.12421875 0.0109375 0.021875
1 0.64453125 0.11328125 0.0109375 0.02578125
1 0.66171875 0.11875 0.009375 0.01796875
1 0.665625 0.13125 0.009375 0.01796875
1 0.6828125 0.13203125 0.0125 0.02734375
1 0.6921875 0.1296875 0.009375 0.01796875
1 0.6453125 0.153125 0.01328125 0.02578125
1 0.75546875 0.13046875 0.01328125 0.02734375
1 0.7640625 0.1421875 0.01328125 0.02578125
1 0.75703125 0.159375 0.01328125 0.02734375
1 0.7828125 0.14375 0.01328125 0.02890625
1 0.7125 0.16953125 0.0140625 0.02890625
1 0.70859375 0.203125 0.01640625 0.034375
1 0.7171875 0.23515625 0.021875 0.03984375
1 0.74296875 0.1859375 0.01640625 0.0328125
1 0.665625 0.1921875 0.01640625 0.03125
1 0.6671875 0.21796875 0.01640625 0.034375
1 0.67578125 0.2671875 0.015625 0.034375
1 0.69296875 0.3234375 0.02890625 0.0640625
1 0.61875 0.30078125 0.0234375 0.0546875
1 0.58984375 0.2796875 0.0234375 0.04921875
1 0.5828125 0.2515625 0.0234375 0.03671875
1 0.63359375 0.21484375 0.021875 0.03984375
1 0.52890625 0.28203125 0.025 0.04375
1 0.74296875 0.3671875 0.0265625 0.06015625
1 0.82109375 0.3640625 0.0296875 0.06171875
1 0.91171875 0.4 0.03046875 0.06015625
1 0.90859375 0.37421875 0.0265625 0.04921875
1 0.86015625 0.31640625 0.02265625 0.03828125
1 0.8734375 0.29765625 0.0171875 0.02734375
1 0.809375 0.29296875 0.025 0.04375
1 0.81171875 0.26484375 0.0171875 0.034375
1 0.8375 0.23515625 0.01953125 0.03984375
1 0.79375 0.22421875 0.0203125 0.03984375
1 0.8078125 0.1984375 0.0171875 0.0328125
1 0.79765625 0.18203125 0.01640625 0.02890625
1 0.7859375 0.19296875 0.015625 0.03671875
1 0.83046875 0.18046875 0.01640625 0.0328125
1 0.84375 0.15859375 0.01640625 0.02578125
1 0.8484375 0.2015625 0.0171875 0.03828125
1 0.86875 0.1890625 0.0140625 0.02890625
1 0.88125 0.16328125 0.015625 0.02734375
1 0.9078125 0.1765625 0.0125 0.0328125
1 0.9140625 0.178125 0.0109375 0.02578125
1 0.9359375 0.175 0.0109375 0.02890625
1 0.9359375 0.2 0.015625 0.0328125
1 0.93125 0.2328125 0.01875 0.03671875
1 0.9296875 0.28203125 0.01953125 0.04765625
1 0.89140625 0.2375 0.01875 0.0421875
1 0.88828125 0.2078125 0.01640625 0.02890625