1 0.39921875 0.41640625 0.0515625 0.0953125
1 0.2703125 0.21953125 0.01796875 0.0390625
1 0.315625 0.20703125 0.01484375 0.02890625
1 0.32890625 0.1796875 0.015625 0.0328125
1 0.34140625 0.2078125 0.01875 0.040625
1 0.35703125 0.23984375 0.01796875 0.0390625
1 0.36875 0.18125 0.015625 0.034375
1 0.378125 0.18828125 0.01796875 0.0390625
1 0.40546875 0.146875 0.01171875 0.03046875
1 0.4265625 0.1421875 0.01015625 0.02890625
1 0.40859375 0.2203125 0.01484375 0.040625
1 0.41953125 0.2375 0.01875 0.04765625
1 0.44375 0.1828125 0.01796875 0.034375
1 0.46328125 0.18515625 0.01953125 0.0359375
1 0.44453125 0.140625 0.0140625 0.02890625
1 0.46875 0.12109375 0.0109375 0.02734375
1 0.4859375 0.13359375 0.01171875 0.02578125
1 0.5015625 0.11015625 0.01484375 0.01875
1 0.503125 0.16640625 0.01640625 0.02890625
1 0.50546875 0.1359375 0.01484375 0.02890625
1 0.5234375 0.11953125 0.01484375 0.0203125
1 0.5234375 0.16640625 0.01640625 0.0390625
1 0.534375 0.14609375 0.015625 0.0328125
1 0.53828125 0.121875 0.01484375 0.021875
1 0.56484375 0.10703125 0.0109375 0.02578125
1 0.55625 0.146875 0.01796875 0.02734375
1 0.55234375 0.17890625 0.02578125 0.04765625
1 0.5765625 0.1265625 0.0234375 0.0375
1 0.58671875 0.16328125 0.021875 0.0359375
1 0.57109375 0.225 0.02421875 0.0546875
1 0.6203125 0.23515625 0.01875 0.04453125
1 0.5984375 0.12421875 0.0140625 0.02421875
1 0.6109375 0.0984375 0.0109375 0.021875
1 0.62265625 0.1109375 0.0109375 0.02421875
1 0.63125 0.0953125 0.0140625 0.02734375
1 0.63203125 0.1421875 0.015625 0.0328125
1 0.65390625 0.1734375 0.01484375 0.0359375
1 0.6578125 0.09765625 0.01171875 0.03046875
1 0.67890625 0.0984375 0.01171875 0.02890625
1 0.7109375 0.09453125 0.01171875 0.02890625
1 0.70546875 0.16640625 0.01875 0.0390625
1 0.69609375 0.2421875 0.01953125 0.04765625
1 0.6734375 0.3265625 0.02421875 0.0703125
1 0.7484375 0.36640625 0.02890625 0.05625
1 0.72421875 0.228125 0.01953125 0.04296875
1 0.72421875 0.16796875 0.01875 0.0359375
1 0.7390625 0.1328125 0.0125 0.034375
1 0.75703125 0.1125 0.01171875 0.034375
1 0.7453125 0.16015625 0.0203125 0.040625
1 0.7640625 0.18125 0.02578125 0.0515625
1 0.76875 0.2390625 0.021875 0.0375
1 0.78671875 0.14140625 0.03359375 0.02734375
1 0.78671875 0.11953125 0.01015625 0.0203125
1 0.8265625 0.11875 0.0140625 0.02890625
1 0.80625 0.1921875 0.01953125 0.0328125
1 0.7953125 0.16015625 0.01796875 0.040625
1 0.8359375 0.15625 0.01640625 0.0359375
1 0.82109375 0.24453125 0.02265625 0.04296875
1 0.80234375 0.27265625 0.0203125 0.0546875
1 0.8515625 0.203125 0.01953125 0.040625
1 0.875 0.16875 0.01796875 0.040625
1 0.8828125 0.15390625 0.0078125 0.03046875
1 0.896875 0.2203125 0.01875 0.034375
1 0.9140625 0.18515625 0.01484375 0.0390625
1 0.95859375 0.1796875 0.01171875 0.0390625
1 0.9421875 0.20625 0.01953125 0.040625
1 0.93671875 0.23671875 0.01640625 0.04296875
1 0.9265625 0.31875 0.02265625 0.0546875
1 0.665625 0.21640625 0.02421875 0.04453125
1 0.62890625 0.203125 0.01953125 0.040625
1 0.68359375 0.12578125 0.02265625 0.0328125
1 0.64921875 0.1359375 0.01484375 0.02890625
1 0.41796875 0.17421875 0.01484375 0.02734375
1 0.91640625 0.1484375 0.01171875 0.03046875
1 0.39375 0.20390625 0.01796875 0.05625
1 0.81328125 0.13046875 0.01015625 0.02578125
1 0.94453125 0.18359375 0.01875 0.0328125
1 0.8203125 0.18828125 0.0109375 0.0359375
1 0.8484375 0.1484375 0.0140625 0.03046875