1 0.34921875 0.21328125 0.01953125 0.02890625
1 0.40703125 0.24296875 0.021875 0.0390625
1 0.45078125 0.2265625 0.021875 0.0390625
1 0.509375 0.21796875 0.02109375 0.0390625
1 0.52578125 0.19765625 0.0125 0.03203125
1 0.54609375 0.19765625 0.01328125 0.03203125
1 0.6046875 0.15703125 0.01328125 0.03515625
1 0.63515625 0.1453125 0.01328125 0.02890625
1 0.67421875 0.1953125 0.015625 0.03046875
1 0.71953125 0.196875 0.01953125 0.03359375
1 0.65234375 0.259375 0.02578125 0.03671875
1 0.7359375 0.30078125 0.02734375 0.05234375
1 0.86015625 0.3390625 0.028125 0.05546875
1 0.88671875 0.2828125 0.0203125 0.046875
1 0.85 0.2328125 0.0171875 0.0390625
1 0.85859375 0.203125 0.01640625 0.03203125
1 0.90703125 0.2265625 0.01171875 0.0421875
1 0.93046875 0.25390625 0.015625 0.05078125
1 0.9625 0.2484375 0.02109375 0.03515625