1 0.13828125 0.540625 0.04609375 0.078125
1 0.23046875 0.353125 0.0171875 0.034375
1 0.28671875 0.3296875 0.01796875 0.0328125
1 0.2515625 0.4015625 0.01875 0.034375
1 0.2890625 0.3828125 0.01875 0.03984375
1 0.340625 0.37421875 0.01875 0.04140625
1 0.3578125 0.34140625 0.015625 0.0296875
1 0.35546875 0.31484375 0.01171875 0.02578125
1 0.396875 0.27890625 0.01328125 0.03125
1 0.41171875 0.28828125 0.015625 0.02734375
1 0.41328125 0.346875 0.01953125 0.0359375
1 0.44765625 0.3515625 0.01875 0.04296875
1 0.440625 0.29453125 0.0171875 0.028125
1 0.46796875 0.28515625 0.01484375 0.034375
1 0.490625 0.28671875 0.015625 0.03828125
1 0.47109375 0.3234375 0.01484375 0.034375
1 0.50859375 0.34140625 0.0234375 0.03828125
1 0.53203125 0.2953125 0.01328125 0.0296875
1 0.52578125 0.265625 0.01953125 0.02109375
1 0.553125 0.26484375 0.01171875 0.028125
1 0.56484375 0.29609375 0.0171875 0.034375
1 0.575 0.2296875 0.01171875 0.02421875
1 0.58515625 0.2796875 0.01796875 0.0328125
1 0.61015625 0.27578125 0.01953125 0.02734375
1 0.621875 0.23046875 0.01328125 0.028125
1 0.64765625 0.26953125 0.0140625 0.02578125
1 0.68203125 0.22265625 0.01328125 0.02109375
1 0.696875 0.23828125 0.01171875 0.0296875
1 0.48828125 0.41640625 0.02578125 0.0609375
1 0.546875 0.36953125 0.021875 0.05
1 0.53515625 0.440625 0.025 0.0640625
1 0.6109375 0.34296875 0.0203125 0.0453125
1 0.6296875 0.38203125 0.02265625 0.05703125
1 0.6046875 0.4703125 0.0265625 0.0765625
1 0.64609375 0.48671875 0.02890625 0.06953125
1 0.65703125 0.35390625 0.01796875 0.046875
1 0.6453125 0.3125 0.01875 0.0359375
1 0.6828125 0.2890625 0.01796875 0.034375
1 0.7046875 0.30546875 0.0171875 0.04140625
1 0.71875 0.265625 0.0140625 0.03828125
1 0.7015625 0.3703125 0.0234375 0.05390625
1 0.66953125 0.39140625 0.028125 0.05234375
1 0.734375 0.41796875 0.03203125 0.05859375
1 0.71875 0.52578125 0.04140625 0.0765625
1 0.75078125 0.24921875 0.0125 0.0171875
1 0.75546875 0.28046875 0.01953125 0.028125
1 0.7984375 0.2546875 0.01328125 0.02265625
1 0.8 0.27734375 0.01171875 0.0296875
1 0.7921875 0.2984375 0.01484375 0.0359375
1 0.825 0.25625 0.01328125 0.02265625
1 0.83671875 0.29140625 0.01953125 0.0328125
1 0.78828125 0.44609375 0.02265625 0.06015625
1 0.82734375 0.378125 0.02109375 0.05
1 0.8421875 0.35546875 0.01953125 0.04140625
1 0.859375 0.33671875 0.01484375 0.0359375
1 0.87265625 0.29375 0.0171875 0.03671875
1 0.89609375 0.271875 0.01484375 0.03984375
1 0.8875 0.3515625 0.01796875 0.0453125
1 0.87421875 0.409375 0.0234375 0.05546875
1 0.85234375 0.46796875 0.0328125 0.05859375
1 0.8546875 0.5265625 0.034375 0.0671875
1 0.928125 0.471875 0.03203125 0.065625
1 0.909375 0.33828125 0.01875 0.03828125
1 0.9125 0.2953125 0.01171875 0.0328125
1 0.9296875 0.3375 0.01484375 0.03671875
1 0.9421875 0.38671875 0.0203125 0.046875
1 0.95546875 0.29921875 0.0140625 0.02578125
1 0.3828125 0.3609375 0.01796875 0.03828125
1 0.83359375 0.3265625 0.01875 0.03671875
1 0.94921875 0.32578125 0.01328125 0.0296875