1 0.15859375 0.4640625 0.04765625 0.08984375
1 0.33828125 0.221875 0.01484375 0.034375
1 0.3421875 0.1828125 0.01328125 0.034375
1 0.47890625 0.2203125 0.01796875 0.034375
1 0.44375 0.21796875 0.0171875 0.0328125
1 0.415625 0.20859375 0.01328125 0.028125
1 0.4125 0.17890625 0.01484375 0.02421875
1 0.421875 0.1515625 0.01171875 0.02109375
1 0.44453125 0.1515625 0.01171875 0.02109375
1 0.45 0.17890625 0.01484375 0.03125
1 0.46640625 0.1859375 0.015625 0.03125
1 0.4609375 0.128125 0.01015625 0.02421875
1 0.4765625 0.14921875 0.01015625 0.02265625
1 0.50390625 0.1484375 0.0125 0.02421875
1 0.4984375 0.1203125 0.01171875 0.01796875
1 0.51953125 0.12265625 0.0109375 0.0265625
1 0.5328125 0.1859375 0.01484375 0.03125
1 0.55859375 0.16015625 0.01484375 0.0265625
1 0.53125 0.15234375 0.0125 0.02265625
1 0.540625 0.12578125 0.0109375 0.01953125
1 0.58125 0.16796875 0.015625 0.028125
1 0.596875 0.14140625 0.01328125 0.028125
1 0.5828125 0.11015625 0.0109375 0.02109375
1 0.6015625 0.11953125 0.009375 0.02265625
1 0.61640625 0.14375 0.0125 0.0359375
1 0.6453125 0.13984375 0.0125 0.03125
1 0.6125 0.115625 0.0078125 0.02421875
1 0.60625 0.10234375 0.0125 0.02109375
1 0.6265625 0.1 0.01015625 0.01953125
1 0.653125 0.103125 0.009375 0.0265625
1 0.6734375 0.12265625 0.0109375 0.01953125
1 0.69375 0.121875 0.0109375 0.02109375
1 0.71328125 0.140625 0.01328125 0.0265625
1 0.703125 0.16015625 0.01484375 0.0265625
1 0.6609375 0.18671875 0.0171875 0.0328125
1 0.61875 0.20546875 0.01640625 0.040625
1 0.63125 0.2484375 0.015625 0.0421875
1 0.56796875 0.25234375 0.01953125 0.0390625
1 0.60078125 0.30625 0.028125 0.065625
1 0.54921875 0.290625 0.0265625 0.04765625
1 0.51328125 0.28203125 0.02890625 0.04765625
1 0.671875 0.34140625 0.0296875 0.0671875
1 0.6609375 0.25625 0.01953125 0.04765625
1 0.66484375 0.21875 0.01640625 0.034375
1 0.69375 0.20859375 0.01484375 0.03125
1 0.7109375 0.2265625 0.01875 0.040625
1 0.73671875 0.17421875 0.01328125 0.034375
1 0.74921875 0.15546875 0.01328125 0.0296875
1 0.746875 0.12421875 0.01015625 0.02265625
1 0.75625 0.12578125 0.0125 0.0265625
1 0.77578125 0.134375 0.01171875 0.0328125
1 0.76484375 0.18203125 0.015625 0.0359375
1 0.75625 0.3390625 0.025 0.05859375
1 0.76953125 0.265625 0.02109375 0.05078125
1 0.8015625 0.27265625 0.01953125 0.040625
1 0.8421875 0.3046875 0.01953125 0.04609375
1 0.8265625 0.36484375 0.0265625 0.05546875
1 0.90546875 0.33515625 0.02109375 0.05234375
1 0.915625 0.28125 0.01796875 0.0421875
1 0.8640625 0.271875 0.01953125 0.04609375
1 0.87265625 0.23046875 0.01328125 0.0359375
1 0.88359375 0.209375 0.015625 0.0359375
1 0.89609375 0.19296875 0.01171875 0.0296875
1 0.8984375 0.17109375 0.0109375 0.028125
1 0.90625 0.159375 0.0109375 0.02421875
1 0.9296875 0.17421875 0.01328125 0.034375
1 0.9375 0.21015625 0.0125 0.03125
1 0.91875 0.23828125 0.01015625 0.03125
1 0.925 0.225 0.01171875 0.03125
1 0.83671875 0.21640625 0.015625 0.0359375
1 0.840625 0.19609375 0.01484375 0.0296875
1 0.85546875 0.1828125 0.0125 0.028125
1 0.86484375 0.15625 0.0125 0.034375
1 0.871875 0.14609375 0.01328125 0.02421875
1 0.8390625 0.15078125 0.01328125 0.0328125
1 0.82109375 0.1734375 0.01171875 0.0265625
1 0.8046875 0.19921875 0.0125 0.034375
1 0.78515625 0.2015625 0.01484375 0.0359375
1 0.78828125 0.17109375 0.01640625 0.02109375