1 0.17890625 0.47265625 0.040625 0.07109375
1 0.29453125 0.26328125 0.01328125 0.0375
1 0.33125 0.21171875 0.01015625 0.034375
1 0.321875 0.25546875 0.015625 0.0390625
1 0.34765625 0.2625 0.015625 0.04140625
1 0.35234375 0.228125 0.0140625 0.0359375
1 0.34921875 0.21484375 0.0140625 0.0375
1 0.371875 0.23828125 0.015625 0.0375
1 0.38671875 0.2546875 0.0171875 0.04296875
1 0.39453125 0.22890625 0.01484375 0.0390625
1 0.41484375 0.26328125 0.0203125 0.05390625
1 0.4109375 0.19296875 0.0125 0.03046875
1 0.425 0.1796875 0.01171875 0.0265625
1 0.4390625 0.153125 0.01015625 0.025
1 0.45078125 0.1703125 0.0109375 0.0265625
1 0.46640625 0.1578125 0.0109375 0.0265625
1 0.4578125 0.2328125 0.01640625 0.04296875
1 0.49609375 0.1859375 0.015625 0.0359375
1 0.5078125 0.125 0.00859375 0.01953125
1 0.5171875 0.15703125 0.01171875 0.0390625
1 0.5359375 0.1328125 0.009375 0.0234375
1 0.54609375 0.1609375 0.01328125 0.0359375
1 0.55546875 0.13984375 0.01328125 0.02890625
1 0.56640625 0.1140625 0.01015625 0.028125
1 0.5890625 0.10078125 0.0109375 0.0265625
1 0.5796875 0.1640625 0.01484375 0.0359375
1 0.61015625 0.146875 0.01171875 0.03359375
1 0.6203125 0.09296875 0.009375 0.025
1 0.64296875 0.0953125 0.009375 0.0234375
1 0.64296875 0.115625 0.01015625 0.028125
1 0.63828125 0.1328125 0.01171875 0.02890625
1 0.60390625 0.2109375 0.01875 0.04453125
1 0.590625 0.121875 0.009375 0.028125
1 0.59765625 0.25 0.01875 0.05546875
1 0.6375 0.303125 0.02421875 0.05703125
1 0.6578125 0.246875 0.02265625 0.0515625
1 0.5609375 0.246875 0.02265625 0.046875
1 0.53671875 0.28828125 0.02578125 0.059375
1 0.66015625 0.22109375 0.01875 0.05
1 0.68984375 0.215625 0.01953125 0.0515625
1 0.65625 0.11328125 0.01015625 0.0265625
1 0.66484375 0.12734375 0.01171875 0.03203125
1 0.6984375 0.10859375 0.0109375 0.025
1 0.72109375 0.1828125 0.015625 0.0375
1 0.71953125 0.13515625 0.01328125 0.034375
1 0.68984375 0.1609375 0.01484375 0.03046875
1 0.7359375 0.12734375 0.01015625 0.03203125
1 0.74609375 0.1421875 0.0140625 0.034375
1 0.7703125 0.11875 0.009375 0.02109375
1 0.753125 0.171875 0.01328125 0.03203125
1 0.77890625 0.16171875 0.01328125 0.03203125
1 0.80546875 0.12421875 0.0109375 0.03203125
1 0.81015625 0.159375 0.01328125 0.03359375
1 0.7640625 0.228125 0.01875 0.04296875
1 0.77421875 0.20390625 0.015625 0.0390625
1 0.76796875 0.27734375 0.02109375 0.05390625
1 0.8109375 0.246875 0.01796875 0.0484375
1 0.853125 0.25390625 0.01953125 0.05
1 0.8375 0.125 0.01171875 0.03046875
1 0.82109375 0.21640625 0.01484375 0.03359375
1 0.84140625 0.18046875 0.0125 0.03046875
1 0.85078125 0.16328125 0.01328125 0.034375
1 0.85546875 0.14375 0.01328125 0.02890625
1 0.90546875 0.121875 0.0109375 0.0265625
1 0.925 0.12578125 0.0140625 0.03203125
1 0.89453125 0.14921875 0.01328125 0.034375
1 0.9234375 0.1609375 0.01328125 0.03359375
1 0.88671875 0.18203125 0.015625 0.03359375
1 0.92421875 0.20078125 0.0125 0.03203125
1 0.9203125 0.24140625 0.01640625 0.04453125
1 0.86875 0.2328125 0.01875 0.0484375
1 0.903125 0.3015625 0.0234375 0.0609375
1 0.878125 0.4109375 0.03671875 0.075
1 0.8296875 0.31328125 0.025 0.06796875
1 0.79921875 0.3828125 0.03046875 0.07890625