1 0.0671875 0.60625 0.05625 0.12265625
1 0.19921875 0.303125 0.01953125 0.0546875
1 0.22890625 0.290625 0.02578125 0.0578125
1 0.27265625 0.2515625 0.01953125 0.0421875
1 0.309375 0.24921875 0.01796875 0.0421875
1 0.32578125 0.24140625 0.01875 0.0578125
1 0.309375 0.21875 0.01875 0.04765625
1 0.35234375 0.21796875 0.01875 0.0453125
1 0.371875 0.26953125 0.01875 0.04765625
1 0.3921875 0.2453125 0.01796875 0.04765625
1 0.36484375 0.20703125 0.01796875 0.0453125
1 0.3921875 0.1953125 0.0171875 0.0421875
1 0.4375 0.3296875 0.02578125 0.06171875
1 0.43125 0.2015625 0.01875 0.040625
1 0.4359375 0.1671875 0.0140625 0.0421875
1 0.45546875 0.1703125 0.0140625 0.03125
1 0.4953125 0.1625 0.0234375 0.04375
1 0.49453125 0.21328125 0.0171875 0.04375
1 0.471875 0.2546875 0.02109375 0.05625
1 0.521875 0.17578125 0.01875 0.04921875
1 0.55390625 0.2265625 0.0203125 0.03828125
1 0.55703125 0.16796875 0.01328125 0.040625
1 0.55390625 0.13515625 0.0140625 0.03125
1 0.578125 0.13984375 0.0171875 0.03671875
1 0.5796875 0.2015625 0.01875 0.04765625
1 0.58125 0.1734375 0.0140625 0.03359375
1 0.59921875 0.1265625 0.01484375 0.0421875
1 0.60703125 0.16015625 0.0125 0.03515625
1 0.6140625 0.1828125 0.0171875 0.0453125
1 0.62265625 0.209375 0.01484375 0.04921875
1 0.63046875 0.134375 0.0171875 0.040625
1 0.6578125 0.15234375 0.01484375 0.04375
1 0.665625 0.13828125 0.01328125 0.040625
1 0.6640625 0.18828125 0.0109375 0.0421875
1 0.675 0.24375 0.01953125 0.0546875
1 0.6953125 0.215625 0.0171875 0.04375
1 0.6890625 0.1703125 0.01640625 0.03515625
1 0.6890625 0.140625 0.0171875 0.0421875
1 0.71171875 0.1625 0.01640625 0.03671875
1 0.615625 0.3015625 0.025 0.0578125
1 0.5765625 0.353125 0.02890625 0.0703125
1 0.6109375 0.39140625 0.0328125 0.06875
1 0.6578125 0.425 0.03046875 0.07734375
1 0.73125 0.41953125 0.0328125 0.08984375
1 0.7296875 0.27265625 0.0203125 0.05625
1 0.74765625 0.30703125 0.02109375 0.0546875
1 0.74296875 0.2421875 0.01796875 0.04921875
1 0.74921875 0.20390625 0.0171875 0.03828125
1 0.7734375 0.1921875 0.01796875 0.04765625
1 0.7953125 0.22421875 0.0203125 0.05078125
1 0.81015625 0.19765625 0.01875 0.05078125
1 0.8203125 0.2109375 0.01484375 0.0421875
1 0.82265625 0.2421875 0.0171875 0.0453125
1 0.78984375 0.28046875 0.02109375 0.06171875
1 0.8140625 0.309375 0.025 0.06328125
1 0.8 0.4796875 0.03359375 0.09453125
1 0.86875 0.51484375 0.03125 0.10546875
1 0.88828125 0.42109375 0.0234375 0.071875
1 0.86328125 0.3796875 0.02265625 0.06328125
1 0.8703125 0.325 0.01875 0.0453125
1 0.8875 0.30390625 0.01875 0.05234375
1 0.86953125 0.24140625 0.01328125 0.040625
1 0.8796875 0.23046875 0.01484375 0.03515625
1 0.9015625 0.2375 0.01953125 0.0453125
1 0.90234375 0.275 0.0125 0.04765625
1 0.9234375 0.35703125 0.021875 0.0703125
1 0.93203125 0.28203125 0.0140625 0.05078125
1 0.95234375 0.2578125 0.0140625 0.040625
1 0.98359375 0.26796875 0.01171875 0.04765625
1 0.97265625 0.33125 0.01640625 0.05078125
1 0.9734375 0.384375 0.02109375 0.0578125
1 0.95 0.39296875 0.021875 0.071875
1 0.95390625 0.49375 0.02421875 0.09140625