1 0.0234375 0.37578125 0.028125 0.05546875
1 0.25703125 0.2828125 0.02265625 0.03359375
1 0.2984375 0.25234375 0.0203125 0.0421875
1 0.3109375 0.22265625 0.0140625 0.03359375
1 0.3234375 0.26953125 0.01953125 0.03984375
1 0.340625 0.27578125 0.021875 0.03828125
1 0.34296875 0.23125 0.01953125 0.03671875
1 0.3703125 0.2328125 0.0203125 0.0265625
1 0.38359375 0.2 0.021875 0.028125
1 0.409375 0.17265625 0.01484375 0.0234375
1 0.42578125 0.17421875 0.01953125 0.0265625
1 0.425 0.20859375 0.0171875 0.03203125
1 0.43671875 0.2390625 0.01796875 0.03515625
1 0.459375 0.23359375 0.01953125 0.03828125
1 0.46640625 0.19609375 0.01875 0.03359375
1 0.484375 0.20859375 0.01875 0.03203125
1 0.4546875 0.1859375 0.01953125 0.03046875
1 0.44765625 0.14140625 0.01484375 0.025
1 0.47578125 0.1625 0.01796875 0.03359375
1 0.48515625 0.13125 0.01328125 0.021875
1 0.50078125 0.14765625 0.0140625 0.0234375
1 0.52421875 0.14609375 0.015625 0.03046875
1 0.5328125 0.13203125 0.0140625 0.03359375
1 0.55546875 0.1125 0.0140625 0.0234375
1 0.5625 0.1296875 0.01328125 0.025
1 0.59140625 0.09375 0.0125 0.0234375
1 0.5890625 0.13125 0.015625 0.03515625
1 0.61484375 0.10703125 0.01484375 0.0234375
1 0.6453125 0.10078125 0.01328125 0.0265625
1 0.63984375 0.11640625 0.0140625 0.025
1 0.67109375 0.11484375 0.0171875 0.021875
1 0.69921875 0.09296875 0.0140625 0.03515625
1 0.68671875 0.14609375 0.01875 0.03671875
1 0.6125 0.140625 0.0203125 0.03359375
1 0.56640625 0.17578125 0.0203125 0.03984375
1 0.540625 0.19765625 0.01953125 0.03984375
1 0.39765625 0.29296875 0.0234375 0.04375
1 0.478125 0.30078125 0.02734375 0.0484375
1 0.54296875 0.28984375 0.0265625 0.05390625
1 0.5640625 0.2359375 0.0203125 0.03671875
1 0.62734375 0.190625 0.01875 0.03359375
1 0.65234375 0.17265625 0.0171875 0.03671875
1 0.66484375 0.20703125 0.0203125 0.03828125
1 0.6109375 0.259375 0.021875 0.03671875
1 0.60390625 0.32890625 0.0296875 0.0515625
1 0.659375 0.26328125 0.0234375 0.03671875
1 0.69609375 0.21640625 0.01953125 0.03671875
1 0.70859375 0.13671875 0.0171875 0.03828125
1 0.73125 0.11953125 0.01328125 0.03203125
1 0.753125 0.11328125 0.01328125 0.025
1 0.76328125 0.1265625 0.0140625 0.03515625
1 0.7796875 0.1140625 0.01328125 0.03359375
1 0.7953125 0.12734375 0.01484375 0.0265625
1 0.82421875 0.11796875 0.0140625 0.028125
1 0.83203125 0.13515625 0.01484375 0.03203125
1 0.865625 0.1234375 0.01484375 0.025
1 0.865625 0.146875 0.01796875 0.03203125
1 0.8953125 0.1234375 0.0125 0.028125
1 0.89140625 0.1640625 0.01953125 0.03046875
1 0.92890625 0.15234375 0.0125 0.0265625
1 0.93125 0.1734375 0.01328125 0.025
1 0.925 0.2 0.015625 0.03828125
1 0.890625 0.19921875 0.01796875 0.03984375
1 0.84609375 0.190625 0.0203125 0.03984375
1 0.8546875 0.15546875 0.015625 0.03671875
1 0.81875 0.1609375 0.01484375 0.03359375
1 0.8015625 0.17421875 0.0203125 0.03671875
1 0.76875 0.165625 0.01953125 0.0265625
1 0.73203125 0.19375 0.01875 0.03515625
1 0.73125 0.16015625 0.015625 0.028125
1 0.74765625 0.1421875 0.01484375 0.03046875
1 0.7484375 0.2390625 0.021875 0.05546875
1 0.8171875 0.221875 0.0203125 0.0484375
1 0.86640625 0.2296875 0.0203125 0.03984375
1 0.92109375 0.2859375 0.02421875 0.0453125
1 0.78515625 0.29140625 0.0234375 0.05
1 0.7296875 0.2765625 0.025 0.05390625
1 0.68046875 0.3265625 0.03203125 0.05390625