1 0.1828125 0.471875 0.06171875 0.11484375
1 0.2640625 0.2671875 0.01796875 0.04453125
1 0.2796875 0.2671875 0.02109375 0.0375
1 0.32734375 0.24296875 0.0203125 0.0375
1 0.33515625 0.21328125 0.01953125 0.0375
1 0.3515625 0.2078125 0.0171875 0.04140625
1 0.36328125 0.21875 0.01953125 0.0359375
1 0.35859375 0.25390625 0.02109375 0.04765625
1 0.37578125 0.27734375 0.025 0.04765625
1 0.40390625 0.28828125 0.02578125 0.05078125
1 0.4046875 0.2203125 0.0234375 0.04296875
1 0.39140625 0.19296875 0.01796875 0.03125
1 0.37421875 0.1890625 0.0140625 0.03984375
1 0.42265625 0.19375 0.01796875 0.0359375
1 0.45703125 0.18828125 0.01796875 0.034375
1 0.48203125 0.22578125 0.0234375 0.04453125
1 0.4640625 0.22421875 0.0171875 0.04453125
1 0.4734375 0.15078125 0.01796875 0.03125
1 0.49140625 0.16796875 0.0171875 0.0265625
1 0.49609375 0.134375 0.015625 0.03125
1 0.50546875 0.14765625 0.015625 0.0265625
1 0.525 0.18203125 0.0171875 0.03125
1 0.5421875 0.20234375 0.0234375 0.04296875
1 0.5296875 0.165625 0.0171875 0.034375
1 0.565625 0.16484375 0.01796875 0.0359375
1 0.5796875 0.14765625 0.0140625 0.0265625
1 0.58046875 0.1203125 0.0140625 0.0296875
1 0.5984375 0.16328125 0.0203125 0.0375
1 0.61171875 0.13984375 0.01328125 0.0265625
1 0.61328125 0.11875 0.0109375 0.02265625
1 0.625 0.14609375 0.0171875 0.0296875
1 0.63359375 0.13203125 0.015625 0.03125
1 0.6546875 0.13671875 0.01640625 0.0359375
1 0.66484375 0.11953125 0.01640625 0.034375
1 0.6296875 0.11171875 0.0125 0.02265625
1 0.5671875 0.25 0.02578125 0.04921875
1 0.5203125 0.3015625 0.03046875 0.0640625
1 0.559375 0.30703125 0.0328125 0.0609375
1 0.621875 0.353125 0.03984375 0.0609375
1 0.6390625 0.2453125 0.025 0.05625
1 0.64140625 0.2046875 0.021875 0.04453125
1 0.67421875 0.19921875 0.021875 0.04296875
1 0.69375 0.2546875 0.028125 0.059375
1 0.7328125 0.22421875 0.02578125 0.05078125
1 0.73828125 0.296875 0.025 0.05078125
1 0.71796875 0.1875 0.0234375 0.03984375
1 0.70703125 0.1515625 0.0171875 0.0296875
1 0.696875 0.12109375 0.0171875 0.03125
1 0.7265625 0.1515625 0.0140625 0.0296875
1 0.73984375 0.17421875 0.0171875 0.04296875
1 0.75234375 0.19765625 0.01953125 0.04296875
1 0.746875 0.11875 0.01640625 0.03984375
1 0.77421875 0.140625 0.01796875 0.0375
1 0.78515625 0.12109375 0.015625 0.034375
1 0.80078125 0.134375 0.0171875 0.034375
1 0.790625 0.16484375 0.0171875 0.0359375
1 0.81875 0.16328125 0.01796875 0.0375
1 0.7921875 0.20625 0.02734375 0.04453125
1 0.78046875 0.2390625 0.02578125 0.05078125
1 0.7984375 0.2796875 0.028125 0.0625
1 0.87109375 0.30546875 0.0296875 0.0578125
1 0.86640625 0.26640625 0.02421875 0.04296875
1 0.8640625 0.21171875 0.0234375 0.05078125
1 0.86875 0.1875 0.0234375 0.0328125
1 0.8609375 0.1515625 0.02109375 0.0359375
1 0.87890625 0.1515625 0.0171875 0.04296875
1 0.91171875 0.1734375 0.01953125 0.04140625
1 0.9203125 0.15859375 0.01640625 0.03125
1 0.9453125 0.25859375 0.025 0.05234375
1 0.95 0.22265625 0.0203125 0.04140625
1 0.9328125 0.221875 0.01796875 0.0359375