1 0.33125 0.2 0.01796875 0.0328125
1 0.37265625 0.19609375 0.01484375 0.02734375
1 0.38203125 0.1796875 0.0125 0.02109375
1 0.70859375 0.3078125 0.04140625 0.078125
1 0.42421875 0.1765625 0.01953125 0.02421875
1 0.4375 0.17890625 0.0125 0.0296875
1 0.4453125 0.1484375 0.009375 0.01953125
1 0.45859375 0.15546875 0.01796875 0.034375
1 0.47578125 0.2046875 0.02265625 0.040625
1 0.48828125 0.1703125 0.0171875 0.040625
1 0.48203125 0.14296875 0.01015625 0.01328125
1 0.5 0.1421875 0.015625 0.02734375
1 0.5078125 0.15859375 0.01796875 0.034375
1 0.5125 0.184375 0.009375 0.0328125
1 0.52578125 0.171875 0.01328125 0.02734375
1 0.52109375 0.1359375 0.01328125 0.03125
1 0.5484375 0.1359375 0.01015625 0.02109375
1 0.5609375 0.18828125 0.01953125 0.034375
1 0.58359375 0.1328125 0.01796875 0.03125
1 0.59921875 0.1375 0.01484375 0.03125
1 0.6015625 0.16171875 0.0109375 0.02109375
1 0.6234375 0.1125 0.00859375 0.02265625
1 0.634375 0.146875 0.01484375 0.02578125
1 0.6640625 0.1296875 0.01796875 0.04375
1 0.68125 0.11796875 0.0171875 0.0375
1 0.69296875 0.13671875 0.021875 0.0453125
1 0.71484375 0.12734375 0.01015625 0.01953125
1 0.59609375 0.23671875 0.02265625 0.040625
1 0.62734375 0.20859375 0.01875 0.0390625
1 0.66640625 0.1984375 0.0109375 0.02578125
1 0.6703125 0.2359375 0.0203125 0.0359375
1 0.70078125 0.2453125 0.02890625 0.05078125
1 0.70234375 0.17734375 0.01328125 0.02578125
1 0.71640625 0.19765625 0.0171875 0.034375
1 0.7390625 0.1515625 0.01953125 0.0296875
1 0.7421875 0.18125 0.015625 0.03125
1 0.76015625 0.14375 0.01796875 0.03125
1 0.76875 0.1421875 0.00859375 0.02734375
1 0.8 0.175 0.01875 0.034375
1 0.784375 0.1796875 0.01484375 0.034375
1 0.79921875 0.21640625 0.01484375 0.0328125
1 0.815625 0.15859375 0.01484375 0.02734375
1 0.82890625 0.14375 0.0140625 0.02734375
1 0.82265625 0.1953125 0.0125 0.0296875
1 0.84609375 0.18515625 0.01796875 0.03125
1 0.8640625 0.1453125 0.01328125 0.0296875
1 0.865625 0.20546875 0.0140625 0.0421875
1 0.89375 0.15546875 0.01328125 0.02421875
1 0.89140625 0.23203125 0.02265625 0.0375
1 0.88125 0.271875 0.0171875 0.0421875
1 0.9140625 0.184375 0.0171875 0.0359375
1 0.94296875 0.17578125 0.0125 0.02265625
1 0.940625 0.225 0.01796875 0.0328125
1 0.47109375 0.17109375 0.0203125 0.0296875
1 0.646875 0.1578125 0.01484375 0.0328125