1 0.1828125 0.3703125 0.04921875 0.08828125
1 0.28046875 0.2171875 0.0140625 0.03671875
1 0.32578125 0.16796875 0.01640625 0.02734375
1 0.30703125 0.21953125 0.01640625 0.03984375
1 0.32890625 0.228125 0.0203125 0.0328125
1 0.34296875 0.18828125 0.015625 0.03984375
1 0.36640625 0.1921875 0.0171875 0.04140625
1 0.3484375 0.23828125 0.01796875 0.03984375
1 0.4140625 0.15859375 0.0140625 0.0296875
1 0.4203125 0.134375 0.01953125 0.0328125
1 0.3875 0.184375 0.01640625 0.0328125
1 0.4171875 0.22265625 0.02109375 0.03984375
1 0.44296875 0.15390625 0.01796875 0.03125
1 0.45703125 0.15078125 0.015625 0.03828125
1 0.465625 0.12734375 0.0140625 0.02578125
1 0.50703125 0.11328125 0.01640625 0.0296875
1 0.48828125 0.1296875 0.01796875 0.03828125
1 0.459375 0.196875 0.01640625 0.03984375
1 0.46953125 0.1671875 0.02109375 0.03671875
1 0.5015625 0.1796875 0.021875 0.03671875
1 0.4828125 0.2203125 0.0234375 0.04140625
1 0.4921875 0.2765625 0.0203125 0.04296875
1 0.525 0.11796875 0.015625 0.02734375
1 0.54609375 0.125 0.015625 0.02734375
1 0.55546875 0.1453125 0.0203125 0.034375
1 0.52265625 0.15390625 0.0140625 0.03125
1 0.55390625 0.17265625 0.01953125 0.03671875
1 0.571875 0.1109375 0.0125 0.034375
1 0.59140625 0.096875 0.0125 0.02734375
1 0.55234375 0.27734375 0.02578125 0.05546875
1 0.58359375 0.16328125 0.015625 0.03125
1 0.6109375 0.10234375 0.0125 0.02421875
1 0.63125 0.0953125 0.01328125 0.034375
1 0.61953125 0.13515625 0.01328125 0.02734375
1 0.6140625 0.228125 0.02109375 0.0609375
1 0.665625 0.09375 0.015625 0.02421875
1 0.65546875 0.11015625 0.0171875 0.02265625
1 0.6875 0.0875 0.0125 0.02578125
1 0.68671875 0.1109375 0.015625 0.034375
1 0.71328125 0.09375 0.0109375 0.02421875
1 0.69453125 0.15234375 0.015625 0.03125
1 0.6828125 0.16171875 0.01796875 0.03671875
1 0.671875 0.2359375 0.021875 0.05234375
1 0.60078125 0.3171875 0.02734375 0.05859375
1 0.6734375 0.3328125 0.034375 0.07265625
1 0.71953125 0.2828125 0.021875 0.05234375
1 0.728125 0.2109375 0.0234375 0.03671875
1 0.73203125 0.1265625 0.015625 0.034375
1 0.74453125 0.12109375 0.015625 0.02734375
1 0.78046875 0.125 0.015625 0.03125
1 0.7484375 0.16328125 0.02109375 0.03125
1 0.77109375 0.2171875 0.01953125 0.03984375
1 0.78828125 0.14375 0.01953125 0.03828125
1 0.80625 0.14453125 0.01328125 0.03671875
1 0.7921875 0.1921875 0.01796875 0.03828125
1 0.7828125 0.28359375 0.021875 0.0609375
1 0.74296875 0.36015625 0.02890625 0.065625
1 0.81484375 0.38359375 0.0296875 0.06796875
1 0.81796875 0.24140625 0.0234375 0.05390625
1 0.8703125 0.25078125 0.021875 0.05703125
1 0.84375 0.3015625 0.025 0.05859375
1 0.8828125 0.215625 0.0140625 0.046875
1 0.921875 0.2078125 0.015625 0.034375
1 0.9203125 0.2703125 0.01796875 0.0484375
1 0.9109375 0.3390625 0.01796875 0.05703125
1 0.89140625 0.415625 0.0328125 0.0828125
1 0.7609375 0.1734375 0.021875 0.0453125
1 0.71640625 0.17734375 0.01640625 0.03984375
1 0.66015625 0.128125 0.0203125 0.03828125
1 0.5953125 0.1234375 0.01328125 0.04140625
1 0.55078125 0.1375 0.0171875 0.03984375
1 0.37265625 0.2453125 0.01640625 0.04296875
1 0.56328125 0.2328125 0.02421875 0.046875
1 0.41015625 0.19296875 0.01796875 0.0328125