1 0.725 0.11015625 0.05703125 0.08984375
1 0.53984375 0.653125 0.08671875 0.153125
1 0.46640625 0.5640625 0.0765625 0.115625
1 0.4421875 0.51015625 0.0546875 0.09296875
1 0.40859375 0.4625 0.06015625 0.0875
1 0.371875 0.4234375 0.05 0.08046875
1 0.33046875 0.40234375 0.04140625 0.07265625
1 0.37421875 0.3625 0.0484375 0.0578125
1 0.3328125 0.33046875 0.03515625 0.06015625
1 0.3703125 0.28984375 0.0296875 0.0578125
1 0.18515625 0.3046875 0.04296875 0.0625
1 0.196875 0.284375 0.0296875 0.05234375
1 0.14140625 0.36484375 0.046875 0.06796875
1 0.13046875 0.32578125 0.04140625 0.05
1 0.075 0.4359375 0.06328125 0.1
1 0.08203125 0.3875 0.06015625 0.07734375
1 0.04609375 0.53359375 0.09140625 0.11015625
1 0.02578125 0.45859375 0.0515625 0.1
1 0.0296875 0.6515625 0.05703125 0.11015625
1 0.06015625 0.7671875 0.11328125 0.1703125