1 0.04140625 0.415625 0.03984375 0.084375
1 0.02890625 0.446875 0.0515625 0.10625
1 0.1375 0.43359375 0.05078125 0.08828125
1 0.17734375 0.49375 0.078125 0.1171875
1 0.17890625 0.4234375 0.0484375 0.071875
1 0.22578125 0.44921875 0.05546875 0.09765625
1 0.3265625 0.46953125 0.05625 0.08984375
1 0.33046875 0.4015625 0.0390625 0.0734375
1 0.3671875 0.41875 0.028125 0.06171875
1 0.3953125 0.4375 0.03671875 0.06328125
1 0.4640625 0.4796875 0.0625 0.0796875
1 0.50859375 0.4375 0.0375 0.0796875
1 0.51171875 0.34140625 0.03125 0.06015625
1 0.5671875 0.515625 0.1015625 0.20390625
1 0.60234375 0.45546875 0.06484375 0.109375
1 0.68359375 0.44921875 0.046875 0.075
1 0.78125 0.5 0.0734375 0.1140625
1 0.87265625 0.61015625 0.14140625 0.25234375
1 0.91640625 0.45390625 0.07890625 0.12890625