1 0.9375 0.1734375 0.00859375 0.02421875
1 0.92578125 0.1828125 0.01171875 0.0359375
1 0.9359375 0.19765625 0.0140625 0.03203125
1 0.93515625 0.22265625 0.0140625 0.03203125
1 0.93359375 0.23203125 0.0125 0.03203125
1 0.8953125 0.21484375 0.015625 0.028125
1 0.87890625 0.1578125 0.009375 0.0265625
1 0.8546875 0.14375 0.00859375 0.02421875
1 0.8171875 0.14453125 0.01171875 0.0265625
1 0.8625 0.20390625 0.0125 0.0359375
1 0.88203125 0.2296875 0.015625 0.0390625
1 0.871875 0.271875 0.0140625 0.04140625
1 0.76015625 0.13828125 0.009375 0.02421875
1 0.82890625 0.1875 0.0125 0.03359375
1 0.809375 0.16171875 0.0125 0.0296875
1 0.79296875 0.16953125 0.0125 0.03203125
1 0.8 0.20859375 0.0140625 0.03359375
1 0.81484375 0.21015625 0.0140625 0.03359375
1 0.771875 0.18203125 0.0109375 0.0296875
1 0.73515625 0.18125 0.0125 0.03203125
1 0.7296875 0.153125 0.0125 0.0359375
1 0.6921875 0.18046875 0.01171875 0.03359375
1 0.72265625 0.23203125 0.01875 0.04296875
1 0.7078125 0.1953125 0.0171875 0.0375
1 0.7046875 0.121875 0.00859375 0.02265625
1 0.67265625 0.11171875 0.00859375 0.0203125
1 0.65625 0.11640625 0.00859375 0.01484375
1 0.59921875 0.06640625 0.00859375 0.0203125
1 0.6171875 0.10703125 0.00859375 0.01484375
1 0.50390625 0.08046875 0.009375 0.01875
1 0.54765625 0.12109375 0.00859375 0.0203125
1 0.578125 0.12578125 0.0109375 0.0265625
1 0.59296875 0.13984375 0.01171875 0.028125
1 0.6 0.15703125 0.01171875 0.02421875
1 0.571875 0.14453125 0.01171875 0.0296875
1 0.63046875 0.14140625 0.0125 0.028125
1 0.62421875 0.134375 0.009375 0.02421875
1 0.63046875 0.16484375 0.0171875 0.0265625
1 0.65859375 0.1921875 0.01484375 0.0390625
1 0.66875 0.215625 0.01484375 0.04140625
1 0.62265625 0.2234375 0.01796875 0.04140625
1 0.56484375 0.246875 0.0203125 0.04296875
1 0.525 0.13203125 0.0109375 0.02421875
1 0.5390625 0.15234375 0.0109375 0.0265625
1 0.55546875 0.1859375 0.0140625 0.03359375
1 0.5234375 0.18515625 0.0125 0.0359375
1 0.51640625 0.171875 0.0140625 0.03203125
1 0.45 0.153125 0.01171875 0.028125
1 0.428125 0.15 0.0109375 0.0265625
1 0.459375 0.16875 0.01171875 0.03359375
1 0.47890625 0.1359375 0.0125 0.028125
1 0.49453125 0.13359375 0.0109375 0.02265625
1 0.47890625 0.153125 0.0125 0.02421875
1 0.45390625 0.23046875 0.0171875 0.04140625
1 0.4796875 0.17890625 0.01796875 0.0359375
1 0.32109375 0.20234375 0.015625 0.0296875
1 0.3703125 0.19609375 0.0125 0.028125
1 0.38203125 0.18125 0.0140625 0.028125
1 0.41015625 0.1765625 0.0125 0.0296875
1 0.64921875 0.31875 0.03671875 0.07890625