1 0.12890625 0.50703125 0.05078125 0.1140625
1 0.2390625 0.25 0.01640625 0.03984375
1 0.24609375 0.265625 0.0203125 0.04296875
1 0.29140625 0.22734375 0.01875 0.03984375
1 0.3109375 0.23125 0.01953125 0.04140625
1 0.32265625 0.20078125 0.01796875 0.03828125
1 0.34296875 0.20859375 0.01953125 0.03984375
1 0.3640625 0.20078125 0.0171875 0.03515625
1 0.37734375 0.1890625 0.01484375 0.03046875
1 0.37890625 0.24921875 0.02109375 0.046875
1 0.40234375 0.18125 0.01484375 0.03671875
1 0.41484375 0.21640625 0.0171875 0.03671875
1 0.45234375 0.284375 0.02265625 0.053125
1 0.4453125 0.16171875 0.0171875 0.03046875
1 0.4453125 0.18359375 0.01640625 0.03828125
1 0.4765625 0.15546875 0.015625 0.03359375
1 0.48984375 0.16640625 0.01640625 0.03984375
1 0.50859375 0.1453125 0.0125 0.03203125
1 0.528125 0.16171875 0.0171875 0.03984375
1 0.53671875 0.153125 0.01484375 0.03828125
1 0.50703125 0.196875 0.0203125 0.03671875
1 0.48359375 0.23203125 0.021875 0.0484375
1 0.5609375 0.203125 0.0171875 0.03515625
1 0.5640625 0.134375 0.01640625 0.03359375
1 0.56875 0.15390625 0.015625 0.03671875
1 0.5875 0.18671875 0.01640625 0.03515625
1 0.59296875 0.1640625 0.0171875 0.03515625
1 0.5875 0.13359375 0.01640625 0.03203125
1 0.61015625 0.11484375 0.015625 0.02890625
1 0.61640625 0.14765625 0.015625 0.03046875
1 0.62109375 0.16875 0.0140625 0.03828125
1 0.63125 0.1875 0.01484375 0.03671875
1 0.625 0.2765625 0.02421875 0.059375
1 0.58671875 0.3140625 0.02734375 0.04609375
1 0.6125 0.3515625 0.02890625 0.059375
1 0.64140625 0.12734375 0.01328125 0.03515625
1 0.671875 0.13515625 0.015625 0.02890625
1 0.665625 0.14609375 0.015625 0.03359375
1 0.66875 0.171875 0.01328125 0.03046875
1 0.68515625 0.175 0.01328125 0.03359375
1 0.6984375 0.13046875 0.01484375 0.03203125
1 0.71796875 0.1484375 0.015625 0.03515625
1 0.7078125 0.203125 0.01796875 0.04296875
1 0.67109375 0.23359375 0.021875 0.0546875
1 0.6671875 0.38046875 0.025 0.059375
1 0.73125 0.3671875 0.02578125 0.0609375
1 0.7546875 0.184375 0.01484375 0.03046875
1 0.74453125 0.19609375 0.01484375 0.03828125
1 0.74921875 0.21796875 0.01796875 0.03984375
1 0.7328125 0.246875 0.01953125 0.0546875
1 0.76015625 0.2734375 0.021875 0.046875
1 0.77890625 0.1703125 0.01640625 0.02578125
1 0.78359375 0.203125 0.01640625 0.03984375
1 0.8140625 0.18359375 0.01484375 0.03828125
1 0.82265625 0.2125 0.01640625 0.04140625
1 0.80234375 0.2296875 0.0171875 0.04453125
1 0.809375 0.2921875 0.021875 0.05625
1 0.84921875 0.20546875 0.0171875 0.03671875
1 0.86875 0.22109375 0.01796875 0.03359375
1 0.8828125 0.21796875 0.01640625 0.03984375
1 0.91171875 0.21953125 0.01640625 0.03984375
1 0.9046875 0.24453125 0.01484375 0.03515625
1 0.934375 0.25546875 0.015625 0.03828125
1 0.95234375 0.234375 0.0140625 0.04140625
1 0.92890625 0.3078125 0.01484375 0.0484375
1 0.890625 0.27421875 0.01796875 0.03984375
1 0.8765625 0.29609375 0.01796875 0.04296875
1 0.86328125 0.31796875 0.01875 0.053125
1 0.88671875 0.36953125 0.021875 0.065625
1 0.87421875 0.459375 0.0265625 0.08046875
1 0.8 0.41875 0.0296875 0.08984375
1 0.96328125 0.421875 0.02578125 0.059375
1 0.95234375 0.359375 0.02109375 0.05625
1 0.97578125 0.34296875 0.0171875 0.04296875
1 0.98984375 0.265625 0.0140625 0.03515625
1 0.97890625 0.290625 0.0125 0.03515625
1 0.97734375 0.31328125 0.015625 0.04453125