1 0.17265625 0.32109375 0.02578125 0.0484375
1 0.1984375 0.31875 0.02890625 0.05703125
1 0.21328125 0.35703125 0.03359375 0.05859375
1 0.27734375 0.22421875 0.0234375 0.04453125
1 0.28359375 0.1953125 0.0171875 0.03359375
1 0.31484375 0.23125 0.0234375 0.0421875
1 0.32265625 0.30078125 0.034375 0.08203125
1 0.3546875 0.28515625 0.03515625 0.0625
1 0.34765625 0.41796875 0.04453125 0.09609375
1 0.44453125 0.24375 0.0328125 0.065625
1 0.53828125 0.28984375 0.03671875 0.07265625
1 0.35546875 0.365625 0.04140625 0.06953125