1 0.4265625 0.26015625 0.025 0.04296875
1 0.39140625 0.19453125 0.0203125 0.04140625
1 0.43671875 0.18984375 0.02109375 0.03515625
1 0.4546875 0.221875 0.02578125 0.04609375
1 0.47734375 0.1546875 0.01875 0.03125
1 0.49609375 0.19140625 0.025 0.03515625
1 0.47734375 0.1953125 0.01796875 0.03671875
1 0.48671875 0.30078125 0.025 0.0515625
1 0.59140625 0.2640625 0.0234375 0.04609375
1 0.56953125 0.13515625 0.015625 0.03515625
1 0.69375 0.175 0.0203125 0.03828125
1 0.72890625 0.14453125 0.02734375 0.04609375