1 0.0765625 0.54609375 0.04921875 0.1
1 0.20859375 0.26953125 0.0140625 0.040625
1 0.22578125 0.26953125 0.015625 0.04453125
1 0.265625 0.23984375 0.01796875 0.0375
1 0.29296875 0.23984375 0.0171875 0.034375
1 0.296875 0.20546875 0.01796875 0.02421875
1 0.328125 0.23125 0.0140625 0.040625
1 0.35859375 0.2703125 0.02109375 0.04609375
1 0.34140625 0.2109375 0.01328125 0.0390625
1 0.35859375 0.19609375 0.01328125 0.0359375
1 0.38671875 0.2453125 0.0171875 0.0390625
1 0.42109375 0.3125 0.0234375 0.05234375
1 0.5703125 0.33203125 0.01953125 0.04921875
1 0.5953125 0.365625 0.02421875 0.05390625
1 0.65625 0.39140625 0.02421875 0.05859375
1 0.60078125 0.30234375 0.025 0.04765625
1 0.46015625 0.24375 0.02109375 0.05234375
1 0.4 0.18671875 0.01796875 0.0328125
1 0.42578125 0.19140625 0.0171875 0.0296875
1 0.41484375 0.1609375 0.01484375 0.028125
1 0.46640625 0.17265625 0.0140625 0.040625
1 0.48984375 0.21171875 0.0140625 0.034375
1 0.5453125 0.21953125 0.01328125 0.0359375
1 0.56953125 0.19609375 0.015625 0.0296875
1 0.5078125 0.15546875 0.01640625 0.0328125
1 0.48984375 0.1484375 0.01328125 0.028125
1 0.54765625 0.159375 0.01484375 0.028125
1 0.571875 0.13984375 0.0125 0.02421875
1 0.5921875 0.12421875 0.01484375 0.0265625
1 0.62890625 0.1265625 0.01484375 0.028125
1 0.64609375 0.121875 0.01640625 0.034375
1 0.65 0.15546875 0.01171875 0.01953125
1 0.65390625 0.18046875 0.01171875 0.028125
1 0.6015625 0.153125 0.01640625 0.02109375
1 0.6046875 0.1953125 0.0140625 0.04453125
1 0.65390625 0.25078125 0.01875 0.0359375
1 0.721875 0.3921875 0.02421875 0.0640625
1 0.7984375 0.44921875 0.02578125 0.05703125
1 0.8515625 0.4953125 0.025 0.08046875
1 0.8765625 0.396875 0.02265625 0.0703125
1 0.8640625 0.3375 0.01953125 0.04609375
1 0.79765625 0.31015625 0.0203125 0.05390625
1 0.75078125 0.28125 0.01796875 0.0421875
1 0.71015625 0.2765625 0.01953125 0.04609375
1 0.69453125 0.2140625 0.01484375 0.0421875
1 0.68125 0.15390625 0.01640625 0.0328125
1 0.7046875 0.15625 0.015625 0.034375
1 0.73046875 0.2390625 0.01796875 0.04609375
1 0.753125 0.19921875 0.01171875 0.034375
1 0.77421875 0.20625 0.0140625 0.0359375
1 0.7921875 0.2484375 0.01640625 0.0421875
1 0.8171875 0.22734375 0.015625 0.0359375
1 0.87265625 0.23359375 0.01328125 0.03125
1 0.88671875 0.28046875 0.01953125 0.040625
1 0.90078125 0.26015625 0.015625 0.0359375
1 0.9515625 0.246875 0.01484375 0.0359375
1 0.98828125 0.259375 0.01484375 0.0375
1 0.90546875 0.2265625 0.01640625 0.0375
1 0.93125 0.271875 0.01328125 0.0328125
1 0.97109375 0.3171875 0.01484375 0.04609375
1 0.9234375 0.34765625 0.0171875 0.04765625
1 0.94765625 0.371875 0.01953125 0.04609375
1 0.97734375 0.36171875 0.015625 0.04921875
1 0.9515625 0.43359375 0.02890625 0.065625
1 0.80703125 0.19375 0.01484375 0.040625
1 0.7734375 0.1828125 0.01640625 0.0375
1 0.5234375 0.165625 0.01640625 0.0390625
1 0.54765625 0.1390625 0.01640625 0.0328125