1 0.1984375 0.4796875 0.0546875 0.1015625
1 0.2921875 0.46953125 0.04765625 0.1
1 0.31484375 0.2203125 0.02578125 0.05
1 0.33984375 0.17109375 0.025 0.0515625
1 0.42578125 0.146875 0.0171875 0.03203125
1 0.434375 0.16953125 0.02109375 0.03515625
1 0.4796875 0.18515625 0.025 0.0390625
1 0.475 0.153125 0.0203125 0.0390625
1 0.4984375 0.14375 0.02109375 0.0453125
1 0.52421875 0.15390625 0.01796875 0.040625
1 0.546875 0.15234375 0.015625 0.03671875
1 0.57421875 0.1484375 0.02109375 0.0390625
1 0.7421875 0.115625 0.02109375 0.040625