1 0.07109375 0.40546875 0.1015625 0.171875
1 0.02578125 0.30703125 0.05078125 0.16640625
1 0.25546875 0.58203125 0.16171875 0.27890625
1 0.26875 0.37734375 0.090625 0.1640625
1 0.30625 0.3234375 0.08203125 0.16640625
1 0.46015625 0.4921875 0.14921875 0.2515625
1 0.51328125 0.44140625 0.10703125 0.21015625
1 0.6234375 0.16640625 0.0765625 0.13125
1 0.69296875 0.5109375 0.109375 0.196875
1 0.75703125 0.44921875 0.1 0.19375
1 0.84375 0.43828125 0.0796875 0.14453125
1 0.915625 0.4265625 0.08515625 0.1859375