1 0.88203125 0.253125 0.01015625 0.02890625
1 0.8484375 0.25078125 0.0109375 0.0296875
1 0.865625 0.26640625 0.01171875 0.0328125
1 0.859375 0.275 0.01484375 0.0359375
1 0.9015625 0.27734375 0.0125 0.03125
1 0.9453125 0.278125 0.0109375 0.02421875
1 0.94140625 0.30234375 0.01171875 0.0359375
1 0.89921875 0.30546875 0.01484375 0.034375
1 0.9203125 0.31953125 0.015625 0.03828125
1 0.93515625 0.34609375 0.01875 0.04296875
1 0.88984375 0.3296875 0.01640625 0.03984375
1 0.86796875 0.36796875 0.01875 0.05546875
1 0.9125 0.45625 0.02421875 0.0640625
1 0.8546875 0.440625 0.0265625 0.06171875
1 0.8421875 0.5203125 0.02578125 0.06875
1 0.8171875 0.35859375 0.0171875 0.04609375
1 0.84296875 0.33515625 0.01484375 0.04140625
1 0.77734375 0.42109375 0.025 0.05546875
1 0.7796875 0.28046875 0.0140625 0.0359375
1 0.82421875 0.30390625 0.01328125 0.03828125
1 0.84609375 0.3171875 0.01484375 0.03984375
1 0.83046875 0.278125 0.01484375 0.0328125
1 0.76796875 0.23125 0.0125 0.03125
1 0.74765625 0.2421875 0.0140625 0.0359375
1 0.74765625 0.25703125 0.01328125 0.034375
1 0.765625 0.2609375 0.01328125 0.0328125
1 0.78515625 0.24375 0.0125 0.0359375
1 0.7921875 0.2453125 0.01484375 0.0296875
1 0.7328125 0.28203125 0.01484375 0.0359375
1 0.703125 0.21796875 0.01171875 0.02734375
1 0.70625 0.23984375 0.0125 0.03125
1 0.6796875 0.2265625 0.01171875 0.02734375
1 0.6609375 0.20390625 0.009375 0.02265625
1 0.67890625 0.259375 0.01484375 0.0328125
1 0.69140625 0.2953125 0.01640625 0.03828125
1 0.64375 0.24296875 0.0140625 0.02890625
1 0.64375 0.2203125 0.0125 0.02578125
1 0.6296875 0.21328125 0.01328125 0.02421875
1 0.61171875 0.20390625 0.01015625 0.02421875
1 0.6375 0.2921875 0.01875 0.03828125
1 0.6078125 0.21640625 0.0109375 0.0296875
1 0.60078125 0.2453125 0.0125 0.02734375
1 0.56640625 0.2125 0.009375 0.02265625
1 0.5828125 0.25625 0.0125 0.0328125
1 0.575 0.2453125 0.0125 0.0296875
1 0.54609375 0.24296875 0.0140625 0.03125
1 0.55546875 0.27578125 0.01171875 0.034375
1 0.52578125 0.24609375 0.0109375 0.02890625
1 0.5203125 0.27109375 0.01484375 0.034375
1 0.475 0.2328125 0.01171875 0.02578125
1 0.42890625 0.2328125 0.01171875 0.02578125
1 0.4390625 0.2625 0.01484375 0.034375
1 0.47265625 0.26171875 0.01328125 0.02890625
1 0.4921875 0.26015625 0.01484375 0.034375
1 0.47421875 0.29609375 0.015625 0.034375
1 0.5015625 0.3140625 0.0171875 0.03984375
1 0.38828125 0.259375 0.01171875 0.02734375
1 0.40625 0.2640625 0.0140625 0.02890625
1 0.4359375 0.30390625 0.01640625 0.03828125
1 0.409375 0.29609375 0.01328125 0.03125
1 0.353125 0.2875 0.0125 0.03125
1 0.35859375 0.32109375 0.0140625 0.03125
1 0.3859375 0.328125 0.0171875 0.03828125
1 0.4078125 0.33359375 0.01875 0.03828125
1 0.33046875 0.35 0.0203125 0.04296875
1 0.2828125 0.3015625 0.0140625 0.03125
1 0.290625 0.3546875 0.0203125 0.04140625
1 0.2265625 0.33359375 0.01484375 0.0328125
1 0.2515625 0.36640625 0.015625 0.04453125
1 0.71015625 0.478125 0.03203125 0.084375
1 0.7265625 0.40390625 0.025 0.05
1 0.69453125 0.34921875 0.0203125 0.04453125
1 0.6609375 0.3625 0.02421875 0.053125
1 0.6 0.33046875 0.02109375 0.04453125
1 0.64765625 0.33828125 0.01875 0.04609375
1 0.64453125 0.4625 0.03359375 0.065625
1 0.59921875 0.39609375 0.0234375 0.06015625
1 0.603125 0.43359375 0.0265625 0.0703125
1 0.44765625 0.33984375 0.02109375 0.04609375
1 0.46640625 0.4 0.02734375 0.05703125
1 0.0125 0.41953125 0.02421875 0.053125
1 0.53515625 0.34609375 0.02265625 0.0484375
1 0.54765625 0.3984375 0.0265625 0.05390625