1 0.16796875 0.34609375 0.0359375 0.06484375
1 0.15703125 0.36875 0.0296875 0.06015625
1 0.25859375 0.28515625 0.015625 0.03671875
1 0.30859375 0.24609375 0.01875 0.03515625
1 0.2953125 0.27265625 0.01640625 0.03515625
1 0.33515625 0.28515625 0.02265625 0.03984375
1 0.33359375 0.215625 0.01328125 0.0265625
1 0.34609375 0.2171875 0.01484375 0.0265625
1 0.353125 0.24609375 0.01640625 0.03203125
1 0.38125 0.2125 0.01953125 0.04140625
1 0.40703125 0.1734375 0.015625 0.0265625
1 0.42265625 0.1875 0.0203125 0.03515625
1 0.425 0.2265625 0.0203125 0.0453125
1 0.4515625 0.22890625 0.01875 0.03671875
1 0.47109375 0.25625 0.02578125 0.0453125
1 0.446875 0.1921875 0.01953125 0.03359375
1 0.45234375 0.17734375 0.01796875 0.0296875
1 0.4640625 0.159375 0.01328125 0.028125
1 0.47890625 0.1921875 0.02265625 0.03984375
1 0.51328125 0.2125 0.02265625 0.03828125
1 0.48203125 0.13203125 0.01171875 0.0265625
1 0.5078125 0.15625 0.0203125 0.03515625
1 0.53828125 0.1296875 0.0140625 0.028125
1 0.55546875 0.13125 0.0140625 0.028125
1 0.54921875 0.16015625 0.01953125 0.03984375
1 0.565625 0.165625 0.0203125 0.03671875
1 0.56953125 0.13125 0.01640625 0.03203125
1 0.6140625 0.14609375 0.0203125 0.03515625
1 0.5921875 0.121875 0.015625 0.0296875
1 0.59140625 0.09921875 0.01484375 0.028125
1 0.6046875 0.06484375 0.01328125 0.0265625
1 0.63125 0.075 0.01640625 0.03359375
1 0.6625 0.06953125 0.015625 0.028125
1 0.484375 0.3046875 0.0296875 0.0515625
1 0.53125 0.3515625 0.0265625 0.0484375
1 0.56484375 0.246875 0.0203125 0.046875
1 0.60234375 0.2703125 0.02265625 0.05
1 0.63203125 0.20703125 0.025 0.046875
1 0.65859375 0.2140625 0.02109375 0.05
1 0.66171875 0.18203125 0.01953125 0.03671875
1 0.6859375 0.153125 0.01796875 0.03515625
1 0.69140625 0.18984375 0.01796875 0.03828125
1 0.68515625 0.21875 0.0234375 0.03984375
1 0.653125 0.3015625 0.0265625 0.0515625
1 0.5921875 0.3546875 0.03125 0.06875
1 0.66171875 0.3625 0.03125 0.0703125
1 0.72734375 0.2859375 0.028125 0.05859375
1 0.75078125 0.265625 0.0234375 0.05
1 0.7421875 0.1828125 0.01875 0.03828125
1 0.72109375 0.17109375 0.02265625 0.03828125
1 0.74296875 0.14609375 0.01796875 0.03203125
1 0.73515625 0.12734375 0.01484375 0.03203125
1 0.753125 0.16953125 0.01796875 0.03515625
1 0.7640625 0.13125 0.01796875 0.04140625
1 0.7765625 0.1234375 0.0140625 0.03984375
1 0.78984375 0.146875 0.0140625 0.03359375
1 0.8015625 0.14453125 0.0140625 0.028125
1 0.7859375 0.19453125 0.01953125 0.03828125
1 0.8015625 0.2484375 0.02265625 0.053125
1 0.78203125 0.31484375 0.02421875 0.0515625
1 0.81875 0.1609375 0.01484375 0.03515625
1 0.82890625 0.1421875 0.0140625 0.03671875
1 0.8421875 0.1453125 0.01640625 0.0296875
1 0.85703125 0.15078125 0.01484375 0.03515625
1 0.84609375 0.175 0.0203125 0.04375
1 0.86484375 0.24296875 0.01953125 0.04140625
1 0.88125 0.18046875 0.0203125 0.046875
1 0.89140625 0.1375 0.01328125 0.028125
1 0.8546875 0.13125 0.01171875 0.025
1 0.921875 0.15703125 0.0109375 0.0296875
1 0.91796875 0.2 0.01640625 0.03984375
1 0.90859375 0.28515625 0.0234375 0.053125
1 0.88515625 0.1734375 0.01484375 0.03984375