1 0.88984375 0.46328125 0.0515625 0.08046875
1 0.846875 0.55546875 0.05078125 0.08828125
1 0.78515625 0.6109375 0.08125 0.13203125
1 0.640625 0.703125 0.09765625 0.13125
1 0.68125 0.54375 0.07265625 0.10234375
1 0.7203125 0.446875 0.04453125 0.06875
1 0.6765625 0.3609375 0.0375 0.05546875
1 0.653125 0.43984375 0.05078125 0.06796875
1 0.5953125 0.49296875 0.05078125 0.08359375
1 0.4875 0.66484375 0.08515625 0.1375
1 0.421875 0.528125 0.06484375 0.09140625
1 0.4765625 0.4609375 0.05 0.06953125
1 0.46796875 0.421875 0.0390625 0.0625
1 0.4125 0.41640625 0.03671875 0.059375
1 0.35625 0.51640625 0.06015625 0.08359375
1 0.315625 0.4671875 0.040625 0.071875
1 0.26875 0.4515625 0.04375 0.05546875
1 0.26484375 0.40859375 0.040625 0.05234375
1 0.21640625 0.40078125 0.0359375 0.05078125
1 0.2046875 0.48828125 0.05546875 0.08984375
1 0.15859375 0.59296875 0.0796875 0.12890625
1 0.153125 0.4484375 0.04453125 0.053125
1 0.1109375 0.45078125 0.0484375 0.065625
1 0.0859375 0.42734375 0.04296875 0.053125
1 0.0125 0.45859375 0.025 0.0734375