1 0.4453125 0.2515625 0.028125 0.053125
1 0.53203125 0.2046875 0.01953125 0.0359375
1 0.58984375 0.1765625 0.01328125 0.02890625
1 0.6125 0.20625 0.01796875 0.040625
1 0.65234375 0.26171875 0.01796875 0.04609375
1 0.66328125 0.22734375 0.0171875 0.0375
1 0.67734375 0.20859375 0.015625 0.02890625
1 0.7171875 0.21328125 0.01796875 0.0375
1 0.73359375 0.21328125 0.01796875 0.03046875
1 0.7640625 0.23671875 0.0203125 0.0390625
1 0.8046875 0.2578125 0.01796875 0.0375
1 0.73359375 0.27890625 0.01796875 0.04453125
1 0.73125 0.34609375 0.02109375 0.0609375
1 0.81484375 0.38671875 0.0234375 0.0609375
1 0.90703125 0.4546875 0.02578125 0.0609375