1 0.07890625 0.4828125 0.04296875 0.1078125
1 0.16484375 0.30625 0.02421875 0.03984375
1 0.19453125 0.29765625 0.0296875 0.05390625
1 0.2390625 0.246875 0.021875 0.046875
1 0.27734375 0.265625 0.01796875 0.04140625
1 0.2953125 0.24296875 0.021875 0.046875
1 0.28125 0.21328125 0.01953125 0.04140625
1 0.32421875 0.2140625 0.01953125 0.04296875
1 0.34609375 0.26484375 0.015625 0.05390625
1 0.3375 0.2046875 0.021875 0.0375
1 0.36484375 0.1921875 0.0203125 0.04140625
1 0.371875 0.24765625 0.01875 0.0453125
1 0.4078125 0.2 0.01953125 0.04296875
1 0.409375 0.16640625 0.01640625 0.0375
1 0.4265625 0.1609375 0.01640625 0.0453125
1 0.41640625 0.32421875 0.03203125 0.0578125
1 0.44921875 0.25234375 0.02265625 0.0578125
1 0.46484375 0.159375 0.01328125 0.034375
1 0.47109375 0.1625 0.01640625 0.05078125
1 0.46875 0.21328125 0.0203125 0.0484375
1 0.49765625 0.17421875 0.021875 0.0484375
1 0.50625 0.1578125 0.01796875 0.04140625
1 0.51328125 0.23359375 0.01953125 0.0484375
1 0.54296875 0.16640625 0.02109375 0.0453125
1 0.5359375 0.13671875 0.015625 0.0328125
1 0.56484375 0.13515625 0.015625 0.0359375
1 0.55625 0.19921875 0.01484375 0.0453125
1 0.565625 0.17109375 0.015625 0.03984375
1 0.5828125 0.12109375 0.01640625 0.0328125
1 0.59296875 0.1546875 0.01796875 0.03984375
1 0.5890625 0.19375 0.015625 0.0375
1 0.60859375 0.2 0.01796875 0.046875
1 0.6171875 0.128125 0.0140625 0.03984375
1 0.6328125 0.1515625 0.0140625 0.04296875
1 0.64453125 0.125 0.01328125 0.04140625
1 0.678125 0.13046875 0.0140625 0.034375
1 0.67421875 0.1625 0.01640625 0.03984375
1 0.70390625 0.15703125 0.01484375 0.0359375
1 0.64609375 0.18046875 0.01328125 0.03984375
1 0.64140625 0.26640625 0.025 0.06484375
1 0.69765625 0.21328125 0.015625 0.0453125
1 0.721875 0.22265625 0.01796875 0.0453125
1 0.73203125 0.2328125 0.01484375 0.05390625
1 0.71484375 0.26875 0.02109375 0.05078125
1 0.74296875 0.29765625 0.02109375 0.05078125
1 0.74921875 0.20546875 0.01484375 0.04296875
1 0.76640625 0.1875 0.0140625 0.03984375
1 0.7734375 0.21328125 0.02109375 0.04140625
1 0.80390625 0.1890625 0.01640625 0.0328125
1 0.81015625 0.22890625 0.01796875 0.04296875
1 0.8234375 0.2171875 0.0140625 0.04140625
1 0.78515625 0.2640625 0.01953125 0.05546875
1 0.809375 0.309375 0.0203125 0.06328125
1 0.60390625 0.29609375 0.02578125 0.059375
1 0.5578125 0.34921875 0.0296875 0.0578125
1 0.58828125 0.384375 0.02890625 0.06640625
1 0.64765625 0.41640625 0.03359375 0.0609375
1 0.71953125 0.41015625 0.034375 0.0703125
1 0.78671875 0.4828125 0.03203125 0.09375
1 0.86328125 0.23515625 0.01484375 0.04140625
1 0.88671875 0.278125 0.01484375 0.0453125
1 0.8796875 0.2484375 0.0140625 0.0328125
1 0.903125 0.240625 0.0140625 0.04140625
1 0.8984375 0.26484375 0.01484375 0.04296875
1 0.9328125 0.278125 0.0125 0.0484375
1 0.8640625 0.32578125 0.01796875 0.05078125
1 0.85390625 0.3515625 0.01875 0.05078125
1 0.8765625 0.45078125 0.02265625 0.06875
1 0.85625 0.521875 0.0265625 0.0921875
1 0.95625 0.48125 0.021875 0.07890625
1 0.9484375 0.40390625 0.02109375 0.06875
1 0.93828125 0.3453125 0.02109375 0.059375
1 0.95234375 0.25234375 0.015625 0.04296875
1 0.9875 0.29609375 0.015625 0.05234375
1 0.978125 0.321875 0.0125 0.0484375
1 0.96796875 0.33359375 0.015625 0.05390625
1 0.97265625 0.378125 0.0203125 0.0578125