1 0.0703125 0.34765625 0.02109375 0.04921875
1 0.26640625 0.24765625 0.01640625 0.0390625
1 0.27734375 0.265625 0.021875 0.03359375
1 0.32890625 0.2109375 0.01328125 0.03515625
1 0.34765625 0.2046875 0.01484375 0.03046875
1 0.365625 0.19140625 0.0140625 0.0375
1 0.38671875 0.18671875 0.0125 0.03203125
1 0.35859375 0.22578125 0.01640625 0.03203125
1 0.35234375 0.2640625 0.02265625 0.04375
1 0.39609375 0.253125 0.0171875 0.03515625
1 0.41015625 0.26640625 0.025 0.0421875
1 0.40234375 0.21015625 0.01484375 0.03359375
1 0.42109375 0.184375 0.01484375 0.0375
1 0.45234375 0.184375 0.01640625 0.03359375
1 0.4625 0.14921875 0.0140625 0.02734375
1 0.48125 0.15234375 0.0125 0.03046875
1 0.48828125 0.1296875 0.01328125 0.025
1 0.49609375 0.1453125 0.0125 0.02734375
1 0.4765625 0.190625 0.01328125 0.03203125
1 0.47265625 0.22734375 0.02265625 0.0390625
1 0.45703125 0.2265625 0.0171875 0.03359375
1 0.5109375 0.18046875 0.01796875 0.03515625
1 0.5140625 0.16484375 0.01484375 0.03203125
1 0.54375 0.18515625 0.01796875 0.0421875
1 0.553125 0.15546875 0.01640625 0.0375
1 0.57421875 0.1140625 0.01328125 0.02890625
1 0.5703125 0.1421875 0.01484375 0.03046875
1 0.58203125 0.1640625 0.01484375 0.03046875
1 0.59296875 0.140625 0.0125 0.03046875
1 0.6 0.11484375 0.01171875 0.02734375
1 0.61328125 0.11796875 0.01328125 0.0390625
1 0.62578125 0.13515625 0.01484375 0.03046875
1 0.64765625 0.1109375 0.01484375 0.02890625
1 0.64453125 0.1328125 0.01796875 0.03515625
1 0.68125 0.10546875 0.01328125 0.03203125
1 0.73828125 0.11171875 0.01328125 0.02734375
1 0.76640625 0.1203125 0.0125 0.02734375
1 0.78359375 0.1328125 0.0140625 0.0390625
1 0.840625 0.146875 0.0171875 0.03359375
1 0.8546875 0.1484375 0.01796875 0.0390625
1 0.8984375 0.14921875 0.01328125 0.02734375
1 0.89296875 0.16953125 0.01484375 0.0375
1 0.803125 0.159375 0.0140625 0.03359375
1 0.76953125 0.1546875 0.0140625 0.03203125
1 0.7125 0.140625 0.0140625 0.03046875
1 0.6890625 0.14375 0.0140625 0.03359375
1 0.7015625 0.175 0.01875 0.0421875
1 0.725 0.1671875 0.01796875 0.03359375
1 0.73984375 0.18828125 0.01953125 0.0421875
1 0.7734375 0.20078125 0.01953125 0.05234375
1 0.8421875 0.2046875 0.01875 0.04765625
1 0.9 0.2 0.0125 0.0375
1 0.91640625 0.21875 0.01875 0.03515625
1 0.92265625 0.2484375 0.021875 0.04375
1 0.85546875 0.30546875 0.02578125 0.05546875
1 0.8515625 0.271875 0.02265625 0.05234375
1 0.77734375 0.25703125 0.0234375 0.05390625
1 0.72734375 0.2609375 0.025 0.05078125
1 0.709375 0.20859375 0.0171875 0.0390625
1 0.68359375 0.2484375 0.01875 0.04375
1 0.65546875 0.19375 0.01640625 0.03203125
1 0.6546875 0.17265625 0.0171875 0.03359375
1 0.6234375 0.203125 0.0171875 0.0375
1 0.559375 0.23828125 0.02109375 0.0375
1 0.6125 0.25546875 0.0171875 0.03046875
1 0.5875 0.28515625 0.021875 0.0421875
1 0.63515625 0.30234375 0.02578125 0.05234375
1 0.503125 0.2859375 0.0265625 0.05078125