1 0.0671875 0.565625 0.05625 0.1359375
1 0.184375 0.28515625 0.02265625 0.0578125
1 0.21484375 0.2921875 0.02578125 0.0578125
1 0.25390625 0.23515625 0.021875 0.04765625
1 0.2921875 0.2421875 0.0203125 0.0546875
1 0.2953125 0.2046875 0.02109375 0.04921875
1 0.31171875 0.22578125 0.02109375 0.06015625
1 0.3359375 0.20546875 0.01640625 0.04375
1 0.35 0.19453125 0.01953125 0.040625
1 0.359375 0.25625 0.01953125 0.04765625
1 0.3859375 0.23125 0.0140625 0.04609375
1 0.378125 0.18359375 0.01875 0.0421875
1 0.4234375 0.31953125 0.02578125 0.04921875
1 0.45859375 0.24453125 0.021875 0.0546875
1 0.47890625 0.20390625 0.01796875 0.04765625
1 0.48046875 0.15078125 0.01796875 0.04375
1 0.4390625 0.153125 0.01796875 0.04609375
1 0.42265625 0.1890625 0.0171875 0.0390625
1 0.4171875 0.16171875 0.0171875 0.03671875
1 0.51875 0.2234375 0.02109375 0.05078125
1 0.5078125 0.1625 0.01796875 0.04921875
1 0.5640625 0.19375 0.01796875 0.0390625
1 0.5484375 0.15625 0.01640625 0.040625
1 0.5421875 0.12734375 0.01640625 0.03515625
1 0.56875 0.125 0.0171875 0.04609375
1 0.5890625 0.1109375 0.01640625 0.0421875
1 0.59765625 0.1484375 0.01875 0.04609375
1 0.59375 0.18671875 0.0171875 0.0421875
1 0.61484375 0.18984375 0.01875 0.05078125
1 0.621875 0.12109375 0.0140625 0.040625
1 0.6390625 0.14296875 0.0171875 0.04609375
1 0.64921875 0.171875 0.01484375 0.03671875
1 0.6484375 0.11875 0.01484375 0.040625
1 0.6796875 0.12734375 0.0171875 0.0390625
1 0.68125 0.159375 0.01796875 0.040625
1 0.70625 0.1484375 0.01640625 0.0421875
1 0.56640625 0.334375 0.025 0.07265625
1 0.5984375 0.3875 0.02734375 0.06875
1 0.653125 0.40390625 0.0296875 0.0703125
1 0.60859375 0.28671875 0.028125 0.0578125
1 0.64765625 0.26796875 0.025 0.0671875
1 0.70703125 0.20703125 0.01875 0.04375
1 0.71484375 0.25625 0.02421875 0.0578125
1 0.72578125 0.2015625 0.0171875 0.04765625
1 0.73359375 0.2265625 0.015625 0.04375
1 0.7484375 0.1984375 0.01640625 0.040625
1 0.7703125 0.203125 0.01484375 0.0421875
1 0.76953125 0.1765625 0.0171875 0.03515625
1 0.7421875 0.28359375 0.01953125 0.05625
1 0.71875 0.40390625 0.025 0.0671875
1 0.7921875 0.446875 0.03203125 0.08671875
1 0.809375 0.30078125 0.0203125 0.06171875
1 0.7859375 0.2546875 0.01796875 0.0578125
1 0.81015625 0.2171875 0.01875 0.04609375
1 0.80390625 0.18203125 0.01640625 0.0390625
1 0.82421875 0.209375 0.01328125 0.040625
1 0.8625 0.22109375 0.01328125 0.040625
1 0.85390625 0.33828125 0.01796875 0.05625
1 0.86328125 0.31328125 0.01640625 0.040625
1 0.884375 0.278125 0.01796875 0.0546875
1 0.8765625 0.24609375 0.015625 0.03671875
1 0.89453125 0.2546875 0.015625 0.03671875
1 0.90234375 0.23046875 0.01484375 0.04375
1 0.875 0.43046875 0.02421875 0.07421875
1 0.87890625 0.5 0.03828125 0.07265625
1 0.95703125 0.45859375 0.02890625 0.08125
1 0.9453125 0.38515625 0.02109375 0.07265625
1 0.928125 0.33359375 0.0203125 0.06328125
1 0.9296875 0.271875 0.01328125 0.0390625
1 0.94375 0.2390625 0.01328125 0.04375
1 0.97734375 0.26640625 0.0140625 0.03515625
1 0.97109375 0.303125 0.01640625 0.0421875
1 0.96484375 0.32109375 0.0171875 0.04609375
1 0.9703125 0.3703125 0.02421875 0.06328125