1 0.18515625 0.340625 0.04453125 0.08046875
1 0.3 0.2421875 0.0296875 0.05546875
1 0.375 0.21328125 0.01875 0.03359375
1 0.37734375 0.18359375 0.01796875 0.03515625
1 0.42109375 0.19140625 0.021875 0.040625
1 0.41171875 0.2234375 0.01796875 0.03671875
1 0.3859375 0.27421875 0.02734375 0.03828125
1 0.43984375 0.2453125 0.021875 0.03359375
1 0.4765625 0.22890625 0.01953125 0.0421875
1 0.44375 0.18203125 0.01640625 0.025
1 0.4734375 0.16640625 0.0171875 0.03359375
1 0.51171875 0.1984375 0.021875 0.0453125
1 0.53203125 0.203125 0.02109375 0.040625
1 0.56328125 0.0765625 0.0125 0.025
1 0.571875 0.13671875 0.0125 0.025
1 0.59921875 0.25 0.02109375 0.05
1 0.6265625 0.25859375 0.0265625 0.05390625
1 0.60859375 0.31015625 0.03515625 0.0640625
1 0.66640625 0.165625 0.01953125 0.0484375
1 0.7 0.20390625 0.01796875 0.03828125
1 0.70078125 0.17109375 0.01484375 0.03359375
1 0.7296875 0.18125 0.01640625 0.03671875
1 0.73984375 0.15390625 0.0125 0.02890625
1 0.75703125 0.17265625 0.0140625 0.03359375
1 0.775 0.15546875 0.0140625 0.03515625
1 0.79140625 0.1703125 0.01484375 0.03203125
1 0.77109375 0.1953125 0.0140625 0.03515625
1 0.74453125 0.20859375 0.0171875 0.0421875
1 0.7890625 0.22578125 0.01875 0.0421875
1 0.72265625 0.290625 0.0265625 0.06015625
1 0.81875 0.28046875 0.021875 0.05390625
1 0.865625 0.2921875 0.02109375 0.05703125
1 0.903125 0.29296875 0.01953125 0.0453125
1 0.903125 0.22109375 0.0171875 0.04375
1 0.928125 0.2421875 0.0125 0.0421875
1 0.93203125 0.2234375 0.0140625 0.03671875