1 0.965625 0.1859375 0.01640625 0.04375
1 0.7484375 0.12265625 0.01640625 0.03515625
1 0.6 0.071875 0.0140625 0.03671875
1 0.56328125 0.1546875 0.0140625 0.03515625
1 0.5359375 0.1546875 0.01328125 0.02578125
1 0.50703125 0.15546875 0.015625 0.02734375
1 0.48359375 0.15 0.0125 0.02265625
1 0.49609375 0.07734375 0.01015625 0.02578125
1 0.48046875 0.19375 0.02421875 0.053125
1 0.4328125 0.134375 0.0109375 0.02734375
1 0.41953125 0.16953125 0.0140625 0.03359375
1 0.4453125 0.17890625 0.01640625 0.03203125
1 0.38125 0.11015625 0.0109375 0.03359375
1 0.35859375 0.17578125 0.01796875 0.0453125
1 0.32109375 0.2046875 0.0234375 0.0515625
1 0.2484375 0.24375 0.02265625 0.05
1 0.3078125 0.22734375 0.015625 0.03515625
1 0.22890625 0.234375 0.01640625 0.03671875
1 0.15234375 0.23515625 0.01640625 0.03828125
1 0.2 0.47890625 0.03984375 0.09140625
1 0.28359375 0.47265625 0.04296875 0.1015625