1 0.17265625 0.4875 0.0421875 0.08046875
1 0.2515625 0.2609375 0.0203125 0.04296875
1 0.2703125 0.26796875 0.01875 0.04140625
1 0.2890625 0.2578125 0.01796875 0.04609375
1 0.30859375 0.22421875 0.0203125 0.0359375
1 0.3296875 0.21484375 0.01875 0.0359375
1 0.353125 0.25234375 0.01953125 0.0359375
1 0.35390625 0.30390625 0.0234375 0.03984375
1 0.33828125 0.25078125 0.0171875 0.0359375
1 0.35703125 0.221875 0.01796875 0.03828125
1 0.3890625 0.21171875 0.01875 0.034375
1 0.3953125 0.25859375 0.0234375 0.04453125
1 0.3796875 0.18671875 0.01328125 0.0296875
1 0.40390625 0.175 0.0140625 0.0328125
1 0.421875 0.17734375 0.0140625 0.03828125
1 0.44453125 0.178125 0.0171875 0.0328125
1 0.45 0.14921875 0.0171875 0.028125
1 0.47421875 0.16171875 0.015625 0.0296875
1 0.48203125 0.13046875 0.0125 0.01953125
1 0.5078125 0.17890625 0.01875 0.034375
1 0.4828125 0.19140625 0.01796875 0.0296875
1 0.46015625 0.22421875 0.01953125 0.04296875
1 0.478125 0.24765625 0.021875 0.03984375
1 0.55234375 0.15546875 0.0171875 0.0328125
1 0.58046875 0.16015625 0.01796875 0.0328125
1 0.5703125 0.115625 0.0140625 0.0265625
1 0.61171875 0.11796875 0.0171875 0.028125
1 0.63359375 0.13125 0.01875 0.03828125
1 0.68359375 0.1203125 0.01328125 0.0296875
1 0.63515625 0.1875 0.0203125 0.03828125
1 0.57734375 0.21953125 0.0234375 0.04609375
1 0.5796875 0.2859375 0.02734375 0.0546875
1 0.5265625 0.278125 0.0328125 0.05078125
1 0.61171875 0.2546875 0.02421875 0.04765625
1 0.6234375 0.29453125 0.02734375 0.0640625
1 0.6796875 0.24921875 0.02421875 0.05625
1 0.66640625 0.21875 0.02265625 0.04453125
1 0.66015625 0.1734375 0.01796875 0.0359375
1 0.696875 0.146875 0.015625 0.0296875
1 0.6984375 0.17421875 0.0203125 0.03828125
1 0.69765625 0.20546875 0.02265625 0.04453125
1 0.71640625 0.2703125 0.0265625 0.05625
1 0.7234375 0.15703125 0.01953125 0.0328125
1 0.73046875 0.1171875 0.01328125 0.0296875
1 0.74375 0.134375 0.01484375 0.034375
1 0.75859375 0.1203125 0.015625 0.0328125
1 0.7703125 0.153125 0.0171875 0.0359375
1 0.78203125 0.14140625 0.0171875 0.04140625
1 0.734375 0.19765625 0.02265625 0.04296875
1 0.77734375 0.190625 0.01953125 0.04765625
1 0.80625 0.17578125 0.01875 0.04140625
1 0.7515625 0.25234375 0.021875 0.05625
1 0.77265625 0.27734375 0.028125 0.059375
1 0.8421875 0.2921875 0.028125 0.059375
1 0.8578125 0.26640625 0.01953125 0.05078125
1 0.921875 0.2484375 0.02265625 0.0578125
1 0.91796875 0.22265625 0.01796875 0.03984375
1 0.88359375 0.196875 0.01875 0.04453125
1 0.8859375 0.15859375 0.015625 0.0359375
1 0.89453125 0.153125 0.015625 0.0328125
1 0.86171875 0.165625 0.02265625 0.034375
1 0.83359375 0.14765625 0.01875 0.028125
1 0.8375 0.18046875 0.01953125 0.03828125
1 0.82578125 0.23671875 0.021875 0.034375