1 0.17734375 0.4875 0.04609375 0.08046875
1 0.2625 0.2421875 0.015625 0.03359375
1 0.3015625 0.24921875 0.01484375 0.03203125
1 0.31640625 0.26015625 0.01953125 0.03984375
1 0.32109375 0.234375 0.0171875 0.03203125
1 0.32734375 0.21015625 0.015625 0.0296875
1 0.36015625 0.22109375 0.01875 0.03828125
1 0.35546875 0.2046875 0.0140625 0.028125
1 0.35234375 0.26015625 0.021875 0.046875
1 0.3953125 0.25625 0.0203125 0.0484375
1 0.4015625 0.2109375 0.015625 0.03515625
1 0.38671875 0.184375 0.015625 0.03203125
1 0.38046875 0.17890625 0.01015625 0.0265625
1 0.43125 0.2484375 0.0234375 0.046875
1 0.41875 0.18203125 0.01796875 0.03671875
1 0.4578125 0.17890625 0.01875 0.03671875
1 0.4796875 0.2234375 0.0203125 0.04375
1 0.49375 0.19453125 0.0234375 0.03828125
1 0.48046875 0.1578125 0.01796875 0.03515625
1 0.46796875 0.1390625 0.01484375 0.025
1 0.490625 0.1296875 0.01328125 0.025
1 0.503125 0.14609375 0.01875 0.03828125
1 0.52890625 0.1546875 0.01875 0.03203125
1 0.534375 0.190625 0.021875 0.03984375
1 0.55625 0.15625 0.0171875 0.03828125
1 0.56875 0.1421875 0.0171875 0.0296875
1 0.56796875 0.1171875 0.0140625 0.0296875
1 0.58671875 0.16015625 0.0171875 0.03359375
1 0.5953125 0.1359375 0.01328125 0.028125
1 0.58984375 0.11484375 0.01015625 0.0203125
1 0.61640625 0.13828125 0.0171875 0.0296875
1 0.6125 0.11875 0.0140625 0.0265625
1 0.6453125 0.1078125 0.0171875 0.03203125
1 0.63359375 0.1265625 0.015625 0.03359375
1 0.6703125 0.1296875 0.0109375 0.03203125
1 0.52265625 0.296875 0.03125 0.06640625
1 0.5609375 0.24140625 0.02265625 0.05546875
1 0.571875 0.28359375 0.03125 0.06640625
1 0.63515625 0.25234375 0.02890625 0.06015625
1 0.63359375 0.29921875 0.02734375 0.06015625
1 0.634375 0.196875 0.02421875 0.046875
1 0.6609375 0.1734375 0.01953125 0.04375
1 0.66640625 0.1984375 0.01875 0.046875
1 0.6796875 0.2421875 0.02890625 0.06328125
1 0.6984375 0.2125 0.0234375 0.05859375
1 0.70078125 0.18125 0.0234375 0.04140625
1 0.68984375 0.13671875 0.0171875 0.03984375
1 0.7046875 0.1359375 0.015625 0.03828125
1 0.7234375 0.16171875 0.01875 0.03984375
1 0.74375 0.1859375 0.015625 0.0453125
1 0.7484375 0.134375 0.015625 0.04140625
1 0.7375 0.11796875 0.0171875 0.03515625
1 0.7671875 0.13046875 0.0171875 0.03671875
1 0.77109375 0.1546875 0.01953125 0.03828125
1 0.78046875 0.18125 0.021875 0.0484375
1 0.78359375 0.2234375 0.0234375 0.05
1 0.771875 0.25703125 0.028125 0.05703125
1 0.70703125 0.275 0.03125 0.06171875
1 0.8453125 0.29921875 0.028125 0.06015625
1 0.79453125 0.13828125 0.0171875 0.03671875
1 0.80546875 0.15859375 0.0171875 0.03359375
1 0.8265625 0.19375 0.01953125 0.046875
1 0.85 0.2265625 0.025 0.05546875
1 0.8453125 0.1671875 0.01875 0.03671875
1 0.840625 0.1296875 0.015625 0.03515625
1 0.85703125 0.14921875 0.015625 0.04140625
1 0.884375 0.1734375 0.01328125 0.03984375
1 0.8953125 0.1984375 0.01796875 0.046875
1 0.91953125 0.23125 0.021875 0.0515625
1 0.93203125 0.25546875 0.02265625 0.053125
1 0.90390625 0.190625 0.01328125 0.0265625
1 0.8953125 0.15859375 0.0125 0.03671875