1 0.425 0.275 0.025 0.0453125
1 0.45390625 0.21875 0.01875 0.03515625
1 0.42265625 0.21796875 0.01640625 0.03359375
1 0.40234375 0.19765625 0.01484375 0.03046875
1 0.34296875 0.23046875 0.01640625 0.02734375
1 0.315625 0.23125 0.01640625 0.02890625
1 0.475 0.1640625 0.01640625 0.03046875
1 0.4765625 0.1875 0.0171875 0.03046875
1 0.490625 0.20859375 0.0171875 0.03203125
1 0.53359375 0.21171875 0.01875 0.03359375
1 0.5265625 0.1453125 0.01328125 0.02734375
1 0.5578125 0.1453125 0.01328125 0.02734375
1 0.5875 0.15859375 0.01328125 0.02890625
1 0.59609375 0.15234375 0.0125 0.0203125
1 0.603125 0.265625 0.02109375 0.04375
1 0.65625 0.26484375 0.02109375 0.04921875
1 0.67421875 0.2140625 0.01875 0.0390625
1 0.66015625 0.18359375 0.01875 0.0390625
1 0.72734375 0.08046875 0.01640625 0.02890625
1 0.7453125 0.15234375 0.01328125 0.03359375
1 0.76640625 0.084375 0.01171875 0.0234375
1 0.78046875 0.1640625 0.01328125 0.03046875
1 0.79609375 0.1859375 0.01328125 0.03359375
1 0.76640625 0.23671875 0.0203125 0.040625
1 0.72890625 0.26484375 0.02265625 0.0453125
1 0.79609375 0.275 0.0265625 0.05234375
1 0.8265625 0.09453125 0.01328125 0.02734375
1 0.85546875 0.09609375 0.01328125 0.02734375
1 0.8578125 0.1828125 0.0171875 0.03359375
1 0.84375 0.2109375 0.01875 0.0390625
1 0.81640625 0.18515625 0.01484375 0.02890625
1 0.8890625 0.2234375 0.01640625 0.0375
1 0.9796875 0.153125 0.01640625 0.0453125