1 0.07109375 0.5140625 0.04296875 0.08203125
1 0.21796875 0.35 0.01640625 0.03515625
1 0.259375 0.34375 0.021875 0.04765625
1 0.28203125 0.3609375 0.0171875 0.0375
1 0.28515625 0.30078125 0.01328125 0.03359375
1 0.32890625 0.3640625 0.021875 0.040625
1 0.35 0.33046875 0.01640625 0.03515625
1 0.35390625 0.28828125 0.01484375 0.02890625
1 0.3796875 0.32890625 0.01640625 0.03515625
1 0.403125 0.334375 0.0203125 0.0375
1 0.4 0.29453125 0.0171875 0.03046875
1 0.39921875 0.26953125 0.0140625 0.025
1 0.38046875 0.25390625 0.0125 0.0265625
1 0.43984375 0.3328125 0.01875 0.040625
1 0.42890625 0.309375 0.0140625 0.03203125
1 0.46171875 0.30078125 0.0140625 0.03359375
1 0.4546875 0.27109375 0.015625 0.028125
1 0.4453125 0.25703125 0.01171875 0.021875
1 0.43828125 0.24609375 0.0125 0.025
1 0.46328125 0.23125 0.01484375 0.02890625
1 0.48359375 0.265625 0.015625 0.04140625
1 0.515625 0.26328125 0.01484375 0.03203125
1 0.5234375 0.25234375 0.015625 0.0265625
1 0.53984375 0.2828125 0.01640625 0.03515625
1 0.5390625 0.22578125 0.01484375 0.0265625
1 0.56953125 0.253125 0.015625 0.0359375
1 0.56328125 0.2328125 0.01171875 0.0234375
1 0.5625 0.21484375 0.01328125 0.02109375
1 0.5890625 0.2234375 0.01328125 0.02890625
1 0.58828125 0.246875 0.01171875 0.0265625
1 0.6 0.2 0.0109375 0.028125
1 0.615625 0.21015625 0.015625 0.025
1 0.63125 0.24296875 0.0125 0.02890625
1 0.646875 0.21875 0.01171875 0.0234375
1 0.6609375 0.22734375 0.01328125 0.03203125
1 0.6765625 0.21953125 0.0125 0.03359375
1 0.69296875 0.24375 0.0171875 0.03515625
1 0.66328125 0.2625 0.0171875 0.0359375
1 0.62109375 0.296875 0.0171875 0.0375
1 0.5859375 0.321875 0.02109375 0.0484375
1 0.52109375 0.35078125 0.025 0.053125
1 0.4984375 0.3234375 0.0203125 0.04609375
1 0.45 0.42890625 0.034375 0.065625
1 0.53359375 0.3984375 0.028125 0.0515625
1 0.5796875 0.42734375 0.0296875 0.0734375
1 0.57265625 0.39453125 0.02734375 0.0484375
1 0.62890625 0.459375 0.0359375 0.06796875
1 0.64609375 0.3859375 0.028125 0.0625
1 0.64375 0.328125 0.0234375 0.04453125
1 0.67890625 0.34296875 0.0234375 0.0484375
1 0.68359375 0.509375 0.03671875 0.07890625
1 0.725 0.39453125 0.03046875 0.065625
1 0.7078125 0.28046875 0.01484375 0.03203125
1 0.71953125 0.25078125 0.01484375 0.03515625
1 0.72578125 0.23515625 0.0125 0.025
1 0.734375 0.225 0.01171875 0.0265625
1 0.74609375 0.26015625 0.01484375 0.025
1 0.7546875 0.275 0.01484375 0.0359375
1 0.76875 0.2640625 0.0140625 0.03046875
1 0.7640625 0.2359375 0.0140625 0.02890625
1 0.79921875 0.2625 0.01328125 0.028125
1 0.81875 0.26328125 0.01328125 0.03203125
1 0.79609375 0.29453125 0.01484375 0.03203125
1 0.80546875 0.3359375 0.0203125 0.0375
1 0.78984375 0.36328125 0.02421875 0.04765625
1 0.7578125 0.43046875 0.028125 0.0625
1 0.79609375 0.5046875 0.03203125 0.06640625
1 0.828125 0.43515625 0.03203125 0.05859375
1 0.8390625 0.36640625 0.025 0.05390625
1 0.85625 0.36875 0.015625 0.04453125
1 0.8859375 0.39140625 0.0265625 0.05390625
1 0.89375 0.45546875 0.03125 0.065625
1 0.9078125 0.34375 0.0171875 0.04140625
1 0.9171875 0.31171875 0.015625 0.03046875
1 0.92265625 0.26640625 0.0140625 0.02890625
1 0.87734375 0.2859375 0.015625 0.0375
1 0.86328125 0.31640625 0.01640625 0.0375
1 0.82578125 0.30703125 0.015625 0.03515625
1 0.8359375 0.30078125 0.0140625 0.0375
1 0.8375 0.26875 0.01171875 0.03203125
1 0.8515625 0.25625 0.01171875 0.03515625