1 0.0546875 0.4046875 0.05703125 0.09140625
1 0.09140625 0.378125 0.04296875 0.09921875
1 0.146875 0.37734375 0.04296875 0.08046875
1 0.1796875 0.34921875 0.0296875 0.0578125
1 0.2390625 0.371875 0.0453125 0.08046875
1 0.2796875 0.35234375 0.0296875 0.06328125
1 0.3171875 0.346875 0.028125 0.05234375
1 0.3484375 0.32734375 0.0203125 0.04140625
1 0.36328125 0.3453125 0.0265625 0.05546875
1 0.384375 0.34375 0.025 0.0578125
1 0.403125 0.32890625 0.0234375 0.05
1 0.44140625 0.33671875 0.03671875 0.071875
1 0.47421875 0.334375 0.021875 0.0390625
1 0.49296875 0.3203125 0.0203125 0.05
1 0.50546875 0.3453125 0.025 0.05546875
1 0.5109375 0.3125 0.021875 0.05
1 0.528125 0.3328125 0.0203125 0.04140625
1 0.54609375 0.3921875 0.05859375 0.1046875
1 0.540625 0.3203125 0.021875 0.0390625
1 0.57734375 0.33671875 0.03203125 0.06640625
1 0.60390625 0.31875 0.021875 0.046875
1 0.628125 0.32734375 0.0234375 0.046875
1 0.64609375 0.28984375 0.01796875 0.0390625
1 0.68203125 0.275 0.0203125 0.0359375
1 0.69609375 0.26796875 0.025 0.04453125
1 0.7109375 0.3328125 0.03203125 0.06875
1 0.6671875 0.38125 0.0546875 0.121875
1 0.6140625 0.4546875 0.08828125 0.1515625
1 0.63515625 0.63125 0.13671875 0.2625
1 0.40390625 0.45703125 0.08515625 0.14609375
1 0.19765625 0.48359375 0.121875 0.215625
1 0.7296875 0.38515625 0.04296875 0.0859375
1 0.73203125 0.321875 0.0203125 0.04140625
1 0.79296875 0.48515625 0.09296875 0.16875
1 0.809375 0.39765625 0.06171875 0.08828125
1 0.809375 0.33125 0.03203125 0.06640625
1 0.8453125 0.36171875 0.0234375 0.0609375
1 0.8765625 0.3546875 0.046875 0.1078125
1 0.909375 0.3546875 0.028125 0.07421875
1 0.9234375 0.36328125 0.0265625 0.06328125