1 0.3234375 0.21484375 0.01953125 0.0375
1 0.35703125 0.20859375 0.01875 0.0390625
1 0.37578125 0.1734375 0.02109375 0.0390625
1 0.41171875 0.17109375 0.01875 0.03359375
1 0.4375 0.17734375 0.01875 0.03515625
1 0.4625 0.20625 0.02265625 0.04453125
1 0.46796875 0.1640625 0.02109375 0.040625
1 0.440625 0.153125 0.0171875 0.0265625
1 0.43671875 0.14609375 0.01484375 0.03359375
1 0.47109375 0.13359375 0.01484375 0.0265625
1 0.5015625 0.184375 0.01796875 0.0390625
1 0.49375 0.16875 0.0171875 0.03359375
1 0.4953125 0.13984375 0.01484375 0.025
1 0.496875 0.125 0.01171875 0.02265625
1 0.51796875 0.1359375 0.01484375 0.028125
1 0.52578125 0.12265625 0.01484375 0.0265625
1 0.53828125 0.1453125 0.015625 0.03515625
1 0.54453125 0.19140625 0.01796875 0.0421875
1 0.52421875 0.17109375 0.0171875 0.03046875
1 0.54765625 0.16796875 0.01875 0.03515625
1 0.5796875 0.1796875 0.0171875 0.0375
1 0.56953125 0.146875 0.0171875 0.03515625
1 0.55390625 0.134375 0.01328125 0.028125
1 0.578125 0.11953125 0.01484375 0.03046875
1 0.59296875 0.13828125 0.01484375 0.03203125
1 0.609375 0.10234375 0.0140625 0.025
1 0.61796875 0.165625 0.01875 0.0375
1 0.62109375 0.1421875 0.01484375 0.02265625
1 0.625 0.12421875 0.0140625 0.028125
1 0.5703125 0.23359375 0.025 0.06015625
1 0.61875 0.21953125 0.021875 0.04609375
1 0.6546875 0.1875 0.01796875 0.0421875
1 0.66640625 0.234375 0.021875 0.0515625
1 0.696875 0.240625 0.025 0.06015625
1 0.6578125 0.11171875 0.01328125 0.02109375
1 0.67265625 0.109375 0.01171875 0.028125
1 0.653125 0.140625 0.01328125 0.0265625
1 0.6640625 0.13828125 0.01328125 0.028125
1 0.68125 0.14609375 0.0140625 0.02265625
1 0.70078125 0.11796875 0.0140625 0.0265625
1 0.71953125 0.14609375 0.0171875 0.03359375
1 0.7078125 0.19140625 0.01796875 0.03515625
1 0.6921875 0.17734375 0.015625 0.03515625
1 0.7328125 0.17421875 0.0140625 0.03359375
1 0.7375 0.14453125 0.015625 0.03359375
1 0.75703125 0.1359375 0.01328125 0.028125
1 0.7734375 0.18671875 0.01875 0.04765625
1 0.77734375 0.14609375 0.01484375 0.03046875
1 0.7890625 0.16640625 0.01875 0.0390625
1 0.79375 0.1359375 0.0140625 0.03203125
1 0.80546875 0.1578125 0.0171875 0.03515625
1 0.821875 0.13203125 0.015625 0.03359375
1 0.821875 0.1859375 0.01796875 0.0421875
1 0.79921875 0.20625 0.0171875 0.040625
1 0.759375 0.32109375 0.040625 0.090625
1 0.85234375 0.2046875 0.01875 0.0515625
1 0.85234375 0.1421875 0.01796875 0.03359375
1 0.87421875 0.15390625 0.015625 0.03203125
1 0.878125 0.22890625 0.01796875 0.04453125
1 0.86953125 0.2671875 0.02109375 0.04921875
1 0.928125 0.25625 0.01875 0.04921875
1 0.93046875 0.21328125 0.021875 0.0375
1 0.9328125 0.18828125 0.015625 0.03046875
1 0.93671875 0.1640625 0.01328125 0.0265625
1 0.91328125 0.1796875 0.0171875 0.040625