1 0.18125 0.27578125 0.02109375 0.04140625
1 0.23125 0.23515625 0.0171875 0.03671875
1 0.32421875 0.22734375 0.01484375 0.03203125
1 0.3078125 0.2296875 0.01484375 0.0265625
1 0.34453125 0.23203125 0.01953125 0.03671875
1 0.375 0.23515625 0.02109375 0.04296875
1 0.3578125 0.29921875 0.021875 0.04140625
1 0.38984375 0.28515625 0.02578125 0.046875
1 0.3796875 0.18515625 0.01640625 0.03359375
1 0.39453125 0.1796875 0.01484375 0.03671875
1 0.4140625 0.1953125 0.01640625 0.03671875
1 0.45703125 0.196875 0.01953125 0.0265625
1 0.46015625 0.23046875 0.0234375 0.0515625
1 0.49140625 0.29765625 0.02890625 0.0546875
1 0.48671875 0.19609375 0.02421875 0.0453125
1 0.4484375 0.175 0.01640625 0.03359375
1 0.4875 0.1515625 0.01796875 0.03671875
1 0.51875 0.16796875 0.01953125 0.03359375
1 0.546875 0.1625 0.01953125 0.03828125
1 0.5875 0.16484375 0.01953125 0.0296875
1 0.57421875 0.12890625 0.01484375 0.03203125
1 0.61875 0.24453125 0.02578125 0.0515625
1 0.62421875 0.203125 0.01796875 0.03984375
1 0.6640625 0.2109375 0.01953125 0.0453125
1 0.653125 0.27109375 0.02421875 0.0546875
1 0.6953125 0.16015625 0.01640625 0.03359375
1 0.69921875 0.2265625 0.0234375 0.046875
1 0.70859375 0.27421875 0.0234375 0.0453125
1 0.7546875 0.2390625 0.02578125 0.0484375
1 0.73125 0.196875 0.02265625 0.046875
1 0.76796875 0.159375 0.01875 0.04140625
1 0.759375 0.30546875 0.02421875 0.05859375
1 0.834375 0.32265625 0.028125 0.06484375
1 0.90703125 0.3125 0.0515625 0.11171875
1 0.921875 0.23359375 0.01953125 0.05703125
1 0.959375 0.19921875 0.03203125 0.078125