1 0.19921875 0.396875 0.03671875 0.07890625
1 0.24140625 0.27109375 0.02578125 0.04453125
1 0.33828125 0.21171875 0.01796875 0.0375
1 0.36796875 0.23671875 0.0171875 0.0375
1 0.4015625 0.1921875 0.0140625 0.034375
1 0.4828125 0.19296875 0.0171875 0.04140625
1 0.4140625 0.21953125 0.028125 0.053125
1 0.64609375 0.21796875 0.02265625 0.05546875
1 0.70078125 0.23203125 0.02109375 0.053125
1 0.75 0.196875 0.021875 0.0484375
1 0.80625 0.35390625 0.03125 0.075
1 0.8484375 0.17109375 0.01875 0.0390625
1 0.88046875 0.1875 0.01640625 0.0359375
1 0.81640625 0.2140625 0.02109375 0.05
1 0.865625 0.21796875 0.01328125 0.03359375
1 0.8375 0.30546875 0.01953125 0.05546875
1 0.88359375 0.32265625 0.02734375 0.0515625
1 0.89375 0.346875 0.0265625 0.0640625