1 0.61015625 0.15546875 0.08828125 0.1484375
1 0.50390625 0.25390625 0.0234375 0.04453125
1 0.52578125 0.2453125 0.0171875 0.04921875
1 0.53984375 0.23125 0.01796875 0.03515625
1 0.4625 0.29765625 0.03203125 0.05625
1 0.4359375 0.23984375 0.01953125 0.03515625
1 0.45234375 0.2484375 0.015625 0.03671875
1 0.47890625 0.23515625 0.01484375 0.02578125
1 0.409375 0.18671875 0.015625 0.03515625
1 0.39296875 0.17265625 0.0140625 0.03515625
1 0.409375 0.26171875 0.01796875 0.05078125
1 0.3859375 0.26171875 0.02734375 0.04140625
1 0.35390625 0.26171875 0.0265625 0.0609375
1 0.384375 0.22421875 0.0203125 0.02734375
1 0.3625 0.2078125 0.0171875 0.03515625
1 0.33359375 0.240625 0.02265625 0.04296875
1 0.31953125 0.2578125 0.02421875 0.04921875
1 0.29453125 0.26015625 0.0296875 0.0609375
1 0.2109375 0.265625 0.065625 0.10078125
1 0.14609375 0.30625 0.08515625 0.1453125
1 0.06875 0.278125 0.07578125 0.09609375
1 0.0328125 0.37421875 0.0640625 0.209375
1 0.02265625 0.22578125 0.0359375 0.0625
1 0.04609375 0.18515625 0.03046875 0.05078125
1 0.08046875 0.2078125 0.0328125 0.04765625
1 0.12578125 0.20078125 0.02734375 0.04296875
1 0.12421875 0.1703125 0.02578125 0.03671875
1 0.15546875 0.2109375 0.03046875 0.04765625
1 0.18828125 0.2046875 0.0296875 0.04765625
1 0.21953125 0.21796875 0.02734375 0.04609375
1 0.22421875 0.19921875 0.02265625 0.03984375
1 0.253125 0.2265625 0.01953125 0.04140625
1 0.24453125 0.19296875 0.01953125 0.03515625
1 0.27578125 0.20703125 0.0203125 0.03984375
1 0.30625 0.2265625 0.02109375 0.03203125
1 0.315625 0.20859375 0.01484375 0.02734375