1 0.06953125 0.3046875 0.025 0.05078125
1 0.33828125 0.22109375 0.0171875 0.03984375
1 0.35 0.1953125 0.015625 0.03671875
1 0.3421875 0.17890625 0.0171875 0.03671875
1 0.40703125 0.203125 0.0171875 0.03828125
1 0.4171875 0.1734375 0.015625 0.03125
1 0.42421875 0.1515625 0.01328125 0.0296875
1 0.44921875 0.17421875 0.01953125 0.0296875
1 0.43671875 0.228125 0.02109375 0.03984375
1 0.47421875 0.225 0.0203125 0.046875
1 0.47109375 0.1859375 0.0203125 0.04375
1 0.45234375 0.1484375 0.01328125 0.03125
1 0.46171875 0.1421875 0.01484375 0.03359375
1 0.47109375 0.15546875 0.015625 0.03515625
1 0.496875 0.1390625 0.0125 0.0265625
1 0.5109375 0.125 0.01328125 0.02265625
1 0.521875 0.13125 0.0109375 0.02421875
1 0.534375 0.134375 0.01328125 0.03125
1 0.525 0.15390625 0.01640625 0.03515625
1 0.50234375 0.16015625 0.01484375 0.0296875
1 0.5484375 0.1171875 0.01171875 0.028125
1 0.559375 0.1515625 0.01328125 0.03359375
1 0.553125 0.184375 0.01484375 0.03359375
1 0.55390625 0.1546875 0.01640625 0.0265625
1 0.58359375 0.16875 0.01875 0.03359375
1 0.5890625 0.1421875 0.01484375 0.0265625
1 0.51640625 0.28515625 0.0265625 0.0421875
1 0.553125 0.29375 0.028125 0.059375
1 0.57421875 0.2453125 0.0234375 0.05078125
1 0.61171875 0.26328125 0.02890625 0.046875
1 0.61953125 0.2953125 0.02890625 0.06328125
1 0.61953125 0.20546875 0.02109375 0.04375
1 0.59765625 0.12265625 0.0125 0.028125
1 0.61015625 0.1109375 0.01171875 0.0265625
1 0.61640625 0.140625 0.01640625 0.03984375
1 0.63125 0.15546875 0.01484375 0.03515625
1 0.63125 0.10078125 0.01171875 0.0296875
1 0.6484375 0.134375 0.01171875 0.028125
1 0.65546875 0.10390625 0.0125 0.0265625
1 0.65859375 0.11875 0.0125 0.02421875
1 0.678125 0.11015625 0.0109375 0.02421875
1 0.6765625 0.1265625 0.0109375 0.0265625
1 0.6984375 0.12265625 0.0125 0.02421875
1 0.725 0.1453125 0.015625 0.03515625
1 0.703125 0.15859375 0.01484375 0.0296875
1 0.66640625 0.17421875 0.01953125 0.03984375
1 0.6625 0.2125 0.01875 0.04375
1 0.66796875 0.26953125 0.0234375 0.04921875
1 0.675 0.3328125 0.03203125 0.06796875
1 0.7078125 0.2203125 0.02109375 0.05625
1 0.7015625 0.190625 0.01953125 0.0421875
1 0.73671875 0.16796875 0.01171875 0.03125
1 0.74296875 0.12734375 0.015625 0.03125
1 0.76640625 0.17421875 0.01484375 0.0296875
1 0.73984375 0.15703125 0.01328125 0.028125
1 0.778125 0.1296875 0.01171875 0.028125
1 0.796875 0.171875 0.0125 0.03359375
1 0.77734375 0.1984375 0.01640625 0.03984375
1 0.79296875 0.28515625 0.0203125 0.06328125
1 0.8140625 0.25546875 0.015625 0.04921875
1 0.8390625 0.2140625 0.01640625 0.03671875
1 0.8078125 0.19609375 0.015625 0.03515625
1 0.7546875 0.33828125 0.02734375 0.0578125
1 0.828125 0.35078125 0.028125 0.06484375
1 0.84453125 0.303125 0.0203125 0.0578125
1 0.86484375 0.28359375 0.0203125 0.05625
1 0.875 0.2265625 0.01640625 0.046875
1 0.8234375 0.1796875 0.01484375 0.03828125
1 0.83359375 0.153125 0.015625 0.03359375
1 0.8453125 0.18984375 0.01328125 0.03984375
1 0.859375 0.1859375 0.01171875 0.03359375
1 0.8703125 0.16328125 0.01328125 0.03984375
1 0.88046875 0.2 0.01484375 0.03359375
1 0.89296875 0.1921875 0.01171875 0.0453125
1 0.9 0.18671875 0.009375 0.028125
1 0.934375 0.17578125 0.0125 0.03984375
1 0.93125 0.20625 0.0125 0.03828125
1 0.93359375 0.2515625 0.01328125 0.0421875
1 0.9125 0.2796875 0.01953125 0.05234375
1 0.91015625 0.3171875 0.02265625 0.0609375