1 0.196875 0.39921875 0.05234375 0.090625
1 0.27421875 0.2625 0.01796875 0.034375
1 0.2953125 0.27109375 0.01796875 0.0359375
1 0.29453125 0.240625 0.0203125 0.0359375
1 0.3453125 0.2703125 0.0203125 0.0375
1 0.36953125 0.27734375 0.02421875 0.0421875
1 0.365625 0.196875 0.0171875 0.03046875
1 0.3875 0.22265625 0.0203125 0.0421875
1 0.40078125 0.1734375 0.01953125 0.02890625
1 0.425 0.18125 0.0171875 0.0375
1 0.43828125 0.2265625 0.0171875 0.04375
1 0.46875 0.23125 0.02421875 0.04375
1 0.44921875 0.18671875 0.0171875 0.0359375
1 0.4640625 0.1375 0.0109375 0.02109375
1 0.4703125 0.15390625 0.0125 0.02890625
1 0.47734375 0.19140625 0.0171875 0.0359375
1 0.48671875 0.19453125 0.01796875 0.0359375
1 0.5171875 0.19453125 0.0203125 0.0421875
1 0.51015625 0.153125 0.0140625 0.03046875
1 0.5046875 0.13046875 0.01015625 0.02109375
1 0.5375 0.1359375 0.01484375 0.02421875
1 0.55078125 0.1265625 0.0109375 0.02578125
1 0.55703125 0.13984375 0.01484375 0.02890625
1 0.57578125 0.140625 0.01484375 0.02421875
1 0.58046875 0.12421875 0.01171875 0.02734375
1 0.590625 0.1046875 0.0125 0.02109375
1 0.61015625 0.1078125 0.0125 0.02734375
1 0.5875 0.17421875 0.01640625 0.03046875
1 0.60703125 0.14609375 0.015625 0.02890625
1 0.634375 0.1390625 0.015625 0.03046875
1 0.6375 0.1078125 0.01171875 0.02421875
1 0.66484375 0.1078125 0.01484375 0.02734375
1 0.684375 0.115625 0.01484375 0.02890625
1 0.4953125 0.2953125 0.02578125 0.05546875
1 0.53359375 0.32109375 0.03046875 0.05546875
1 0.56015625 0.265625 0.025 0.05
1 0.60234375 0.21796875 0.0203125 0.040625
1 0.615625 0.24765625 0.02421875 0.046875
1 0.5828125 0.32109375 0.03125 0.05859375
1 0.6515625 0.20703125 0.021875 0.040625
1 0.64765625 0.17421875 0.0171875 0.040625
1 0.675 0.159375 0.01484375 0.0328125
1 0.69765625 0.1859375 0.0203125 0.0375
1 0.7203125 0.171875 0.01796875 0.0328125
1 0.7203125 0.20078125 0.015625 0.040625
1 0.7203125 0.2484375 0.02578125 0.05546875
1 0.7 0.23515625 0.02109375 0.0484375
1 0.68828125 0.3203125 0.0328125 0.06328125
1 0.7328125 0.36640625 0.03359375 0.0796875
1 0.7875 0.3875 0.0328125 0.0765625
1 0.8875 0.428125 0.0421875 0.0828125
1 0.82421875 0.29765625 0.028125 0.05703125
1 0.75859375 0.27421875 0.0265625 0.05859375
1 0.7484375 0.21171875 0.02265625 0.04375
1 0.76875 0.19921875 0.0203125 0.04375
1 0.74375 0.140625 0.0171875 0.034375
1 0.73203125 0.1234375 0.0171875 0.0328125
1 0.75625 0.13203125 0.0125 0.034375
1 0.77421875 0.140625 0.015625 0.034375
1 0.8 0.14609375 0.01796875 0.0328125
1 0.81953125 0.13984375 0.01484375 0.0328125
1 0.834375 0.1265625 0.0140625 0.0328125
1 0.8453125 0.1484375 0.01484375 0.03046875
1 0.8390625 0.16640625 0.0125 0.0375
1 0.81953125 0.2015625 0.01796875 0.0484375
1 0.79765625 0.25546875 0.02265625 0.05390625
1 0.85078125 0.253125 0.025 0.0515625
1 0.89375 0.30703125 0.03515625 0.06796875
1 0.9046875 0.26171875 0.021875 0.0453125
1 0.91640625 0.2203125 0.01796875 0.046875
1 0.9171875 0.1609375 0.0109375 0.02890625
1 0.87109375 0.19921875 0.01953125 0.034375
1 0.8765625 0.16875 0.01953125 0.0390625
1 0.859375 0.13046875 0.0125 0.02734375