1 0.0265625 0.8375 0.025 0.0515625
1 0.04921875 0.75625 0.02109375 0.05390625
1 0.10234375 0.9015625 0.03046875 0.05625
1 0.1203125 0.8140625 0.02578125 0.0609375
1 0.15859375 0.73203125 0.02578125 0.0421875
1 0.20390625 0.725 0.02109375 0.046875
1 0.20390625 0.8 0.02109375 0.046875
1 0.32421875 0.8109375 0.025 0.05859375
1 0.34375 0.74375 0.0234375 0.0421875
1 0.46796875 0.875 0.0203125 0.0421875
1 0.5515625 0.94921875 0.025 0.05859375
1 0.571875 0.3234375 0.01875 0.05859375
1 0.6484375 0.29296875 0.0203125 0.04921875
1 0.63125 0.5703125 0.02265625 0.06328125
1 0.69140625 0.70234375 0.0296875 0.06796875
1 0.7453125 0.61640625 0.025 0.0609375
1 0.815625 0.69140625 0.02734375 0.0515625
1 0.87890625 0.94375 0.03984375 0.0984375
1 0.9609375 0.8890625 0.0328125 0.065625
1 0.76875 0.36015625 0.0203125 0.0609375
1 0.75078125 0.33515625 0.01875 0.04453125