1 0.81015625 0.3265625 0.0390625 0.0890625
1 0.61171875 0.1078125 0.015625 0.028125
1 0.5578125 0.11875 0.015625 0.025
1 0.70390625 0.12578125 0.0109375 0.0203125
1 0.7578125 0.13125 0.0140625 0.025
1 0.79453125 0.134375 0.015625 0.025
1 0.853125 0.15078125 0.01484375 0.0359375
1 0.878125 0.1578125 0.01484375 0.034375
1 0.746875 0.1421875 0.01875 0.028125
1 0.7765625 0.14140625 0.0171875 0.0296875
1 0.80546875 0.159375 0.0203125 0.028125
1 0.82265625 0.16015625 0.01484375 0.0265625
1 0.909375 0.1796875 0.01953125 0.03125
1 0.49453125 0.13359375 0.01328125 0.0234375
1 0.51953125 0.1375 0.01875 0.021875
1 0.54609375 0.14375 0.01875 0.01875
1 0.57734375 0.1328125 0.01875 0.03125
1 0.5953125 0.1421875 0.02265625 0.028125
1 0.65 0.140625 0.01796875 0.034375
1 0.6625 0.1265625 0.015625 0.025
1 0.68671875 0.18046875 0.025 0.0421875
1 0.71015625 0.153125 0.01953125 0.028125
1 0.45703125 0.1515625 0.0125 0.025
1 0.48046875 0.16015625 0.01875 0.0296875
1 0.5203125 0.17421875 0.01875 0.0390625
1 0.5765625 0.1890625 0.021875 0.028125
1 0.43125 0.171875 0.01796875 0.03125
1 0.375 0.18828125 0.02109375 0.0296875
1 0.41328125 0.18125 0.02265625 0.0375
1 0.46640625 0.2140625 0.02265625 0.03125
1 0.49765625 0.203125 0.021875 0.034375
1 0.353125 0.20234375 0.02109375 0.0359375
1 0.31796875 0.20625 0.02265625 0.0375
1 0.625 0.21328125 0.025 0.0453125
1 0.6546875 0.196875 0.02265625 0.040625
1 0.6515625 0.23671875 0.03046875 0.0546875
1 0.7140625 0.18671875 0.01953125 0.0390625
1 0.73046875 0.17734375 0.01484375 0.0390625
1 0.7640625 0.1875 0.02265625 0.0375
1 0.72109375 0.22265625 0.021875 0.0421875
1 0.7875 0.203125 0.01484375 0.0375
1 0.82578125 0.18359375 0.01484375 0.0328125
1 0.934375 0.175 0.0171875 0.028125
1 0.9328125 0.22734375 0.0171875 0.0421875
1 0.85703125 0.209375 0.0171875 0.034375
1 0.87890625 0.23203125 0.015625 0.0515625
1 0.9140625 0.25 0.02109375 0.04375
1 0.86953125 0.27578125 0.01875 0.034375
1 0.446875 0.24765625 0.02421875 0.0328125
1 0.553125 0.28046875 0.02578125 0.040625
1 0.53203125 0.22421875 0.02265625 0.0390625
1 0.62265625 0.175 0.025 0.025
1 0.6234375 0.1546875 0.025 0.021875
1 0.56484375 0.1546875 0.0265625 0.025
1 0.53671875 0.18828125 0.01953125 0.0296875
1 0.44375 0.209375 0.02109375 0.0375