1 0.20625 0.4546875 0.05078125 0.10546875
1 0.253125 0.42734375 0.0484375 0.10703125
1 0.3140625 0.28515625 0.0203125 0.04296875
1 0.3703125 0.2609375 0.02109375 0.04140625
1 0.4453125 0.26640625 0.02109375 0.04453125
1 0.4265625 0.22578125 0.0171875 0.03984375
1 0.45703125 0.225 0.0234375 0.04453125
1 0.45703125 0.18515625 0.01796875 0.04140625
1 0.48203125 0.1953125 0.01953125 0.04453125
1 0.46328125 0.15546875 0.01328125 0.028125
1 0.4796875 0.153125 0.01640625 0.0296875
1 0.5421875 0.140625 0.0140625 0.034375
1 0.56796875 0.14765625 0.0140625 0.03828125
1 0.58828125 0.15234375 0.01640625 0.04140625
1 0.54453125 0.1984375 0.02109375 0.03828125
1 0.484375 0.321875 0.0265625 0.05078125
1 0.66953125 0.25546875 0.02890625 0.05625
1 0.74296875 0.2765625 0.025 0.05234375
1 0.8 0.2890625 0.0265625 0.0546875
1 0.70234375 0.14921875 0.01796875 0.034375
1 0.73203125 0.146875 0.01640625 0.03984375
1 0.74453125 0.16484375 0.0203125 0.0328125
1 0.7625 0.14765625 0.015625 0.03125
1 0.784375 0.16171875 0.0203125 0.03984375
1 0.8171875 0.18203125 0.01640625 0.04453125
1 0.83046875 0.12421875 0.01328125 0.034375
1 0.903125 0.21328125 0.021875 0.05078125