1 0.08984375 0.4578125 0.028125 0.0703125
1 0.2859375 0.2640625 0.0140625 0.0328125
1 0.2765625 0.23828125 0.0140625 0.034375
1 0.30625 0.2484375 0.01484375 0.028125
1 0.33125 0.25390625 0.015625 0.0359375
1 0.31875 0.21484375 0.01328125 0.0328125
1 0.33046875 0.2171875 0.01328125 0.028125
1 0.3515625 0.228125 0.0140625 0.0328125
1 0.36171875 0.24609375 0.01796875 0.0390625
1 0.375 0.22578125 0.01484375 0.03125
1 0.37109375 0.190625 0.01328125 0.034375
1 0.38359375 0.184375 0.01328125 0.028125
1 0.415625 0.1890625 0.01328125 0.028125
1 0.38828125 0.2609375 0.01875 0.0328125
1 0.421875 0.25546875 0.01796875 0.04296875
1 0.43125 0.22421875 0.01953125 0.0328125
1 0.4609375 0.23125 0.01796875 0.04609375
1 0.4765625 0.19765625 0.02109375 0.028125
1 0.4390625 0.17734375 0.01484375 0.0265625
1 0.4515625 0.18671875 0.0140625 0.02265625
1 0.4609375 0.1453125 0.01328125 0.02421875
1 0.496875 0.16875 0.01484375 0.0328125
1 0.475 0.13203125 0.0125 0.02109375
1 0.53671875 0.18203125 0.0203125 0.0359375
1 0.53203125 0.1578125 0.01328125 0.028125
1 0.54375 0.15078125 0.0125 0.0265625
1 0.56328125 0.1703125 0.015625 0.0296875
1 0.5609375 0.12421875 0.0140625 0.0359375
1 0.6 0.15078125 0.01640625 0.0265625
1 0.5859375 0.12578125 0.0140625 0.028125
1 0.60703125 0.12734375 0.01640625 0.02421875
1 0.62734375 0.1375 0.01484375 0.0296875
1 0.63515625 0.12109375 0.01015625 0.0265625
1 0.65859375 0.12109375 0.01015625 0.0265625
1 0.4828125 0.30078125 0.02578125 0.05390625
1 0.53828125 0.30390625 0.02734375 0.0609375
1 0.60078125 0.3140625 0.03359375 0.05703125
1 0.57109375 0.21796875 0.01875 0.04296875
1 0.5984375 0.196875 0.02109375 0.04296875
1 0.64609375 0.21640625 0.01875 0.04296875
1 0.64375 0.26328125 0.02109375 0.04765625
1 0.60859375 0.26796875 0.0296875 0.04453125
1 0.70859375 0.28046875 0.02421875 0.04296875
1 0.69375 0.23125 0.02421875 0.04296875
1 0.6625 0.18203125 0.01640625 0.0328125
1 0.6828125 0.18984375 0.01484375 0.0359375
1 0.684375 0.165625 0.0125 0.0296875
1 0.70234375 0.16484375 0.01640625 0.03125
1 0.7015625 0.1390625 0.0125 0.0265625
1 0.72734375 0.19609375 0.015625 0.040625
1 0.74765625 0.23203125 0.0234375 0.040625
1 0.7640625 0.27109375 0.02578125 0.05390625
1 0.82890625 0.3234375 0.025 0.05703125
1 0.85859375 0.2328125 0.02421875 0.04921875
1 0.91328125 0.25625 0.01875 0.04453125
1 0.91015625 0.2203125 0.01484375 0.034375
1 0.88359375 0.2015625 0.015625 0.0328125
1 0.8859375 0.1734375 0.015625 0.0296875
1 0.88671875 0.1453125 0.0140625 0.028125
1 0.84609375 0.16171875 0.0140625 0.028125
1 0.83828125 0.1890625 0.015625 0.0375
1 0.8203125 0.2015625 0.01796875 0.04296875
1 0.78671875 0.17109375 0.01796875 0.0375
1 0.76640625 0.203125 0.0203125 0.0390625
1 0.7578125 0.16953125 0.01484375 0.03125
1 0.7734375 0.1421875 0.015625 0.02421875
1 0.79765625 0.13125 0.0125 0.0296875
1 0.81875 0.13515625 0.0140625 0.03125
1 0.75625 0.12578125 0.015625 0.03125
1 0.740625 0.14609375 0.01484375 0.0296875
1 0.73671875 0.1203125 0.0140625 0.02421875