1 0.1984375 0.48125 0.04453125 0.0921875
1 0.30390625 0.24921875 0.015625 0.0390625
1 0.33828125 0.28046875 0.0203125 0.04609375
1 0.35546875 0.25703125 0.0171875 0.0375
1 0.38984375 0.2 0.01640625 0.0296875
1 0.43203125 0.2140625 0.015625 0.034375
1 0.45390625 0.2203125 0.0171875 0.0328125
1 0.4375 0.1734375 0.01328125 0.03125
1 0.4546875 0.1890625 0.015625 0.0296875
1 0.48359375 0.20078125 0.01640625 0.03125
1 0.46015625 0.15234375 0.0140625 0.01953125
1 0.4875 0.31875 0.02421875 0.04296875
1 0.56796875 0.23125 0.02421875 0.04296875
1 0.5640625 0.29921875 0.02421875 0.05546875
1 0.6203125 0.2953125 0.03125 0.065625
1 0.6203125 0.24609375 0.02421875 0.04609375
1 0.63203125 0.21171875 0.01875 0.04296875
1 0.67421875 0.25859375 0.02109375 0.04453125
1 0.6828125 0.20625 0.021875 0.04453125
1 0.7328125 0.28046875 0.02578125 0.04609375
1 0.79296875 0.30625 0.021875 0.05390625
1 0.70234375 0.159375 0.015625 0.0328125
1 0.7171875 0.18359375 0.015625 0.0328125
1 0.7265625 0.13984375 0.015625 0.0296875
1 0.70859375 0.09765625 0.0125 0.028125
1 0.746875 0.1125 0.015625 0.03125
1 0.765625 0.11640625 0.0125 0.02265625
1 0.7671875 0.14765625 0.0140625 0.0296875
1 0.76015625 0.18828125 0.0171875 0.0375
1 0.8171875 0.175 0.015625 0.0375
1 0.840625 0.11953125 0.01328125 0.0390625
1 0.86953125 0.18125 0.01640625 0.0375
1 0.89140625 0.22890625 0.0171875 0.04453125
1 0.91015625 0.1921875 0.01328125 0.0296875
1 0.9453125 0.184375 0.01640625 0.04453125
1 0.946875 0.11875 0.01328125 0.03125
1 0.4390625 0.28046875 0.02578125 0.05234375
1 0.62109375 0.10078125 0.009375 0.025
1 0.6296875 0.1125 0.01015625 0.02109375
1 0.590625 0.15703125 0.01171875 0.025
1 0.50859375 0.16640625 0.0140625 0.03125
1 0.5484375 0.1296875 0.0125 0.0296875
1 0.54375 0.14453125 0.01640625 0.0328125
1 0.56875 0.15234375 0.0140625 0.02265625
1 0.57265625 0.11875 0.01015625 0.025
1 0.8296875 0.1265625 0.01171875 0.0296875