1 0.2109375 0.35859375 0.04375 0.08671875
1 0.321875 0.22890625 0.01796875 0.03671875
1 0.33515625 0.1875 0.0140625 0.0328125
1 0.35234375 0.20234375 0.01484375 0.03125
1 0.4125 0.20703125 0.01875 0.03515625
1 0.453125 0.2109375 0.01953125 0.0421875
1 0.425 0.18359375 0.01640625 0.0296875
1 0.4203125 0.16328125 0.01796875 0.0296875
1 0.45703125 0.18828125 0.01875 0.03125
1 0.4796875 0.190625 0.01640625 0.0328125
1 0.4890625 0.22109375 0.01953125 0.0453125
1 0.4609375 0.153125 0.01484375 0.03125
1 0.4703125 0.1390625 0.0140625 0.02421875
1 0.48828125 0.1515625 0.015625 0.03125
1 0.509375 0.1609375 0.01484375 0.0328125
1 0.5046875 0.1375 0.0140625 0.028125
1 0.52109375 0.1359375 0.0125 0.028125
1 0.53359375 0.12265625 0.01171875 0.02578125
1 0.5375 0.15078125 0.0140625 0.0328125
1 0.546875 0.1390625 0.01171875 0.03125
1 0.5546875 0.1640625 0.0140625 0.03125
1 0.5625 0.1765625 0.01640625 0.03984375
1 0.571875 0.1453125 0.01484375 0.0296875
1 0.5609375 0.11953125 0.01171875 0.02578125
1 0.5953125 0.11171875 0.01171875 0.02421875
1 0.625 0.103125 0.0109375 0.028125
1 0.646875 0.103125 0.01171875 0.028125
1 0.66796875 0.10625 0.0109375 0.028125
1 0.64375 0.1203125 0.0109375 0.02421875
1 0.65703125 0.13203125 0.01171875 0.02421875
1 0.634375 0.1375 0.015625 0.03828125
1 0.609375 0.1265625 0.01484375 0.02578125
1 0.60234375 0.14375 0.0140625 0.0328125
1 0.6078125 0.16953125 0.015625 0.03671875
1 0.59140625 0.234375 0.01953125 0.03671875
1 0.5421875 0.2671875 0.02578125 0.046875
1 0.58828125 0.271875 0.0234375 0.059375
1 0.6078125 0.309375 0.03125 0.075
1 0.64375 0.20234375 0.01953125 0.0484375
1 0.6515625 0.246875 0.02421875 0.05078125
1 0.66796875 0.2671875 0.02265625 0.046875
1 0.70390625 0.1265625 0.0140625 0.02578125
1 0.69453125 0.1234375 0.0109375 0.02421875
1 0.70859375 0.11875 0.0109375 0.02109375
1 0.67421875 0.2125 0.01875 0.0421875
1 0.71796875 0.16015625 0.01484375 0.03125
1 0.7125 0.19609375 0.01640625 0.03984375
1 0.73125 0.221875 0.02265625 0.046875
1 0.6953125 0.315625 0.03046875 0.06953125
1 0.75078125 0.33515625 0.03046875 0.07109375
1 0.76484375 0.1296875 0.0140625 0.0328125
1 0.77265625 0.14453125 0.0125 0.03125
1 0.7890625 0.14140625 0.0125 0.03125
1 0.809375 0.1484375 0.01640625 0.03125
1 0.83984375 0.1546875 0.0140625 0.03515625
1 0.75078125 0.1671875 0.01484375 0.03515625
1 0.78515625 0.1828125 0.015625 0.03828125
1 0.7984375 0.21171875 0.01875 0.046875
1 0.81875 0.19921875 0.01640625 0.03984375
1 0.83515625 0.18125 0.0125 0.03828125
1 0.84765625 0.2109375 0.01796875 0.03828125
1 0.85625 0.190625 0.0125 0.03984375
1 0.7890625 0.2953125 0.02578125 0.06484375
1 0.815625 0.271875 0.01953125 0.0453125
1 0.828125 0.35625 0.03046875 0.06796875
1 0.85546875 0.315625 0.0203125 0.05546875
1 0.88203125 0.2640625 0.0203125 0.05078125
1 0.89453125 0.228125 0.01875 0.0484375
1 0.89921875 0.203125 0.01484375 0.03671875
1 0.93828125 0.25625 0.01796875 0.0421875
1 0.9359375 0.315625 0.01875 0.05546875
1 0.91796875 0.3734375 0.02578125 0.05078125
1 0.90625 0.42109375 0.034375 0.07109375
1 0.9421875 0.2296875 0.015625 0.0421875
1 0.94375 0.2015625 0.015625 0.03671875
1 0.953125 0.18515625 0.01484375 0.03984375
1 0.92734375 0.171875 0.01015625 0.0328125
1 0.91875 0.17578125 0.01171875 0.03515625
1 0.871875 0.18671875 0.01484375 0.03515625
1 0.87734375 0.16015625 0.0125 0.03515625
1 0.890625 0.16015625 0.01484375 0.028125