1 0.17890625 0.4796875 0.04296875 0.08203125
1 0.34453125 0.57421875 0.05546875 0.11328125
1 0.3421875 0.2578125 0.0171875 0.03828125
1 0.371875 0.26328125 0.02109375 0.03828125
1 0.43515625 0.27734375 0.0234375 0.03984375
1 0.421875 0.2171875 0.01953125 0.03359375
1 0.45859375 0.2296875 0.0203125 0.03828125
1 0.45859375 0.18984375 0.01640625 0.03203125
1 0.4953125 0.19609375 0.01328125 0.03203125
1 0.46328125 0.1515625 0.0140625 0.01640625
1 0.49296875 0.1453125 0.015625 0.0203125
1 0.478125 0.19296875 0.01640625 0.028125
1 0.5375 0.2171875 0.01796875 0.0296875
1 0.5375 0.14140625 0.0140625 0.028125
1 0.56953125 0.146875 0.0125 0.0203125
1 0.58359375 0.159375 0.01640625 0.025
1 0.48828125 0.325 0.028125 0.05546875
1 0.67421875 0.246875 0.025 0.05
1 0.73671875 0.2828125 0.025 0.05859375
1 0.79609375 0.2828125 0.0234375 0.0515625
1 0.70625 0.1484375 0.0125 0.0296875
1 0.73046875 0.1609375 0.01640625 0.03203125
1 0.72109375 0.14140625 0.01640625 0.028125
1 0.7546875 0.1265625 0.01328125 0.0265625
1 0.7671875 0.11640625 0.01796875 0.03203125
1 0.8234375 0.1734375 0.0171875 0.03359375
1 0.82265625 0.1265625 0.0109375 0.0265625
1 0.89453125 0.21796875 0.01953125 0.0484375