1 0.03203125 0.39609375 0.0234375 0.0453125
1 0.2375 0.33515625 0.015625 0.0328125
1 0.25546875 0.346875 0.0203125 0.03984375
1 0.28125 0.3046875 0.01640625 0.03125
1 0.284375 0.35859375 0.01953125 0.040625
1 0.3234375 0.36484375 0.021875 0.04375
1 0.34609375 0.321875 0.0171875 0.03359375
1 0.3484375 0.29453125 0.015625 0.03125
1 0.37421875 0.33125 0.01484375 0.028125
1 0.39921875 0.33671875 0.01796875 0.0328125
1 0.39921875 0.3 0.0140625 0.0265625
1 0.37890625 0.26171875 0.0125 0.0328125
1 0.4 0.26171875 0.01171875 0.0265625
1 0.4265625 0.30078125 0.0140625 0.0328125
1 0.428125 0.26484375 0.0140625 0.03125
1 0.4140625 0.253125 0.01171875 0.0296875
1 0.4171875 0.2703125 0.009375 0.02421875
1 0.45625 0.3078125 0.015625 0.03125
1 0.4171875 0.303125 0.01015625 0.028125
1 0.453125 0.2328125 0.0125 0.02265625
1 0.43984375 0.25234375 0.01015625 0.025
1 0.49609375 0.26953125 0.01484375 0.028125
1 0.48984375 0.253125 0.0109375 0.0265625
1 0.49765625 0.24375 0.01328125 0.028125
1 0.51953125 0.25 0.015625 0.03359375
1 0.546875 0.22109375 0.01171875 0.02265625
1 0.55546875 0.20390625 0.0140625 0.0296875
1 0.55625 0.25703125 0.0125 0.0296875
1 0.56015625 0.278125 0.015625 0.03125
1 0.5109375 0.296875 0.0171875 0.0328125
1 0.4890625 0.31875 0.01796875 0.03984375
1 0.48359375 0.390625 0.025 0.05078125
1 0.5265625 0.40703125 0.0234375 0.05234375
1 0.51875 0.365625 0.02421875 0.05078125
1 0.57890625 0.32109375 0.0203125 0.04375
1 0.58828125 0.35859375 0.0203125 0.04375
1 0.58828125 0.42890625 0.02890625 0.06484375
1 0.64921875 0.44375 0.02734375 0.06640625
1 0.63671875 0.3703125 0.028125 0.0546875
1 0.6265625 0.33125 0.0171875 0.03671875
1 0.6140625 0.29609375 0.01875 0.0421875
1 0.58515625 0.2421875 0.01328125 0.02421875
1 0.58828125 0.22109375 0.01015625 0.02265625
1 0.59296875 0.20703125 0.0109375 0.02265625
1 0.60703125 0.21328125 0.01171875 0.025
1 0.615625 0.22890625 0.01171875 0.0265625
1 0.621875 0.24375 0.01015625 0.025
1 0.634375 0.2171875 0.01171875 0.025
1 0.64453125 0.22890625 0.0109375 0.0265625
1 0.65625 0.228125 0.01171875 0.03515625
1 0.678125 0.24765625 0.015625 0.03515625
1 0.65234375 0.26796875 0.01484375 0.03359375
1 0.6765625 0.28984375 0.01953125 0.04375
1 0.69921875 0.2859375 0.01796875 0.0328125
1 0.70390625 0.25859375 0.01640625 0.03515625
1 0.7203125 0.2484375 0.01328125 0.02265625
1 0.71875 0.2234375 0.01328125 0.0265625
1 0.75234375 0.2421875 0.01640625 0.0296875
1 0.746875 0.2625 0.0140625 0.028125
1 0.73828125 0.2875 0.0140625 0.03125
1 0.6671875 0.3515625 0.01953125 0.05234375
1 0.70703125 0.3953125 0.02578125 0.04765625
1 0.690625 0.4734375 0.0328125 0.075
1 0.76484375 0.409375 0.02734375 0.05390625
1 0.78828125 0.5125 0.03203125 0.06328125
1 0.81171875 0.43671875 0.02890625 0.06328125
1 0.7796875 0.3578125 0.01875 0.05234375
1 0.78515625 0.30078125 0.01796875 0.03671875
1 0.78515625 0.2796875 0.015625 0.0265625
1 0.77890625 0.25 0.0171875 0.03515625
1 0.80546875 0.259375 0.0125 0.03359375
1 0.821875 0.265625 0.0125 0.0328125
1 0.8265625 0.2890625 0.0140625 0.03125
1 0.840625 0.25703125 0.0125 0.028125
1 0.8125 0.31171875 0.01875 0.03359375
1 0.803125 0.33515625 0.0171875 0.03828125
1 0.82734375 0.3703125 0.0234375 0.05234375
1 0.8375 0.340625 0.01640625 0.04375
1 0.85546875 0.3203125 0.01484375 0.03671875
1 0.86171875 0.27890625 0.0140625 0.03359375
1 0.8953125 0.28984375 0.01796875 0.0296875
1 0.87890625 0.31640625 0.015625 0.0328125
1 0.8859375 0.35 0.01640625 0.03984375
1 0.87421875 0.3890625 0.0203125 0.0453125
1 0.87734375 0.440625 0.03046875 0.06328125