1 0.271875 0.21953125 0.01328125 0.03125
1 0.32265625 0.24140625 0.0203125 0.0296875
1 0.32734375 0.196875 0.01640625 0.03359375
1 0.3734375 0.190625 0.015625 0.03359375
1 0.39375 0.190625 0.0140625 0.03359375
1 0.3890625 0.16640625 0.01328125 0.0234375
1 0.4 0.23984375 0.015625 0.0453125
1 0.42109375 0.23671875 0.0296875 0.0625
1 0.4515625 0.24765625 0.0265625 0.04921875
1 0.4875 0.22109375 0.02109375 0.04296875
1 0.46484375 0.20078125 0.01875 0.04140625
1 0.43984375 0.16953125 0.0125 0.0296875
1 0.43046875 0.14609375 0.01015625 0.02578125
1 0.465625 0.134375 0.0109375 0.0296875
1 0.47421875 0.1578125 0.01875 0.03359375
1 0.52109375 0.1734375 0.01796875 0.0375
1 0.5546875 0.18515625 0.02109375 0.04140625
1 0.53671875 0.16171875 0.015625 0.0296875
1 0.50703125 0.14453125 0.0125 0.0234375
1 0.5015625 0.13203125 0.0125 0.01796875
1 0.50234375 0.11953125 0.01328125 0.01953125
1 0.525 0.1234375 0.0125 0.0234375
1 0.53515625 0.1328125 0.015625 0.0234375
1 0.56953125 0.1328125 0.0140625 0.0234375
1 0.58515625 0.115625 0.01328125 0.02734375
1 0.60546875 0.1125 0.0109375 0.02578125
1 0.60625 0.1625 0.01875 0.0390625
1 0.6140625 0.1265625 0.0109375 0.02578125
1 0.625 0.134375 0.0125 0.0296875
1 0.63046875 0.11171875 0.0109375 0.03125
1 0.65625 0.1125 0.01328125 0.03359375
1 0.66328125 0.128125 0.0140625 0.0375
1 0.68515625 0.12421875 0.015625 0.03359375
1 0.5765625 0.24296875 0.021875 0.04296875
1 0.5796875 0.2671875 0.0265625 0.05703125
1 0.6234375 0.24375 0.0234375 0.053125
1 0.61484375 0.22421875 0.01875 0.0375
1 0.640625 0.19453125 0.01875 0.04921875
1 0.62109375 0.16328125 0.01875 0.03359375
1 0.659375 0.18203125 0.01875 0.0390625
1 0.66796875 0.21640625 0.0234375 0.04921875
1 0.67734375 0.271875 0.02890625 0.05078125
1 0.7078125 0.1859375 0.01875 0.0390625
1 0.7015625 0.1671875 0.01796875 0.03359375
1 0.7328125 0.13671875 0.015625 0.03125
1 0.75 0.12890625 0.0125 0.03125
1 0.76328125 0.15234375 0.01875 0.04296875
1 0.73828125 0.18359375 0.015625 0.03125
1 0.759375 0.20234375 0.0203125 0.04140625
1 0.72265625 0.2359375 0.02109375 0.04921875
1 0.73203125 0.2859375 0.0265625 0.05859375
1 0.76953125 0.2484375 0.021875 0.04296875
1 0.78359375 0.22421875 0.0203125 0.04140625
1 0.8 0.15625 0.0140625 0.03125
1 0.78203125 0.1390625 0.0140625 0.03125
1 0.796875 0.1328125 0.0140625 0.02734375
1 0.81171875 0.14453125 0.0140625 0.03125
1 0.8328125 0.13671875 0.0125 0.03125
1 0.84453125 0.14765625 0.0140625 0.0296875
1 0.853125 0.14453125 0.0140625 0.02734375
1 0.84453125 0.1671875 0.0140625 0.03359375
1 0.8484375 0.19375 0.01640625 0.0390625
1 0.846875 0.3015625 0.0265625 0.0625
1 0.8 0.284375 0.02734375 0.0609375
1 0.8875 0.25078125 0.02109375 0.0546875
1 0.878125 0.1796875 0.01796875 0.03515625
1 0.884375 0.159375 0.01328125 0.0296875
1 0.9015625 0.2078125 0.01875 0.04296875
1 0.9078125 0.17890625 0.01328125 0.03359375
1 0.915625 0.15390625 0.015625 0.0296875
1 0.92265625 0.225 0.0203125 0.05078125
1 0.9359375 0.271875 0.02578125 0.04296875
1 0.91796875 0.36953125 0.021875 0.05078125
1 0.9515625 0.21328125 0.015625 0.0390625
1 0.93828125 0.1859375 0.0140625 0.03515625
1 0.9453125 0.16640625 0.0125 0.02734375