1 0.19375 0.40703125 0.04921875 0.08359375
1 0.25859375 0.26484375 0.01640625 0.034375
1 0.2796875 0.25859375 0.0171875 0.0359375
1 0.30390625 0.2625 0.01796875 0.0359375
1 0.325 0.2609375 0.0203125 0.03359375
1 0.34453125 0.265625 0.01640625 0.0390625
1 0.30703125 0.22734375 0.0171875 0.03203125
1 0.3328125 0.221875 0.01640625 0.0359375
1 0.3828125 0.27578125 0.02421875 0.040625
1 0.43515625 0.2375 0.0203125 0.0359375
1 0.4109375 0.234375 0.02109375 0.0390625
1 0.41796875 0.18515625 0.01328125 0.03203125
1 0.39375 0.1921875 0.02265625 0.02890625
1 0.39921875 0.17265625 0.015625 0.02890625
1 0.43671875 0.17265625 0.0140625 0.034375
1 0.45 0.15078125 0.0125 0.02109375
1 0.45859375 0.165625 0.0125 0.02890625
1 0.4671875 0.153125 0.015625 0.02890625
1 0.49765625 0.1265625 0.01328125 0.025
1 0.47265625 0.225 0.02109375 0.04140625
1 0.48046875 0.18984375 0.01484375 0.03203125
1 0.4921875 0.203125 0.0171875 0.0359375
1 0.528125 0.2046875 0.01875 0.03203125
1 0.52734375 0.178125 0.01796875 0.02890625
1 0.51484375 0.16328125 0.01796875 0.0234375
1 0.51328125 0.14296875 0.01484375 0.025
1 0.56640625 0.146875 0.015625 0.02890625
1 0.58203125 0.146875 0.0140625 0.03359375
1 0.58203125 0.115625 0.0125 0.0234375
1 0.6078125 0.09765625 0.01484375 0.0234375
1 0.61875 0.11796875 0.01328125 0.025
1 0.61171875 0.146875 0.01796875 0.03359375
1 0.56484375 0.178125 0.01640625 0.03203125
1 0.64375 0.115625 0.01171875 0.03046875
1 0.671875 0.11328125 0.0140625 0.03203125
1 0.5078125 0.2921875 0.02890625 0.0484375
1 0.5390625 0.3046875 0.03125 0.0625
1 0.5671875 0.23515625 0.02109375 0.04609375
1 0.6015625 0.21328125 0.01875 0.040625
1 0.6140625 0.2328125 0.025 0.05390625
1 0.6546875 0.26484375 0.02890625 0.05703125
1 0.6625 0.221875 0.02421875 0.04609375
1 0.653125 0.1734375 0.0203125 0.04140625
1 0.6859375 0.1640625 0.0171875 0.0359375
1 0.67265625 0.303125 0.02890625 0.065625
1 0.7078125 0.271875 0.025 0.059375
1 0.7140625 0.221875 0.0203125 0.0390625
1 0.721875 0.1578125 0.01875 0.0375
1 0.74296875 0.18671875 0.01875 0.0375
1 0.75390625 0.171875 0.01796875 0.03046875
1 0.753125 0.1328125 0.015625 0.0375
1 0.78359375 0.15078125 0.0171875 0.0375
1 0.80703125 0.1234375 0.015625 0.03359375
1 0.8328125 0.14296875 0.01640625 0.0359375
1 0.809375 0.17578125 0.0171875 0.040625
1 0.78125 0.2 0.02265625 0.04453125
1 0.75234375 0.23046875 0.021875 0.04140625
1 0.778125 0.271875 0.02734375 0.0625
1 0.74453125 0.3734375 0.03359375 0.071875
1 0.8578125 0.33125 0.025 0.06796875
1 0.8203125 0.2546875 0.02109375 0.04609375
1 0.83046875 0.2109375 0.01796875 0.04140625
1 0.853125 0.190625 0.01640625 0.04140625
1 0.86171875 0.246875 0.0203125 0.05390625
1 0.88203125 0.2234375 0.01796875 0.04453125
1 0.90703125 0.259375 0.025 0.05390625
1 0.88046875 0.19453125 0.0203125 0.04140625
1 0.8640625 0.15078125 0.01796875 0.034375