1 0.2734375 0.3890625 0.05390625 0.12265625
1 0.37734375 0.515625 0.06328125 0.1453125
1 0.365625 0.20625 0.02109375 0.05546875
1 0.409375 0.2484375 0.02109375 0.0515625
1 0.44609375 0.1984375 0.01484375 0.03671875
1 0.47578125 0.2203125 0.01484375 0.0421875
1 0.4875 0.21015625 0.01796875 0.04375
1 0.584375 0.246875 0.02421875 0.05
1 0.615625 0.2375 0.02421875 0.05390625
1 0.58046875 0.10859375 0.0125 0.025
1 0.61015625 0.1015625 0.0109375 0.02265625
1 0.64140625 0.1171875 0.0109375 0.0265625
1 0.659375 0.1171875 0.01171875 0.01953125