1 0.0515625 0.39296875 0.0265625 0.05
1 0.27578125 0.2421875 0.0140625 0.0296875
1 0.303125 0.25390625 0.01640625 0.0234375
1 0.31796875 0.246875 0.0140625 0.0328125
1 0.334375 0.25703125 0.01640625 0.0328125
1 0.35 0.26171875 0.0171875 0.03671875
1 0.36953125 0.27109375 0.01875 0.03828125
1 0.39296875 0.2875 0.02421875 0.04453125
1 0.4734375 0.2359375 0.01640625 0.03515625
1 0.45625 0.22421875 0.01328125 0.0328125
1 0.3984375 0.2171875 0.01484375 0.0296875
1 0.3578125 0.228125 0.01796875 0.028125
1 0.33046875 0.22578125 0.0171875 0.0234375
1 0.32734375 0.21015625 0.01328125 0.021875
1 0.37890625 0.1984375 0.01328125 0.028125
1 0.38515625 0.190625 0.0125 0.0234375
1 0.4140625 0.2 0.01484375 0.03125
1 0.4421875 0.19140625 0.01328125 0.028125
1 0.45078125 0.175 0.01640625 0.028125
1 0.4890625 0.2046875 0.0171875 0.03515625
1 0.5359375 0.20390625 0.0171875 0.03671875
1 0.46640625 0.1453125 0.0109375 0.025
1 0.4796875 0.14453125 0.0109375 0.01953125
1 0.496875 0.15859375 0.01328125 0.021875
1 0.5421875 0.16484375 0.01484375 0.028125
1 0.52890625 0.17265625 0.0109375 0.0234375
1 0.565625 0.18046875 0.01640625 0.0328125
1 0.55234375 0.1640625 0.0109375 0.0234375
1 0.5625 0.1265625 0.01640625 0.028125
1 0.5875 0.1484375 0.0125 0.025
1 0.6109375 0.15703125 0.01484375 0.03125
1 0.61796875 0.13203125 0.01328125 0.025
1 0.6046875 0.121875 0.01015625 0.025
1 0.63671875 0.14921875 0.0140625 0.0296875
1 0.65 0.1234375 0.0125 0.028125
1 0.675 0.1296875 0.01328125 0.0296875
1 0.58359375 0.22734375 0.02421875 0.05
1 0.4984375 0.31171875 0.02578125 0.053125
1 0.5859375 0.296875 0.02265625 0.05
1 0.63515625 0.3265625 0.0234375 0.053125
1 0.6203125 0.25234375 0.0234375 0.053125
1 0.6328125 0.21015625 0.01875 0.03828125
1 0.64921875 0.18046875 0.0125 0.0328125
1 0.6625 0.2046875 0.01875 0.03515625
1 0.6640625 0.25859375 0.01953125 0.04296875
1 0.71796875 0.2953125 0.01953125 0.04609375
1 0.84296875 0.325 0.02109375 0.05625
1 0.759375 0.2859375 0.021875 0.04453125
1 0.71484375 0.21953125 0.021875 0.04140625
1 0.70234375 0.18515625 0.01796875 0.03515625
1 0.68515625 0.15390625 0.01328125 0.0265625
1 0.725 0.17578125 0.01484375 0.0296875
1 0.71328125 0.15859375 0.0109375 0.025
1 0.7359375 0.11796875 0.0125 0.0234375
1 0.74765625 0.1515625 0.01328125 0.03125
1 0.7375 0.20546875 0.01640625 0.03671875
1 0.76875 0.20546875 0.01953125 0.04296875
1 0.7703125 0.16171875 0.0140625 0.03125
1 0.7734375 0.134375 0.01015625 0.0234375
1 0.784375 0.13984375 0.01328125 0.028125
1 0.79609375 0.1703125 0.01640625 0.03125
1 0.78125 0.23125 0.021875 0.04453125
1 0.82734375 0.20546875 0.01640625 0.03984375
1 0.84296875 0.18359375 0.0125 0.03125
1 0.83359375 0.15625 0.0140625 0.0265625
1 0.81328125 0.13046875 0.01640625 0.028125
1 0.87109375 0.1640625 0.01328125 0.0296875
1 0.909375 0.23359375 0.01796875 0.03984375
1 0.9328125 0.26484375 0.0234375 0.0484375
1 0.86484375 0.2921875 0.021875 0.04609375
1 0.8890625 0.2109375 0.01484375 0.0328125
1 0.8921875 0.18046875 0.0125 0.0234375
1 0.9015625 0.16328125 0.01015625 0.025