1 0.11015625 0.51796875 0.05390625 0.10625
1 0.19296875 0.27734375 0.01953125 0.05390625
1 0.2140625 0.2640625 0.0234375 0.05078125
1 0.234375 0.2453125 0.0203125 0.05234375
1 0.28828125 0.23203125 0.01953125 0.04609375
1 0.290625 0.2046875 0.021875 0.0421875
1 0.31796875 0.22734375 0.01875 0.04921875
1 0.33125 0.209375 0.0203125 0.05234375
1 0.35390625 0.2484375 0.02265625 0.0421875
1 0.371875 0.23125 0.01875 0.0375
1 0.3484375 0.19375 0.021875 0.05078125
1 0.39609375 0.18828125 0.01875 0.0421875
1 0.403125 0.16953125 0.015625 0.040625
1 0.41875 0.18671875 0.01640625 0.0421875
1 0.42734375 0.3 0.02734375 0.05390625
1 0.43515625 0.16484375 0.0203125 0.040625
1 0.4640625 0.165625 0.021875 0.04609375
1 0.478125 0.14765625 0.0171875 0.0359375
1 0.48359375 0.20078125 0.01875 0.04453125
1 0.465625 0.22890625 0.025 0.04921875
1 0.54296875 0.21015625 0.01953125 0.0375
1 0.5125 0.15546875 0.01796875 0.0359375
1 0.54140625 0.15625 0.01484375 0.0375
1 0.54453125 0.134375 0.01640625 0.0328125
1 0.56953125 0.134375 0.0171875 0.0390625
1 0.571875 0.1625 0.0171875 0.034375
1 0.56875 0.19296875 0.01796875 0.0359375
1 0.60234375 0.19453125 0.01640625 0.0390625
1 0.6 0.171875 0.01640625 0.0359375
1 0.59609375 0.1484375 0.01484375 0.028125
1 0.5859375 0.12265625 0.0171875 0.0296875
1 0.609375 0.13125 0.01484375 0.0359375
1 0.64609375 0.1765625 0.0125 0.0328125
1 0.64375 0.1484375 0.015625 0.0375
1 0.65 0.128125 0.0125 0.028125
1 0.678125 0.16015625 0.01953125 0.0421875
1 0.67890625 0.21875 0.01875 0.04765625
1 0.7015625 0.1515625 0.01796875 0.0375
1 0.6828125 0.13828125 0.015625 0.0375
1 0.5953125 0.29296875 0.02734375 0.05859375
1 0.5640625 0.334375 0.0234375 0.0609375
1 0.59921875 0.3671875 0.0296875 0.0640625
1 0.64609375 0.3984375 0.0359375 0.0703125
1 0.725 0.39140625 0.03359375 0.07890625
1 0.65703125 0.228125 0.021875 0.05703125
1 0.715625 0.2609375 0.025 0.05703125
1 0.7375 0.22109375 0.0203125 0.04921875
1 0.7625 0.2734375 0.02265625 0.05234375
1 0.79296875 0.24140625 0.01796875 0.05078125
1 0.8140625 0.30390625 0.02265625 0.0609375
1 0.7984375 0.45234375 0.03828125 0.08984375
1 0.85 0.48515625 0.03359375 0.09296875
1 0.8765625 0.40859375 0.02734375 0.0734375
1 0.9546875 0.4484375 0.02734375 0.071875
1 0.86171875 0.3328125 0.02421875 0.0671875
1 0.8890625 0.27890625 0.01640625 0.04453125
1 0.89765625 0.25546875 0.0125 0.0390625
1 0.9 0.22890625 0.01640625 0.0328125
1 0.86953125 0.2296875 0.01328125 0.0375
1 0.8296875 0.20703125 0.015625 0.040625
1 0.809375 0.234375 0.01640625 0.0359375
1 0.78046875 0.2125 0.0203125 0.04609375
1 0.75078125 0.19140625 0.0171875 0.0390625
1 0.77265625 0.17265625 0.01875 0.0375
1 0.8078125 0.184375 0.01796875 0.04453125
1 0.925 0.31796875 0.021875 0.0609375
1 0.94765625 0.37109375 0.025 0.0671875
1 0.97890625 0.35859375 0.0203125 0.05234375
1 0.9734375 0.3265625 0.01796875 0.04453125
1 0.9796875 0.296875 0.015625 0.03125
1 0.9890625 0.25625 0.01328125 0.040625
1 0.9375 0.2609375 0.01640625 0.0375
1 0.94921875 0.240625 0.0140625 0.0421875