1 0.11796875 0.5234375 0.04609375 0.08125
1 0.21171875 0.3390625 0.021875 0.03671875
1 0.2453125 0.35703125 0.02109375 0.0453125
1 0.2734375 0.30859375 0.0234375 0.04375
1 0.2828125 0.35625 0.02265625 0.040625
1 0.32578125 0.3546875 0.02421875 0.0453125
1 0.3671875 0.334375 0.01796875 0.03203125
1 0.33984375 0.296875 0.0171875 0.0390625
1 0.37421875 0.26953125 0.015625 0.03203125
1 0.3953125 0.29765625 0.01796875 0.03515625
1 0.4140625 0.24921875 0.0171875 0.03359375
1 0.43515625 0.26015625 0.01640625 0.03125
1 0.45 0.2421875 0.015625 0.03125
1 0.4640625 0.25859375 0.0203125 0.03125
1 0.459375 0.234375 0.0140625 0.03203125
1 0.5109375 0.27109375 0.01953125 0.03671875
1 0.5078125 0.2359375 0.01171875 0.02265625
1 0.51953125 0.2453125 0.01484375 0.0265625
1 0.5390625 0.24296875 0.01328125 0.03125
1 0.5640625 0.27734375 0.01796875 0.03671875
1 0.5734375 0.2578125 0.01640625 0.0265625
1 0.5515625 0.221875 0.01328125 0.025
1 0.56875 0.21015625 0.01328125 0.0296875
1 0.59140625 0.2453125 0.015625 0.0296875
1 0.59453125 0.21953125 0.015625 0.01953125
1 0.6015625 0.20078125 0.015625 0.028125
1 0.62109375 0.2078125 0.0140625 0.03125
1 0.63125 0.221875 0.0171875 0.0296875
1 0.6328125 0.24296875 0.01640625 0.0296875
1 0.4984375 0.3140625 0.0234375 0.03828125
1 0.45625 0.3125 0.02578125 0.0390625
1 0.43984375 0.33671875 0.0234375 0.040625
1 0.39609375 0.34375 0.02578125 0.04609375
1 0.6546875 0.2140625 0.01328125 0.025
1 0.66953125 0.22109375 0.0140625 0.03125
1 0.6921875 0.215625 0.0171875 0.03828125
1 0.6609375 0.27890625 0.01796875 0.03515625
1 0.63125 0.303125 0.021875 0.03515625
1 0.5921875 0.32578125 0.021875 0.04609375
1 0.525 0.35 0.02265625 0.053125
1 0.45625 0.40390625 0.0359375 0.06484375
1 0.51015625 0.44375 0.03515625 0.06015625
1 0.57734375 0.44375 0.0359375 0.07734375
1 0.590625 0.3953125 0.03203125 0.059375
1 0.63203125 0.3546875 0.0234375 0.04765625
1 0.6515625 0.3609375 0.025 0.0546875
1 0.68125 0.3671875 0.0234375 0.04765625
1 0.6765625 0.3140625 0.025 0.04375
1 0.70546875 0.29375 0.02265625 0.0390625
1 0.69609375 0.25234375 0.0171875 0.03515625
1 0.7265625 0.253125 0.01484375 0.03125
1 0.7359375 0.2484375 0.015625 0.03828125
1 0.75625 0.22734375 0.01640625 0.03828125
1 0.76796875 0.28203125 0.015625 0.03203125
1 0.778125 0.24140625 0.01640625 0.03515625
1 0.75234375 0.2578125 0.01640625 0.03515625
1 0.796875 0.2359375 0.01953125 0.03828125
1 0.81640625 0.27265625 0.01796875 0.03671875
1 0.80078125 0.28515625 0.01796875 0.03671875
1 0.81953125 0.3390625 0.01953125 0.0453125
1 0.80703125 0.35546875 0.0234375 0.05625
1 0.834375 0.31015625 0.01796875 0.03515625
1 0.85 0.27578125 0.01953125 0.03671875
1 0.86015625 0.2671875 0.015625 0.0390625
1 0.8390625 0.25 0.01328125 0.03515625
1 0.87265625 0.25546875 0.0140625 0.03203125
1 0.89140625 0.2765625 0.0171875 0.03828125
1 0.90234375 0.3203125 0.0203125 0.03828125
1 0.88984375 0.315625 0.015625 0.03828125
1 0.86328125 0.33828125 0.02109375 0.04609375
1 0.85625 0.36875 0.02265625 0.053125
1 0.84375 0.46328125 0.0375 0.071875
1 0.8203125 0.5046875 0.0375 0.0703125
1 0.69609375 0.5359375 0.04609375 0.08125
1 0.63046875 0.47265625 0.03828125 0.07890625
1 0.7140625 0.4109375 0.0328125 0.06484375
1 0.76875 0.4359375 0.0359375 0.059375
1 0.91171875 0.47421875 0.0296875 0.0703125
1 0.9390625 0.353125 0.021875 0.0421875
1 0.925 0.29921875 0.01484375 0.03671875
1 0.93125 0.275 0.01484375 0.0296875