1 0.2078125 0.47890625 0.0421875 0.09140625
1 0.2984375 0.24609375 0.02109375 0.03671875
1 0.32890625 0.27734375 0.01953125 0.04296875
1 0.35 0.2578125 0.01953125 0.03984375
1 0.38125 0.20703125 0.0203125 0.03125
1 0.42265625 0.21875 0.0171875 0.03125
1 0.44609375 0.21875 0.0171875 0.03828125
1 0.43046875 0.28046875 0.02265625 0.04296875
1 0.43515625 0.16953125 0.0171875 0.0296875
1 0.44765625 0.1875 0.01796875 0.0296875
1 0.47421875 0.2015625 0.015625 0.03125
1 0.47109375 0.1546875 0.0125 0.0265625
1 0.48125 0.1609375 0.01328125 0.0296875
1 0.49765625 0.1703125 0.0171875 0.04140625
1 0.4546875 0.153125 0.0140625 0.0265625
1 0.4953125 0.13125 0.0125 0.0296875
1 0.5375 0.14296875 0.0140625 0.03359375
1 0.540625 0.12421875 0.0140625 0.0265625
1 0.56328125 0.11640625 0.00859375 0.0203125
1 0.57109375 0.13046875 0.01328125 0.021875
1 0.56015625 0.153125 0.01640625 0.0265625
1 0.5859375 0.1578125 0.01953125 0.0265625
1 0.5921875 0.12734375 0.01640625 0.028125
1 0.61484375 0.140625 0.01328125 0.021875
1 0.60625 0.0953125 0.01640625 0.021875
1 0.625 0.115625 0.0125 0.025
1 0.48671875 0.32421875 0.03125 0.046875
1 0.5296875 0.22734375 0.0203125 0.03359375
1 0.55859375 0.2359375 0.02109375 0.03984375
1 0.5578125 0.2984375 0.0296875 0.06484375
1 0.6140625 0.25390625 0.021875 0.03984375
1 0.6234375 0.3 0.034375 0.06171875
1 0.6296875 0.21171875 0.02265625 0.04140625
1 0.69921875 0.1 0.01640625 0.03671875
1 0.69453125 0.15234375 0.01796875 0.03828125
1 0.68515625 0.19609375 0.01796875 0.04296875
1 0.6671875 0.25234375 0.021875 0.053125
1 0.740625 0.11484375 0.01640625 0.03359375
1 0.75859375 0.11484375 0.01328125 0.0296875
1 0.71796875 0.13984375 0.0171875 0.03359375
1 0.71015625 0.18046875 0.0171875 0.03828125
1 0.73203125 0.1734375 0.01640625 0.03515625
1 0.7625 0.146875 0.01640625 0.03125
1 0.76875 0.18359375 0.0140625 0.03125
1 0.75625 0.1875 0.01796875 0.03984375
1 0.7265625 0.28203125 0.028125 0.06015625
1 0.784375 0.2875 0.0265625 0.05
1 0.8234375 0.12890625 0.0125 0.028125
1 0.81171875 0.18203125 0.01640625 0.03828125
1 0.86171875 0.18515625 0.01953125 0.03828125
1 0.884375 0.2296875 0.01640625 0.0484375
1 0.90078125 0.19296875 0.01640625 0.03984375
1 0.9109375 0.134375 0.015625 0.03984375
1 0.940625 0.18671875 0.0171875 0.04140625
1 0.97734375 0.128125 0.0140625 0.03671875