1 0.11796875 0.453125 0.0453125 0.08359375
1 0.25703125 0.26015625 0.0234375 0.03828125
1 0.27421875 0.2640625 0.0171875 0.03046875
1 0.29609375 0.25859375 0.01953125 0.03515625
1 0.315625 0.22734375 0.01640625 0.03359375
1 0.33203125 0.22421875 0.01640625 0.03671875
1 0.32578125 0.27109375 0.02265625 0.046875
1 0.34921875 0.2609375 0.0234375 0.046875
1 0.35703125 0.21796875 0.021875 0.03828125
1 0.36484375 0.19453125 0.01875 0.03515625
1 0.3828125 0.19296875 0.01640625 0.03203125
1 0.384375 0.253125 0.02265625 0.0484375
1 0.4046875 0.2671875 0.02265625 0.046875
1 0.4 0.21015625 0.021875 0.0453125
1 0.43515625 0.2375 0.02265625 0.04375
1 0.44453125 0.19140625 0.02109375 0.03828125
1 0.47734375 0.225 0.021875 0.03828125
1 0.44609375 0.15546875 0.01640625 0.03046875
1 0.4609375 0.16640625 0.0171875 0.03203125
1 0.4875 0.1921875 0.021875 0.03671875
1 0.49921875 0.16171875 0.0171875 0.03203125
1 0.4875 0.134375 0.0171875 0.03203125
1 0.55859375 0.115625 0.01796875 0.03046875
1 0.5359375 0.1828125 0.02421875 0.0421875
1 0.5796875 0.21484375 0.02421875 0.0515625
1 0.56953125 0.16875 0.01875 0.03671875
1 0.54921875 0.15546875 0.01484375 0.03359375
1 0.4828125 0.31015625 0.03203125 0.06171875
1 0.584375 0.28359375 0.03046875 0.05859375
1 0.6359375 0.29921875 0.03515625 0.06015625
1 0.621875 0.2515625 0.0234375 0.0515625
1 0.6203125 0.20625 0.02265625 0.0453125
1 0.58359375 0.140625 0.01640625 0.03046875
1 0.59296875 0.11953125 0.009375 0.025
1 0.6078125 0.14765625 0.01484375 0.03515625
1 0.64453125 0.1296875 0.01640625 0.028125
1 0.6796875 0.11796875 0.01328125 0.03515625
1 0.61484375 0.11640625 0.01484375 0.025
1 0.65 0.2171875 0.0234375 0.05
1 0.66328125 0.17578125 0.0171875 0.03984375
1 0.6875 0.1875 0.01796875 0.03984375
1 0.68359375 0.153125 0.01875 0.03828125
1 0.70859375 0.1546875 0.0140625 0.03515625
1 0.725 0.1640625 0.0171875 0.03984375
1 0.7046875 0.2140625 0.01953125 0.03984375
1 0.67578125 0.2421875 0.02421875 0.05703125
1 0.71640625 0.27265625 0.03125 0.06328125
1 0.778125 0.2875 0.028125 0.06015625
1 0.77578125 0.23125 0.02734375 0.05859375
1 0.73828125 0.196875 0.021875 0.0421875
1 0.76640625 0.16875 0.02109375 0.04375
1 0.7484375 0.13984375 0.01875 0.03515625
1 0.7359375 0.10625 0.0171875 0.03203125
1 0.76640625 0.12890625 0.01875 0.03359375
1 0.7875 0.14375 0.01796875 0.03671875
1 0.803125 0.1625 0.01953125 0.03671875
1 0.8078125 0.12890625 0.0140625 0.03359375
1 0.83203125 0.13828125 0.0171875 0.0421875
1 0.83828125 0.1890625 0.01640625 0.03984375
1 0.8296875 0.21328125 0.021875 0.0515625
1 0.85703125 0.15859375 0.01484375 0.03671875
1 0.89375 0.16953125 0.01875 0.0421875
1 0.89609375 0.15 0.0140625 0.03828125
1 0.9 0.203125 0.01796875 0.0421875
1 0.87734375 0.27421875 0.02265625 0.053125
1 0.83515625 0.31484375 0.0265625 0.06484375
1 0.921875 0.27109375 0.01953125 0.053125
1 0.9296875 0.23828125 0.02265625 0.0484375