1 0.04375 0.33203125 0.05078125 0.07890625
1 0.0375 0.284375 0.0421875 0.07109375
1 0.0171875 0.171875 0.03125 0.0546875
1 0.10390625 0.2921875 0.0328125 0.06015625
1 0.10234375 0.390625 0.05625 0.0984375
1 0.1515625 0.33203125 0.03828125 0.0734375
1 0.19921875 0.29765625 0.03125 0.06015625
1 0.22734375 0.2921875 0.02578125 0.06015625
1 0.259375 0.39375 0.05234375 0.0984375
1 0.29609375 0.45234375 0.0578125 0.11171875
1 0.28984375 0.334375 0.02734375 0.0515625
1 0.309375 0.2953125 0.02890625 0.04375
1 0.38125 0.31171875 0.03125 0.0546875
1 0.37265625 0.3578125 0.03671875 0.06015625
1 0.41484375 0.39921875 0.04375 0.08203125
1 0.4421875 0.4578125 0.05078125 0.08984375
1 0.48125 0.3390625 0.0234375 0.04921875
1 0.50546875 0.3703125 0.02890625 0.06796875
1 0.52578125 0.3828125 0.0328125 0.065625
1 0.5609375 0.44140625 0.0421875 0.084375
1 0.5671875 0.35 0.02578125 0.04921875
1 0.56796875 0.31953125 0.0234375 0.04921875
1 0.6015625 0.37421875 0.0328125 0.065625
1 0.659375 0.3359375 0.02734375 0.04921875
1 0.68359375 0.359375 0.02890625 0.05703125
1 0.69765625 0.3796875 0.03125 0.06015625
1 0.6796875 0.44140625 0.04375 0.0734375
1 0.72734375 0.3390625 0.02890625 0.0546875
1 0.7796875 0.35390625 0.0328125 0.0515625
1 0.79453125 0.3890625 0.0328125 0.0625
1 0.82578125 0.42734375 0.03671875 0.0734375
1 0.93984375 0.29765625 0.02890625 0.04921875