1 0.20703125 0.41015625 0.053125 0.09453125
1 0.346875 0.184375 0.01953125 0.03515625
1 0.3734375 0.19296875 0.015625 0.03671875
1 0.3875 0.159375 0.0125 0.0296875
1 0.3953125 0.209375 0.01796875 0.0296875
1 0.40234375 0.23671875 0.021875 0.03359375
1 0.4328125 0.20703125 0.01796875 0.03671875
1 0.43203125 0.1765625 0.01484375 0.03125
1 0.4421875 0.1515625 0.01328125 0.02578125
1 0.45703125 0.17109375 0.01484375 0.03515625
1 0.465625 0.2 0.01875 0.040625
1 0.4796875 0.22578125 0.02109375 0.0484375
1 0.47578125 0.1796875 0.01796875 0.03359375
1 0.4703125 0.1390625 0.01484375 0.02578125
1 0.49140625 0.13828125 0.01484375 0.03125
1 0.4984375 0.121875 0.01015625 0.021875
1 0.52421875 0.1640625 0.01796875 0.0390625
1 0.50703125 0.18984375 0.02109375 0.03515625
1 0.53515625 0.19140625 0.01796875 0.03515625
1 0.5484375 0.16875 0.01796875 0.03359375
1 0.54375 0.13203125 0.01484375 0.02421875
1 0.559375 0.14140625 0.01640625 0.028125
1 0.59296875 0.14921875 0.01796875 0.03125
1 0.58046875 0.171875 0.021875 0.03359375
1 0.59609375 0.13203125 0.0125 0.02421875
1 0.58984375 0.1109375 0.01328125 0.0296875
1 0.60859375 0.10390625 0.01015625 0.021875
1 0.628125 0.128125 0.015625 0.02578125
1 0.653125 0.1109375 0.01171875 0.0296875
1 0.6640625 0.12890625 0.01796875 0.03125
1 0.68828125 0.121875 0.015625 0.02578125
1 0.70859375 0.11796875 0.01171875 0.028125
1 0.5734375 0.23828125 0.02109375 0.04609375
1 0.61640625 0.23984375 0.0265625 0.05703125
1 0.62890625 0.2109375 0.0265625 0.04453125
1 0.64453125 0.30078125 0.02890625 0.05703125
1 0.6890625 0.353125 0.0328125 0.05703125
1 0.73984375 0.26015625 0.03125 0.05703125
1 0.746875 0.23046875 0.021875 0.04609375
1 0.759375 0.196875 0.01796875 0.03515625
1 0.7390625 0.17421875 0.02109375 0.03671875
1 0.72265625 0.1515625 0.015625 0.03671875
1 0.71171875 0.1546875 0.01640625 0.03125
1 0.70859375 0.18828125 0.01875 0.0390625
1 0.7484375 0.1390625 0.01484375 0.0296875
1 0.76171875 0.1640625 0.01640625 0.03125
1 0.78359375 0.12890625 0.015625 0.028125
1 0.79765625 0.153125 0.01484375 0.028125
1 0.77890625 0.1890625 0.01953125 0.03671875
1 0.79375 0.209375 0.01875 0.03671875
1 0.840625 0.23125 0.02109375 0.040625
1 0.82734375 0.2703125 0.02421875 0.059375
1 0.85703125 0.3015625 0.02890625 0.0515625
1 0.859375 0.26640625 0.02578125 0.0484375
1 0.89375 0.24375 0.01796875 0.03515625
1 0.8625 0.19296875 0.01640625 0.03359375
1 0.828125 0.18828125 0.01796875 0.03515625
1 0.840625 0.153125 0.01640625 0.03125
1 0.87734375 0.1765625 0.01328125 0.03125
1 0.89765625 0.20546875 0.01484375 0.03671875
1 0.9359375 0.32109375 0.02578125 0.05703125
1 0.9453125 0.221875 0.01640625 0.03671875
1 0.95078125 0.19609375 0.015625 0.03671875
1 0.9390625 0.1640625 0.01328125 0.028125