1 0.171875 0.3984375 0.053125 0.12421875
1 0.3390625 0.48828125 0.0640625 0.1265625
1 0.3671875 0.2296875 0.021875 0.04609375
1 0.41015625 0.19921875 0.0171875 0.0390625
1 0.42890625 0.221875 0.015625 0.0375
1 0.4453125 0.25234375 0.02265625 0.04296875
1 0.46953125 0.23125 0.02109375 0.0359375
1 0.47890625 0.19375 0.0203125 0.04296875
1 0.58828125 0.10234375 0.01171875 0.0265625
1 0.60390625 0.10390625 0.01171875 0.01953125
1 0.63984375 0.1140625 0.01328125 0.028125
1 0.66796875 0.1078125 0.015625 0.0265625
1 0.59921875 0.21640625 0.021875 0.04453125
1 0.640625 0.2359375 0.02265625 0.0515625