1 0.2515625 0.48125 0.03203125 0.05
1 0.34375 0.50390625 0.0359375 0.05
1 0.33046875 0.48359375 0.02890625 0.05
1 0.4015625 0.50234375 0.046875 0.06640625
1 0.396875 0.3859375 0.021875 0.04140625
1 0.27421875 0.61015625 0.05546875 0.07890625
1 0.26328125 0.5609375 0.0359375 0.0515625
1 0.39453125 0.63828125 0.09375 0.13515625
1 0.46171875 0.59609375 0.05546875 0.0765625
1 0.484375 0.4640625 0.03046875 0.04375
1 0.54296875 0.4609375 0.034375 0.05390625
1 0.575 0.50390625 0.04140625 0.06640625
1 0.5796875 0.6296875 0.0953125 0.13515625
1 0.6828125 0.8828125 0.2125 0.23046875
1 0.9453125 0.83828125 0.10625 0.28203125
1 0.82578125 0.515625 0.05390625 0.09765625
1 0.8859375 0.51640625 0.059375 0.0828125
1 0.95 0.48828125 0.04140625 0.07265625
1 0.765625 0.50546875 0.04375 0.0640625
1 0.7296875 0.46796875 0.0328125 0.04765625
1 0.715625 0.44609375 0.0328125 0.0453125
1 0.66640625 0.4625 0.02734375 0.0453125
1 0.65546875 0.50703125 0.05 0.0640625