1 0.20859375 0.340625 0.0421875 0.08828125
1 0.2703125 0.22578125 0.01796875 0.0390625
1 0.31796875 0.253125 0.01796875 0.04140625
1 0.35390625 0.2 0.01875 0.0390625
1 0.36875 0.1921875 0.0171875 0.0390625
1 0.37421875 0.2484375 0.02109375 0.04296875
1 0.4078125 0.26796875 0.0234375 0.0453125
1 0.4140625 0.20625 0.0171875 0.0375
1 0.428125 0.21640625 0.01796875 0.0390625
1 0.39453125 0.171875 0.0140625 0.028125
1 0.409375 0.16640625 0.0140625 0.028125
1 0.45625 0.22109375 0.02109375 0.0484375
1 0.440625 0.16875 0.0171875 0.03359375
1 0.44765625 0.14375 0.0140625 0.02421875
1 0.48125 0.1578125 0.015625 0.0296875
1 0.48046875 0.134375 0.015625 0.028125
1 0.50546875 0.13203125 0.0125 0.028125
1 0.5109375 0.140625 0.01484375 0.0296875
1 0.4859375 0.21171875 0.02890625 0.05234375
1 0.5171875 0.19609375 0.0203125 0.03203125
1 0.51875 0.17109375 0.015625 0.0296875
1 0.54375 0.18984375 0.02109375 0.04140625
1 0.55390625 0.140625 0.0125 0.0296875
1 0.55546875 0.1203125 0.01171875 0.02265625
1 0.56875 0.13671875 0.0125 0.0265625
1 0.58203125 0.18125 0.0203125 0.04296875
1 0.590625 0.1234375 0.015625 0.0375
1 0.60078125 0.125 0.0140625 0.03203125
1 0.6109375 0.11875 0.0125 0.03203125
1 0.60859375 0.09921875 0.01171875 0.02265625
1 0.63203125 0.1140625 0.0140625 0.0265625
1 0.625 0.13046875 0.0109375 0.02421875
1 0.64140625 0.15 0.01796875 0.0296875
1 0.66015625 0.1484375 0.0171875 0.0296875
1 0.665625 0.1140625 0.015625 0.0375
1 0.68984375 0.1078125 0.01171875 0.02421875
1 0.6953125 0.121875 0.015625 0.0296875
1 0.71796875 0.1171875 0.01484375 0.028125
1 0.63828125 0.196875 0.021875 0.0484375
1 0.58203125 0.246875 0.02421875 0.0578125
1 0.55546875 0.30703125 0.0328125 0.06171875
1 0.63203125 0.2609375 0.03359375 0.0640625
1 0.6859375 0.26640625 0.02421875 0.0484375
1 0.67421875 0.22578125 0.02421875 0.04296875
1 0.675 0.18359375 0.01875 0.0375
1 0.70390625 0.171875 0.01796875 0.0359375
1 0.71953125 0.196875 0.02109375 0.0453125
1 0.7234375 0.23359375 0.02109375 0.05078125
1 0.74296875 0.26953125 0.02734375 0.06953125
1 0.77109375 0.2515625 0.02109375 0.0484375
1 0.77265625 0.20390625 0.01796875 0.04296875
1 0.79453125 0.22578125 0.02109375 0.046875
1 0.74609375 0.1859375 0.015625 0.0375
1 0.74296875 0.15 0.0171875 0.0375
1 0.76484375 0.140625 0.0125 0.02265625
1 0.75859375 0.1765625 0.0125 0.0296875
1 0.78828125 0.14453125 0.0125 0.0296875
1 0.79921875 0.13046875 0.0140625 0.028125
1 0.803125 0.1625 0.01484375 0.03203125
1 0.8140625 0.153125 0.0140625 0.03203125
1 0.82734375 0.1390625 0.0125 0.0296875
1 0.8375 0.1734375 0.015625 0.0359375
1 0.84609375 0.2015625 0.01875 0.0390625
1 0.84296875 0.2375 0.0203125 0.04296875
1 0.796875 0.29453125 0.0296875 0.0671875
1 0.8484375 0.328125 0.02734375 0.06015625
1 0.86171875 0.28984375 0.021875 0.06171875
1 0.9171875 0.32890625 0.02734375 0.065625
1 0.94140625 0.2765625 0.02109375 0.0546875
1 0.91875 0.26015625 0.0203125 0.04296875
1 0.896875 0.2296875 0.01796875 0.0359375
1 0.86875 0.196875 0.01875 0.04140625
1 0.85 0.15546875 0.015625 0.03359375
1 0.8578125 0.14375 0.0125 0.028125
1 0.8890625 0.16171875 0.0171875 0.03359375
1 0.9171875 0.16796875 0.0140625 0.02421875
1 0.9484375 0.16796875 0.0171875 0.03203125
1 0.946875 0.23359375 0.0203125 0.0359375
1 0.94921875 0.21015625 0.0125 0.0265625