1 0.06953125 0.55703125 0.059375 0.1140625
1 0.2546875 0.23671875 0.02421875 0.05546875
1 0.5984375 0.11484375 0.01953125 0.0375
1 0.5796875 0.1234375 0.01796875 0.040625
1 0.5578125 0.12421875 0.021875 0.04609375
1 0.553125 0.1453125 0.01640625 0.0359375
1 0.53125 0.1453125 0.01640625 0.04609375
1 0.49453125 0.1328125 0.01796875 0.05078125
1 0.4421875 0.153125 0.0171875 0.040625
1 0.4578125 0.14609375 0.01953125 0.0375
1 0.47578125 0.15859375 0.015625 0.0421875
1 0.63125 0.11328125 0.015625 0.05078125
1 0.64921875 0.125 0.01796875 0.0375
1 0.3734375 0.17421875 0.015625 0.040625
1 0.3140625 0.19375 0.01796875 0.040625
1 0.30625 0.22890625 0.0171875 0.05234375
1 0.33515625 0.2171875 0.025 0.04609375
1 0.353125 0.20234375 0.01640625 0.04921875
1 0.39296875 0.1765625 0.01796875 0.0359375
1 0.43125 0.17890625 0.01640625 0.0375
1 0.36875 0.25390625 0.0171875 0.04765625
1 0.40078125 0.2203125 0.015625 0.0359375
1 0.5015625 0.18984375 0.01953125 0.0421875
1 0.4765625 0.221875 0.01953125 0.04921875
1 0.55078125 0.19296875 0.0171875 0.0359375
1 0.56953125 0.1921875 0.0171875 0.04375
1 0.69375 0.12265625 0.015625 0.0328125
1 0.6859375 0.1390625 0.02109375 0.05234375
1 0.7140625 0.14609375 0.0140625 0.0375
1 0.43671875 0.2953125 0.028125 0.06015625
1 0.5546875 0.32265625 0.01875 0.05078125
1 0.61484375 0.18515625 0.01875 0.04765625
1 0.65703125 0.16875 0.0125 0.028125
1 0.78046875 0.1578125 0.0140625 0.040625
1 0.74921875 0.17890625 0.0140625 0.0375
1 0.71328125 0.2015625 0.01796875 0.04765625
1 0.659375 0.240625 0.0234375 0.05390625
1 0.615625 0.27265625 0.02109375 0.05546875
1 0.60859375 0.35625 0.021875 0.05546875
1 0.659375 0.38828125 0.0265625 0.05390625
1 0.72265625 0.384375 0.02734375 0.065625
1 0.71484375 0.26640625 0.02734375 0.06171875
1 0.8125 0.178125 0.01796875 0.0421875
1 0.78125 0.20234375 0.01953125 0.0359375
1 0.74453125 0.2265625 0.0265625 0.04765625
1 0.7359375 0.19375 0.01953125 0.040625
1 0.76484375 0.27109375 0.01875 0.0421875
1 0.78828125 0.25625 0.01953125 0.04609375
1 0.828125 0.20625 0.02109375 0.04609375
1 0.8140625 0.28046875 0.01953125 0.04765625
1 0.87109375 0.2203125 0.0125 0.0390625
1 0.9046875 0.21640625 0.0125 0.04375
1 0.86328125 0.32421875 0.0203125 0.05703125
1 0.95 0.225 0.01171875 0.040625
1 0.9890625 0.25 0.01328125 0.0421875
1 0.921875 0.30390625 0.0171875 0.05859375
1 0.95546875 0.35234375 0.02109375 0.05078125
1 0.9765625 0.2828125 0.01640625 0.0359375
1 0.95546875 0.41875 0.01796875 0.06015625
1 0.88515625 0.37578125 0.02421875 0.05546875
1 0.8640625 0.49765625 0.0296875 0.08671875
1 0.784375 0.42265625 0.028125 0.0796875
1 0.90078125 0.26328125 0.01875 0.04609375
1 0.93359375 0.25625 0.01875 0.04609375