1 0.1671875 0.36796875 0.0375 0.0625
1 0.1546875 0.33046875 0.03046875 0.05390625
1 0.21484375 0.31328125 0.0328125 0.05
1 0.21171875 0.27265625 0.0296875 0.04765625
1 0.26484375 0.25625 0.03125 0.05
1 0.29921875 0.21953125 0.025 0.05
1 0.31953125 0.24140625 0.02421875 0.0484375
1 0.34453125 0.2375 0.02578125 0.05859375
1 0.39765625 0.21328125 0.028125 0.0625
1 0.43125 0.225 0.03125 0.06640625
1 0.35546875 0.43203125 0.05078125 0.09296875
1 0.3125 0.340625 0.04140625 0.06953125
1 0.3375 0.53828125 0.06796875 0.1171875