1 0.06328125 0.421875 0.08671875 0.15703125
1 0.19140625 0.31640625 0.07109375 0.1359375
1 0.078125 0.21484375 0.04921875 0.07421875
1 0.17890625 0.165625 0.0421875 0.0765625
1 0.23125 0.18359375 0.03984375 0.07109375
1 0.3046875 0.1453125 0.03125 0.059375
1 0.365625 0.284375 0.08203125 0.1125
1 0.27109375 0.45234375 0.12421875 0.159375
1 0.35703125 0.2171875 0.06015625 0.07421875
1 0.3640625 0.15546875 0.04453125 0.07421875
1 0.403125 0.13203125 0.02890625 0.05625
1 0.48671875 0.190625 0.04453125 0.0796875
1 0.4796875 0.13046875 0.03125 0.053125
1 0.50078125 0.1140625 0.02890625 0.05
1 0.565625 0.12578125 0.02890625 0.05
1 0.54453125 0.1125 0.0265625 0.04140625
1 0.61875 0.01640625 0.02421875 0.0328125
1 0.53203125 0.23984375 0.06875 0.09453125
1 0.55 0.3578125 0.09140625 0.1421875
1 0.79921875 0.6046875 0.17578125 0.23984375
1 0.97109375 0.4203125 0.053125 0.15390625
1 0.703125 0.284375 0.078125 0.13046875
1 0.80078125 0.21328125 0.06015625 0.09453125
1 0.903125 0.165625 0.06015625 0.0765625
1 0.9375 0.1421875 0.0359375 0.0765625
1 0.97421875 0.15546875 0.03359375 0.06796875
1 0.84921875 0.12265625 0.03984375 0.0625
1 0.8078125 0.140625 0.0421875 0.0625
1 0.72890625 0.17578125 0.053125 0.0859375
1 0.74296875 0.11953125 0.0375 0.05625
1 0.684375 0.1421875 0.0359375 0.059375
1 0.628125 0.12109375 0.02421875 0.04765625
1 0.64296875 0.2015625 0.05078125 0.0828125
1 0.5953125 0.171875 0.04921875 0.06484375