1 0.22734375 0.390625 0.05078125 0.09921875
1 0.53203125 0.1984375 0.025 0.04609375
1 0.5859375 0.175 0.0203125 0.0390625
1 0.62265625 0.20703125 0.0203125 0.053125
1 0.65703125 0.2484375 0.02890625 0.059375
1 0.675 0.225 0.0171875 0.0375
1 0.671875 0.18828125 0.0140625 0.0328125
1 0.7125 0.21328125 0.01796875 0.04765625
1 0.74375 0.20625 0.015625 0.0375
1 0.740625 0.27734375 0.03046875 0.053125
1 0.796875 0.2671875 0.021875 0.05625
1 0.8203125 0.27109375 0.021875 0.04765625
1 0.74921875 0.378125 0.034375 0.08046875
1 0.83828125 0.37265625 0.0265625 0.0765625
1 0.9046875 0.45625 0.04765625 0.08671875