1 0.1078125 0.44609375 0.0453125 0.090625
1 0.2 0.27734375 0.02109375 0.04609375
1 0.228125 0.27265625 0.025 0.04609375
1 0.26953125 0.2265625 0.0203125 0.0390625
1 0.30703125 0.23046875 0.02109375 0.04453125
1 0.30859375 0.20234375 0.021875 0.04921875
1 0.328125 0.2203125 0.021875 0.04609375
1 0.34765625 0.19765625 0.015625 0.034375
1 0.365625 0.253125 0.0203125 0.04921875
1 0.39765625 0.22578125 0.01953125 0.0375
1 0.36484375 0.18984375 0.01875 0.04453125
1 0.38671875 0.1765625 0.01953125 0.04140625
1 0.43828125 0.3 0.02578125 0.05078125
1 0.428125 0.18125 0.015625 0.0375
1 0.43125 0.15234375 0.0140625 0.0328125
1 0.44921875 0.1546875 0.0171875 0.0359375
1 0.46953125 0.23515625 0.01953125 0.04921875
1 0.4921875 0.1953125 0.01796875 0.0390625
1 0.4859375 0.15703125 0.01953125 0.04453125
1 0.4921875 0.13828125 0.01796875 0.0359375
1 0.51875 0.15703125 0.0203125 0.04453125
1 0.56015625 0.15546875 0.01953125 0.034375
1 0.55234375 0.1234375 0.015625 0.0328125
1 0.5734375 0.1890625 0.015625 0.0390625
1 0.57890625 0.15859375 0.015625 0.0375
1 0.57890625 0.128125 0.01640625 0.0328125
1 0.60625 0.14296875 0.0171875 0.0359375
1 0.6046875 0.18046875 0.0125 0.0390625
1 0.596875 0.10703125 0.0140625 0.0359375
1 0.62265625 0.18359375 0.015625 0.04296875
1 0.63046875 0.11875 0.0140625 0.03125
1 0.6515625 0.13828125 0.0171875 0.0359375
1 0.65859375 0.16796875 0.015625 0.034375
1 0.6640625 0.12734375 0.015625 0.0375
1 0.6875 0.12578125 0.015625 0.03125
1 0.6875 0.15546875 0.0140625 0.034375
1 0.7125 0.14921875 0.0140625 0.0359375
1 0.7046875 0.1984375 0.0171875 0.04296875
1 0.678125 0.228125 0.01796875 0.04609375
1 0.62109375 0.28125 0.025 0.0609375
1 0.571875 0.32265625 0.02578125 0.0578125
1 0.60546875 0.35546875 0.02890625 0.0640625
1 0.665625 0.38125 0.02890625 0.059375
1 0.7265625 0.3828125 0.02890625 0.0625
1 0.71875 0.2453125 0.021875 0.05078125
1 0.74296875 0.21171875 0.0203125 0.04921875
1 0.75 0.28359375 0.0203125 0.05078125
1 0.79296875 0.24609375 0.01796875 0.04921875
1 0.77578125 0.19609375 0.01875 0.04140625
1 0.759375 0.18671875 0.01640625 0.034375
1 0.80859375 0.18046875 0.0171875 0.04296875
1 0.81640625 0.2125 0.01953125 0.04453125
1 0.82890625 0.20078125 0.0140625 0.04140625
1 0.8140625 0.28671875 0.02265625 0.0640625
1 0.859375 0.31796875 0.0203125 0.04453125
1 0.86875 0.29140625 0.01875 0.05078125
1 0.7953125 0.41953125 0.03203125 0.07734375
1 0.86953125 0.471875 0.03046875 0.08046875
1 0.87734375 0.41796875 0.025 0.0640625
1 0.96171875 0.41015625 0.02421875 0.07578125
1 0.94609375 0.3640625 0.021875 0.0609375
1 0.92734375 0.31875 0.0203125 0.04609375
1 0.890625 0.265625 0.01953125 0.04609375
1 0.8671875 0.215625 0.01328125 0.04140625
1 0.9109375 0.22109375 0.015625 0.04453125
1 0.9296875 0.25703125 0.0171875 0.04140625
1 0.9484375 0.23515625 0.01640625 0.04296875
1 0.975 0.3484375 0.0171875 0.05546875
1 0.97265625 0.309375 0.0140625 0.0375
1 0.98828125 0.275 0.01796875 0.034375