1 0.065625 0.471875 0.0390625 0.0734375
1 0.225 0.3296875 0.02265625 0.04140625
1 0.27421875 0.30546875 0.0203125 0.04140625
1 0.24765625 0.35703125 0.0265625 0.0453125
1 0.28203125 0.353125 0.01875 0.04140625
1 0.3375 0.29296875 0.01875 0.03984375
1 0.3234375 0.3421875 0.01796875 0.04140625
1 0.375 0.25859375 0.015625 0.03828125
1 0.39140625 0.275 0.02265625 0.03984375
1 0.36796875 0.3296875 0.021875 0.03515625
1 0.3953125 0.33515625 0.0171875 0.03828125
1 0.41015625 0.25390625 0.01484375 0.03125
1 0.43359375 0.2546875 0.01171875 0.03125
1 0.4453125 0.246875 0.0171875 0.04140625
1 0.45546875 0.23125 0.01953125 0.03828125
1 0.4953125 0.23984375 0.01171875 0.02421875
1 0.4875 0.259375 0.015625 0.028125
1 0.49921875 0.2640625 0.01484375 0.0328125
1 0.50859375 0.24375 0.01015625 0.01953125
1 0.52890625 0.2390625 0.0125 0.02265625
1 0.5390625 0.21796875 0.01015625 0.02265625
1 0.553125 0.2046875 0.01171875 0.02421875
1 0.43203125 0.3359375 0.0203125 0.03671875
1 0.45078125 0.3140625 0.01953125 0.03125
1 0.4875 0.31328125 0.01875 0.03671875
1 0.5546875 0.27109375 0.01328125 0.0296875
1 0.56484375 0.2484375 0.0234375 0.0296875
1 0.584375 0.25 0.025 0.0296875
1 0.58125 0.21953125 0.01796875 0.03984375
1 0.58984375 0.19921875 0.01640625 0.0296875
1 0.60390625 0.21484375 0.01640625 0.0296875
1 0.6171875 0.215625 0.01484375 0.0296875
1 0.446875 0.40390625 0.02421875 0.05390625
1 0.51015625 0.3625 0.0203125 0.05078125
1 0.521875 0.39921875 0.02421875 0.05390625
1 0.575 0.3296875 0.0203125 0.04375
1 0.5703125 0.38984375 0.0359375 0.05078125
1 0.56796875 0.44296875 0.03125 0.06484375
1 0.63984375 0.21171875 0.01796875 0.0296875
1 0.65078125 0.215625 0.01640625 0.0296875
1 0.6171875 0.25390625 0.01953125 0.03984375
1 0.6453125 0.26875 0.0171875 0.04140625
1 0.615625 0.30078125 0.0265625 0.03828125
1 0.62265625 0.34375 0.01875 0.046875
1 0.6328125 0.36640625 0.025 0.05546875
1 0.67421875 0.2125 0.0171875 0.02578125
1 0.67734375 0.24375 0.0171875 0.034375
1 0.6671875 0.2953125 0.0234375 0.03828125
1 0.6640625 0.35703125 0.0203125 0.05390625
1 0.61796875 0.471875 0.03984375 0.06484375
1 0.6984375 0.4015625 0.03046875 0.05546875
1 0.68828125 0.50625 0.0359375 0.078125
1 0.6984375 0.27734375 0.01328125 0.034375
1 0.7109375 0.2453125 0.01640625 0.03125
1 0.71875 0.2484375 0.01875 0.04140625
1 0.7375 0.22890625 0.015625 0.0265625
1 0.73828125 0.26015625 0.0125 0.0265625
1 0.7484375 0.27734375 0.01171875 0.028125
1 0.75546875 0.2375 0.0125 0.02109375
1 0.77265625 0.23828125 0.0140625 0.0265625
1 0.78125 0.26015625 0.0171875 0.04375
1 0.7890625 0.2953125 0.015625 0.03515625
1 0.784375 0.353125 0.01953125 0.046875
1 0.7375 0.421875 0.03203125 0.05703125
1 0.79921875 0.50234375 0.025 0.06640625
1 0.82265625 0.46171875 0.0265625 0.06484375
1 0.81484375 0.2484375 0.0140625 0.0296875
1 0.803125 0.321875 0.01640625 0.03515625
1 0.809375 0.303125 0.015625 0.03671875
1 0.8328125 0.26171875 0.0140625 0.02578125
1 0.8453125 0.25234375 0.0109375 0.02578125
1 0.86484375 0.27109375 0.0125 0.0265625
1 0.84765625 0.34140625 0.0203125 0.05078125
1 0.83203125 0.359375 0.0203125 0.05234375
1 0.88125 0.45078125 0.0296875 0.0578125
1 0.878125 0.31484375 0.01484375 0.03515625
1 0.896875 0.3015625 0.01796875 0.0453125
1 0.90546875 0.27265625 0.009375 0.02421875
1 0.90625 0.35390625 0.0171875 0.05078125
1 0.8234375 0.271875 0.0109375 0.03671875
1 0.859375 0.30703125 0.01796875 0.04921875
1 0.38984375 0.29921875 0.0171875 0.03671875
1 0.34140625 0.315625 0.015625 0.03125