1 0.15859375 0.48828125 0.04609375 0.07734375
1 0.27265625 0.26171875 0.01796875 0.0375
1 0.28984375 0.28046875 0.01875 0.0390625
1 0.296875 0.24609375 0.0203125 0.0328125
1 0.34921875 0.2734375 0.021875 0.04765625
1 0.378125 0.2765625 0.0203125 0.04140625
1 0.37578125 0.240625 0.01953125 0.04140625
1 0.36640625 0.190625 0.015625 0.0265625
1 0.3765625 0.2046875 0.015625 0.028125
1 0.403125 0.1828125 0.01484375 0.028125
1 0.4171875 0.178125 0.0203125 0.0375
1 0.43515625 0.1578125 0.01796875 0.0328125
1 0.4421875 0.1859375 0.015625 0.0328125
1 0.45859375 0.19140625 0.01953125 0.03125
1 0.44765625 0.22734375 0.02421875 0.04140625
1 0.47265625 0.225 0.021875 0.0359375
1 0.4796875 0.19375 0.01640625 0.0359375
1 0.47734375 0.1546875 0.01484375 0.0265625
1 0.46953125 0.14453125 0.01328125 0.0265625
1 0.4953125 0.16171875 0.0140625 0.028125
1 0.50078125 0.140625 0.01171875 0.025
1 0.52109375 0.1953125 0.01953125 0.0390625
1 0.50703125 0.17890625 0.01796875 0.0359375
1 0.51484375 0.14765625 0.0140625 0.0296875
1 0.53671875 0.1765625 0.01484375 0.034375
1 0.52890625 0.12265625 0.01484375 0.03125
1 0.54375 0.12578125 0.01015625 0.025
1 0.55625 0.13046875 0.0140625 0.028125
1 0.5734375 0.13984375 0.01484375 0.0265625
1 0.56484375 0.17890625 0.01796875 0.0328125
1 0.58359375 0.1234375 0.0140625 0.0265625
1 0.59140625 0.10703125 0.01328125 0.02265625
1 0.60859375 0.14921875 0.015625 0.0328125
1 0.61328125 0.12734375 0.01328125 0.025
1 0.6125 0.10234375 0.0109375 0.02109375
1 0.640625 0.10234375 0.01328125 0.025
1 0.64375 0.1171875 0.01015625 0.025
1 0.653125 0.13984375 0.01171875 0.02265625
1 0.6625 0.1140625 0.0140625 0.028125
1 0.69765625 0.10390625 0.01328125 0.03125
1 0.56875 0.24140625 0.01953125 0.0390625
1 0.5578125 0.3015625 0.028125 0.05390625
1 0.521875 0.28359375 0.02890625 0.04765625
1 0.6171875 0.259375 0.02421875 0.04921875
1 0.63125 0.3015625 0.028125 0.0609375
1 0.63046875 0.20546875 0.01875 0.0359375
1 0.6546875 0.21171875 0.02109375 0.04296875
1 0.65859375 0.165625 0.02109375 0.04296875
1 0.6671875 0.16640625 0.01796875 0.028125
1 0.68984375 0.18125 0.01875 0.0375
1 0.7125 0.16875 0.01484375 0.0265625
1 0.72265625 0.20703125 0.01953125 0.04609375
1 0.7078125 0.2671875 0.02890625 0.0578125
1 0.69453125 0.3078125 0.03671875 0.07421875
1 0.73671875 0.33984375 0.0359375 0.071875
1 0.7671875 0.27265625 0.0328125 0.05546875
1 0.74921875 0.21640625 0.01953125 0.04296875
1 0.72734375 0.12421875 0.01640625 0.0375
1 0.7375 0.1421875 0.01640625 0.034375
1 0.759375 0.13046875 0.015625 0.03125
1 0.7734375 0.1515625 0.01796875 0.034375
1 0.80546875 0.1546875 0.0203125 0.0328125
1 0.7765625 0.196875 0.02109375 0.04296875
1 0.8046875 0.23828125 0.025 0.04296875
1 0.82578125 0.19765625 0.02421875 0.04453125
1 0.821875 0.13984375 0.015625 0.0296875
1 0.825 0.1203125 0.0140625 0.028125
1 0.84375 0.1671875 0.0140625 0.0390625
1 0.84921875 0.1421875 0.01640625 0.03125
1 0.86015625 0.1328125 0.0140625 0.0328125
1 0.89140625 0.13828125 0.0140625 0.0328125
1 0.88515625 0.16796875 0.0109375 0.034375
1 0.8734375 0.21015625 0.02109375 0.04609375
1 0.8640625 0.259375 0.021875 0.04609375
1 0.8046875 0.3171875 0.028125 0.059375
1 0.8125 0.38125 0.03515625 0.07578125
1 0.8984375 0.3671875 0.040625 0.08671875
1 0.9125 0.30390625 0.02421875 0.059375
1 0.90859375 0.25234375 0.01953125 0.04140625
1 0.9125 0.2109375 0.01875 0.03125
1 0.9234375 0.24453125 0.01953125 0.0390625
1 0.92109375 0.1546875 0.0109375 0.02265625