1 0.0140625 0.41484375 0.02421875 0.0515625
1 0.22890625 0.33203125 0.0140625 0.034375
1 0.28828125 0.2984375 0.0125 0.0328125
1 0.2578125 0.3703125 0.01953125 0.03984375
1 0.29453125 0.36171875 0.01953125 0.0484375
1 0.33671875 0.35546875 0.02734375 0.04609375
1 0.35546875 0.28359375 0.0140625 0.03125
1 0.36171875 0.328125 0.0203125 0.03828125
1 0.3859375 0.3234375 0.02109375 0.03984375
1 0.39375 0.2546875 0.01328125 0.0265625
1 0.409375 0.259375 0.0140625 0.03125
1 0.41015625 0.29375 0.01484375 0.025
1 0.41171875 0.33359375 0.0234375 0.03984375
1 0.440625 0.2984375 0.0203125 0.03828125
1 0.42890625 0.25078125 0.0140625 0.03125
1 0.45078125 0.259375 0.01484375 0.03671875
1 0.47265625 0.2265625 0.02421875 0.0296875
1 0.4765625 0.26015625 0.01328125 0.03515625
1 0.4734375 0.2984375 0.01796875 0.0296875
1 0.45078125 0.334375 0.01953125 0.0296875
1 0.50546875 0.3171875 0.01796875 0.03984375
1 0.51328125 0.25546875 0.0125 0.03671875
1 0.525 0.27109375 0.021875 0.04765625
1 0.53125 0.2421875 0.0234375 0.03125
1 0.528125 0.31328125 0.01640625 0.0328125
1 0.5390625 0.3515625 0.02265625 0.04296875
1 0.46875 0.40078125 0.0265625 0.05625
1 0.5609375 0.27109375 0.01875 0.03828125
1 0.5515625 0.24296875 0.0109375 0.0328125
1 0.5640625 0.215625 0.0125 0.02109375
1 0.58828125 0.25078125 0.0140625 0.028125
1 0.58203125 0.21484375 0.01953125 0.0265625
1 0.60625 0.21171875 0.01640625 0.0296875
1 0.61640625 0.196875 0.01484375 0.0296875
1 0.60859375 0.24453125 0.01640625 0.03671875
1 0.64140625 0.24296875 0.0203125 0.03125
1 0.634375 0.2078125 0.01171875 0.01953125
1 0.646875 0.2125 0.01796875 0.01953125
1 0.6015625 0.32890625 0.02109375 0.04296875
1 0.66484375 0.2015625 0.01015625 0.028125
1 0.7078125 0.20859375 0.02109375 0.0328125
1 0.68515625 0.23125 0.02109375 0.03125
1 0.68828125 0.26640625 0.02109375 0.0296875
1 0.7109375 0.2421875 0.0203125 0.034375
1 0.64296875 0.2921875 0.01953125 0.03984375
1 0.62421875 0.340625 0.021875 0.03515625
1 0.5328125 0.42265625 0.0296875 0.0546875
1 0.60546875 0.4609375 0.03203125 0.084375
1 0.6609375 0.36171875 0.028125 0.04609375
1 0.6484375 0.46640625 0.0375 0.0609375
1 0.696875 0.35 0.0140625 0.034375
1 0.69609375 0.30703125 0.0203125 0.03984375
1 0.73515625 0.278125 0.0140625 0.0328125
1 0.7546875 0.234375 0.01328125 0.034375
1 0.71953125 0.478125 0.03984375 0.0828125
1 0.74921875 0.41171875 0.028125 0.0546875
1 0.77265625 0.23125 0.01484375 0.034375
1 0.7828125 0.278125 0.015625 0.03828125
1 0.7890625 0.23984375 0.01328125 0.0328125
1 0.79765625 0.2421875 0.0078125 0.034375
1 0.79453125 0.42109375 0.0265625 0.06328125
1 0.85 0.53828125 0.03046875 0.0796875
1 0.85703125 0.4671875 0.03359375 0.0625
1 0.821875 0.35625 0.025 0.05625
1 0.82890625 0.29609375 0.015625 0.0296875
1 0.8328125 0.25859375 0.0140625 0.0296875
1 0.853125 0.246875 0.0125 0.0296875
1 0.88359375 0.240625 0.01171875 0.025
1 0.86953125 0.25703125 0.01953125 0.0328125
1 0.8515625 0.3046875 0.01875 0.03515625
1 0.85625 0.3328125 0.0203125 0.03828125
1 0.8703125 0.36640625 0.02109375 0.0515625
1 0.8859375 0.33359375 0.0234375 0.04296875
1 0.90703125 0.28203125 0.01640625 0.03984375
1 0.92578125 0.48203125 0.0265625 0.0625
1 0.95078125 0.35703125 0.021875 0.04296875
1 0.9296875 0.3109375 0.01484375 0.04453125
1 0.946875 0.30078125 0.02734375 0.04609375
1 0.95078125 0.27578125 0.01328125 0.025
1 0.865625 0.2796875 0.01484375 0.03828125