1 0.84140625 0.1109375 0.0109375 0.02734375
1 0.8671875 0.121875 0.00859375 0.021875
1 0.89921875 0.14296875 0.009375 0.02421875
1 0.92890625 0.14921875 0.00859375 0.021875
1 0.91484375 0.29453125 0.02265625 0.0578125
1 0.7671875 0.2828125 0.02265625 0.0578125
1 0.79375 0.265625 0.01875 0.0546875
1 0.82890625 0.29453125 0.025 0.06484375
1 0.73671875 0.32109375 0.02890625 0.0734375
1 0.67734375 0.30078125 0.02734375 0.06640625
1 0.65390625 0.21171875 0.0171875 0.04296875
1 0.62109375 0.246875 0.0203125 0.04765625
1 0.60703125 0.14296875 0.0125 0.034375
1 0.56328125 0.1734375 0.0125 0.034375
1 0.5640625 0.1234375 0.0109375 0.02890625
1 0.5828125 0.11875 0.009375 0.02578125
1 0.509375 0.12265625 0.009375 0.02421875
1 0.53359375 0.1203125 0.01171875 0.02890625
1 0.41328125 0.1578125 0.01171875 0.02578125
1 0.45546875 0.2171875 0.01640625 0.0359375
1 0.3578125 0.19296875 0.0125 0.02890625
1 0.3828125 0.21640625 0.01484375 0.034375
1 0.38828125 0.2609375 0.015625 0.0375
1 0.47578125 0.325 0.025 0.04765625
1 0.53203125 0.321875 0.0234375 0.05078125
1 0.1703125 0.48125 0.0359375 0.0765625
1 0.09296875 0.31328125 0.0171875 0.0375
1 0.3828125 0.20078125 0.01640625 0.02421875