1 0.11328125 0.459375 0.03828125 0.071875
1 0.1859375 0.5453125 0.03984375 0.06640625
1 0.171875 0.44296875 0.03203125 0.05703125
1 0.27578125 0.5203125 0.0296875 0.04921875
1 0.328125 0.53671875 0.040625 0.0703125
1 0.2921875 0.4171875 0.034375 0.05390625
1 0.38203125 0.43671875 0.034375 0.05703125
1 0.45234375 0.4421875 0.04296875 0.06484375
1 0.52421875 0.440625 0.03203125 0.06171875
1 0.503125 0.53984375 0.03828125 0.0703125
1 0.603125 0.534375 0.0359375 0.06328125
1 0.59921875 0.43515625 0.02890625 0.05703125
1 0.68828125 0.4171875 0.03203125 0.06015625
1 0.70859375 0.54765625 0.0453125 0.09140625
1 0.8171875 0.54375 0.0421875 0.075
1 0.7921875 0.4546875 0.0421875 0.06640625
1 0.91171875 0.46875 0.05078125 0.078125