1 0.21328125 0.26171875 0.02578125 0.0515625
1 0.30703125 0.2046875 0.01953125 0.03984375
1 0.39921875 0.27734375 0.01796875 0.0421875
1 0.41640625 0.21953125 0.0140625 0.03203125
1 0.4703125 0.2328125 0.015625 0.0359375
1 0.49140625 0.2234375 0.0171875 0.03984375
1 0.5828125 0.2578125 0.01953125 0.04375
1 0.6125 0.24453125 0.0203125 0.04765625
1 0.52421875 0.14296875 0.0125 0.03046875
1 0.65546875 0.12109375 0.0109375 0.025
1 0.60234375 0.1265625 0.0109375 0.025
1 0.6078125 0.11796875 0.0109375 0.02265625
1 0.6265625 0.121875 0.009375 0.0265625