1 0.3234375 0.1953125 0.01796875 0.034375
1 0.3484375 0.153125 0.02109375 0.03671875
1 0.48984375 0.196875 0.0265625 0.05546875
1 0.56171875 0.1953125 0.02109375 0.04140625
1 0.6046875 0.24453125 0.02578125 0.046875
1 0.609375 0.1953125 0.02109375 0.04140625
1 0.653125 0.17265625 0.02890625 0.065625
1 0.67734375 0.21171875 0.02421875 0.05
1 0.7421875 0.27265625 0.0296875 0.05390625
1 0.77734375 0.28984375 0.0375 0.07421875
1 0.79375 0.25625 0.025 0.0515625
1 0.8140625 0.2171875 0.02421875 0.05390625
1 0.83046875 0.25859375 0.02109375 0.05
1 0.90078125 0.2765625 0.02890625 0.05859375
1 0.91328125 0.32265625 0.0359375 0.07421875