1 0.07265625 0.5109375 0.0375 0.0859375
1 0.21875 0.36015625 0.0203125 0.0328125
1 0.26640625 0.3453125 0.02109375 0.03359375
1 0.29375 0.36328125 0.02109375 0.03828125
1 0.3296875 0.36328125 0.0234375 0.03515625
1 0.28515625 0.303125 0.015625 0.028125
1 0.359375 0.328125 0.01171875 0.02109375
1 0.384375 0.34375 0.02265625 0.0328125
1 0.35703125 0.29296875 0.01953125 0.03515625
1 0.40859375 0.34453125 0.01484375 0.03359375
1 0.4421875 0.34375 0.015625 0.0328125
1 0.4046875 0.30625 0.02265625 0.025
1 0.40390625 0.27890625 0.01640625 0.01796875
1 0.39375 0.2578125 0.0140625 0.02265625
1 0.44140625 0.30859375 0.01953125 0.03125
1 0.44609375 0.2671875 0.01953125 0.0296875
1 0.4265625 0.26171875 0.021875 0.0328125
1 0.49765625 0.39296875 0.0234375 0.04921875
1 0.5453125 0.40703125 0.025 0.046875
1 0.53515625 0.353125 0.02421875 0.03828125
1 0.50078125 0.32890625 0.02734375 0.0453125
1 0.45859375 0.3125 0.0171875 0.03828125
1 0.5015625 0.26328125 0.01640625 0.0296875
1 0.57890625 0.2890625 0.01484375 0.028125
1 0.59453125 0.3296875 0.01796875 0.03828125
1 0.6421875 0.3359375 0.0203125 0.0421875
1 0.68984375 0.34140625 0.01953125 0.0421875
1 0.65078125 0.37890625 0.02109375 0.03515625
1 0.61328125 0.434375 0.0265625 0.0421875
1 0.6078125 0.3734375 0.02265625 0.0453125
1 0.53203125 0.2546875 0.00859375 0.02109375
1 0.51796875 0.29765625 0.01171875 0.028125
1 0.51875 0.2359375 0.0125 0.02421875
1 0.46640625 0.24296875 0.01171875 0.02421875
1 0.54609375 0.23203125 0.01171875 0.0265625
1 0.60234375 0.23046875 0.01171875 0.0265625
1 0.60703125 0.20703125 0.0125 0.01953125
1 0.5953125 0.25703125 0.0125 0.02265625
1 0.62578125 0.2546875 0.0140625 0.0265625
1 0.57421875 0.24453125 0.0109375 0.02109375
1 0.66875 0.2359375 0.0078125 0.02421875
1 0.68125 0.22890625 0.01015625 0.02109375
1 0.67421875 0.2671875 0.0125 0.0328125
1 0.69921875 0.2578125 0.01171875 0.028125
1 0.7359375 0.22734375 0.009375 0.028125
1 0.77109375 0.24296875 0.01015625 0.025
1 0.80234375 0.25 0.0140625 0.02421875
1 0.83046875 0.2640625 0.009375 0.03125
1 0.865625 0.26328125 0.00703125 0.0328125
1 0.84375 0.28046875 0.0109375 0.03125
1 0.85625 0.28203125 0.009375 0.03125
1 0.88359375 0.2859375 0.0140625 0.0421875
1 0.87109375 0.3265625 0.0171875 0.03515625
1 0.8375 0.31640625 0.01640625 0.0296875
1 0.80859375 0.3046875 0.015625 0.025
1 0.75546875 0.28828125 0.015625 0.0328125
1 0.71796875 0.29609375 0.015625 0.03125
1 0.8140625 0.34453125 0.015625 0.03984375
1 0.7984375 0.37109375 0.01953125 0.0421875
1 0.846875 0.38203125 0.015625 0.03984375
1 0.8828125 0.40234375 0.01796875 0.03671875
1 0.8359375 0.4375 0.01796875 0.0421875
1 0.765625 0.44453125 0.01796875 0.05390625
1 0.72109375 0.39453125 0.01640625 0.046875
1 0.65703125 0.4390625 0.02890625 0.046875
1 0.6984375 0.53984375 0.03203125 0.0734375
1 0.81796875 0.525 0.02890625 0.05625
1 0.91640625 0.35234375 0.01171875 0.03359375
1 0.925 0.27421875 0.009375 0.02421875
1 0.89453125 0.46015625 0.01953125 0.046875
1 0.84765625 0.35 0.02265625 0.028125
1 0.6265625 0.30078125 0.021875 0.03828125
1 0.7296875 0.27265625 0.0125 0.03515625
1 0.72734375 0.2484375 0.01484375 0.03359375
1 0.76640625 0.26484375 0.01171875 0.0421875
1 0.62890625 0.23828125 0.015625 0.03125
1 0.57265625 0.2265625 0.01796875 0.02421875
1 0.65859375 0.22578125 0.01015625 0.028125
1 0.81015625 0.28046875 0.015625 0.03125