1 0.1328125 0.52578125 0.03828125 0.07109375
1 0.22890625 0.340625 0.01640625 0.04140625
1 0.25078125 0.38125 0.025 0.0375
1 0.2796875 0.38359375 0.02890625 0.05
1 0.28125 0.3171875 0.021875 0.0375
1 0.334375 0.35859375 0.0265625 0.04609375
1 0.353125 0.32578125 0.02109375 0.034375
1 0.3546875 0.29765625 0.015625 0.0296875
1 0.390625 0.26171875 0.01640625 0.03125
1 0.41015625 0.26875 0.015625 0.034375
1 0.42734375 0.2546875 0.0171875 0.0328125
1 0.44140625 0.2765625 0.015625 0.0328125
1 0.4109375 0.33515625 0.025 0.04453125
1 0.40703125 0.30390625 0.0265625 0.0328125
1 0.45 0.33515625 0.02265625 0.04140625
1 0.46875 0.31015625 0.01875 0.034375
1 0.5015625 0.33203125 0.02578125 0.04140625
1 0.47421875 0.2640625 0.01875 0.034375
1 0.4703125 0.23984375 0.021875 0.0375
1 0.51171875 0.2625 0.01484375 0.03125
1 0.52734375 0.278125 0.01875 0.0296875
1 0.54609375 0.25 0.015625 0.02890625
1 0.55546875 0.2796875 0.02109375 0.03984375
1 0.58046875 0.26015625 0.0171875 0.03125
1 0.559375 0.22109375 0.0109375 0.02890625
1 0.57265625 0.21796875 0.0140625 0.0328125
1 0.60390625 0.246875 0.0140625 0.02890625
1 0.63984375 0.24765625 0.01328125 0.0296875
1 0.6328125 0.2203125 0.0203125 0.03125
1 0.61640625 0.203125 0.01640625 0.03125
1 0.6765625 0.20625 0.0125 0.0296875
1 0.69296875 0.21953125 0.01484375 0.0359375
1 0.68046875 0.23359375 0.01328125 0.0296875
1 0.67421875 0.27265625 0.01875 0.0375
1 0.63828125 0.30078125 0.025 0.046875
1 0.6015625 0.32890625 0.025 0.0375
1 0.5390625 0.35703125 0.0296875 0.05390625
1 0.48359375 0.409375 0.0328125 0.0671875
1 0.52734375 0.4421875 0.0375 0.0703125
1 0.5921875 0.446875 0.03359375 0.07109375
1 0.61796875 0.37109375 0.0234375 0.05859375
1 0.65 0.34609375 0.0203125 0.04453125
1 0.66328125 0.365625 0.0265625 0.0484375
1 0.69765625 0.3625 0.02421875 0.0484375
1 0.68671875 0.315625 0.01953125 0.034375
1 0.709375 0.3 0.02265625 0.04296875
1 0.71171875 0.2515625 0.0203125 0.0375
1 0.7421875 0.25859375 0.01640625 0.034375
1 0.75078125 0.2359375 0.0140625 0.02578125
1 0.7765625 0.26484375 0.01484375 0.0328125
1 0.790625 0.2828125 0.01484375 0.034375
1 0.7875 0.23828125 0.01484375 0.03125
1 0.815625 0.2421875 0.015625 0.0359375
1 0.8234375 0.29296875 0.015625 0.0375
1 0.82890625 0.2671875 0.01640625 0.03125
1 0.82265625 0.35703125 0.02578125 0.0484375
1 0.83828125 0.33046875 0.01875 0.04453125
1 0.77734375 0.43125 0.03359375 0.0625
1 0.72578125 0.403125 0.0328125 0.05703125
1 0.70546875 0.546875 0.0375 0.0828125
1 0.640625 0.47109375 0.0421875 0.08125
1 0.815625 0.5859375 0.04140625 0.0859375
1 0.8484375 0.4671875 0.03671875 0.06015625
1 0.86640625 0.38359375 0.02734375 0.05546875
1 0.91640625 0.45078125 0.02734375 0.06171875
1 0.87890625 0.3421875 0.01953125 0.04140625
1 0.85078125 0.325 0.0171875 0.03828125
1 0.86484375 0.2765625 0.0171875 0.0359375
1 0.8546875 0.2625 0.0171875 0.02734375
1 0.8875 0.25390625 0.015625 0.0359375
1 0.9046875 0.303125 0.021875 0.0375
1 0.93984375 0.30859375 0.01875 0.03125
1 0.9359375 0.34765625 0.0203125 0.05
1 0.89375 0.32109375 0.0171875 0.0375
1 0.9484375 0.2828125 0.01328125 0.02890625