1 0.26953125 0.22109375 0.0140625 0.03359375
1 0.32421875 0.1984375 0.0140625 0.03515625
1 0.33515625 0.2296875 0.01875 0.03984375
1 0.378125 0.24765625 0.01796875 0.04375
1 0.36640625 0.190625 0.0171875 0.03359375
1 0.37734375 0.17734375 0.01640625 0.03671875
1 0.39296875 0.190625 0.0171875 0.03359375
1 0.40234375 0.165625 0.01640625 0.03046875
1 0.41796875 0.21171875 0.01953125 0.0421875
1 0.41171875 0.2640625 0.021875 0.0484375
1 0.42265625 0.1765625 0.0171875 0.03203125
1 0.4234375 0.14453125 0.0140625 0.03203125
1 0.46875 0.1578125 0.01640625 0.03671875
1 0.4578125 0.196875 0.01953125 0.03828125
1 0.4953125 0.21171875 0.0234375 0.03828125
1 0.47890625 0.1796875 0.01875 0.0421875
1 0.5 0.17890625 0.01953125 0.03984375
1 0.471875 0.134375 0.01171875 0.0265625
1 0.49765625 0.13046875 0.01484375 0.03359375
1 0.51640625 0.125 0.0140625 0.03203125
1 0.53203125 0.1265625 0.0140625 0.028125
1 0.53046875 0.16015625 0.0171875 0.03203125
1 0.53671875 0.196875 0.02109375 0.03828125
1 0.58125 0.16484375 0.0171875 0.03828125
1 0.56640625 0.13515625 0.01484375 0.025
1 0.5546875 0.12265625 0.01328125 0.03046875
1 0.57578125 0.1203125 0.01484375 0.03046875
1 0.58984375 0.134375 0.0125 0.0265625
1 0.59921875 0.10390625 0.009375 0.0234375
1 0.6046875 0.11953125 0.01328125 0.028125
1 0.62265625 0.1296875 0.01484375 0.028125
1 0.62421875 0.11171875 0.01171875 0.021875
1 0.62421875 0.09609375 0.00859375 0.021875
1 0.6546875 0.1046875 0.01328125 0.03515625
1 0.67421875 0.1046875 0.01640625 0.025
1 0.68125 0.13046875 0.01328125 0.03046875
1 0.70703125 0.11171875 0.01328125 0.025
1 0.65390625 0.1375 0.0140625 0.03359375
1 0.6140625 0.16328125 0.01484375 0.028125
1 0.55703125 0.2765625 0.0328125 0.08671875
1 0.5765625 0.26953125 0.0234375 0.06328125
1 0.6421875 0.23671875 0.0234375 0.0515625
1 0.63359375 0.1953125 0.021875 0.0453125
1 0.65625 0.1796875 0.021875 0.0484375
1 0.6671875 0.2125 0.021875 0.04375
1 0.6875 0.2546875 0.021875 0.05
1 0.70390625 0.22890625 0.01875 0.0453125
1 0.7015625 0.17265625 0.01796875 0.03984375
1 0.69453125 0.16015625 0.0140625 0.03203125
1 0.725 0.140625 0.01328125 0.03359375
1 0.7328125 0.17890625 0.01640625 0.03359375
1 0.7578125 0.1984375 0.02109375 0.0421875
1 0.778125 0.21796875 0.0234375 0.04375
1 0.740625 0.2640625 0.03046875 0.06171875
1 0.76015625 0.25078125 0.01953125 0.0484375
1 0.790625 0.2890625 0.02421875 0.065625
1 0.75625 0.15234375 0.01796875 0.03046875
1 0.74765625 0.13515625 0.01328125 0.028125
1 0.75234375 0.12265625 0.0140625 0.03046875
1 0.7734375 0.15546875 0.0125 0.03046875
1 0.7953125 0.16171875 0.01484375 0.03203125
1 0.78828125 0.1359375 0.01484375 0.03046875
1 0.8078125 0.15234375 0.0140625 0.03046875
1 0.8140625 0.13671875 0.0140625 0.028125
1 0.83515625 0.16328125 0.01640625 0.03203125
1 0.846875 0.146875 0.0140625 0.03203125
1 0.85703125 0.16953125 0.0140625 0.03359375
1 0.8390625 0.19140625 0.0171875 0.03203125
1 0.83984375 0.23203125 0.01953125 0.0453125
1 0.87265625 0.2640625 0.0234375 0.06171875
1 0.8390625 0.3109375 0.03203125 0.05859375
1 0.9 0.35078125 0.03125 0.07890625
1 0.91796875 0.3 0.01875 0.05
1 0.92578125 0.246875 0.01796875 0.03828125
1 0.90625 0.20390625 0.01796875 0.03828125
1 0.87890625 0.1546875 0.0171875 0.03515625
1 0.9078125 0.15 0.01640625 0.03515625
1 0.94453125 0.2109375 0.01328125 0.03359375
1 0.93515625 0.19375 0.0140625 0.025
1 0.93828125 0.1703125 0.01328125 0.028125