1 0.140625 0.53984375 0.03671875 0.0734375
1 0.22421875 0.33671875 0.0140625 0.034375
1 0.253125 0.3578125 0.0171875 0.04296875
1 0.2796875 0.3125 0.015625 0.03046875
1 0.284375 0.359375 0.01875 0.04296875
1 0.31328125 0.384375 0.0234375 0.0390625
1 0.34140625 0.296875 0.01640625 0.02109375
1 0.340625 0.32734375 0.01484375 0.03203125
1 0.378125 0.26171875 0.01328125 0.0265625
1 0.3703125 0.34765625 0.01484375 0.0375
1 0.40078125 0.33125 0.01640625 0.0375
1 0.39296875 0.296875 0.0109375 0.0265625
1 0.41171875 0.278125 0.01875 0.03203125
1 0.4140625 0.25859375 0.01171875 0.021875
1 0.4484375 0.24453125 0.01875 0.025
1 0.453125 0.23984375 0.00859375 0.0265625
1 0.4484375 0.31015625 0.015625 0.02890625
1 0.43515625 0.3515625 0.01875 0.0359375
1 0.48828125 0.271875 0.01484375 0.03359375
1 0.5046875 0.271875 0.015625 0.03359375
1 0.5328125 0.24296875 0.01328125 0.028125
1 0.54921875 0.2171875 0.0109375 0.0265625
1 0.53515625 0.284375 0.0109375 0.0375
1 0.4890625 0.32890625 0.01875 0.03046875
1 0.56328125 0.259375 0.01484375 0.03359375
1 0.59140625 0.20625 0.0109375 0.0234375
1 0.5859375 0.23046875 0.01640625 0.03359375
1 0.58203125 0.253125 0.0125 0.028125
1 0.60703125 0.215625 0.01328125 0.02890625
1 0.61875 0.2265625 0.01328125 0.028125
1 0.640625 0.21796875 0.01328125 0.03359375
1 0.65546875 0.221875 0.0140625 0.040625
1 0.67265625 0.22265625 0.01171875 0.0265625
1 0.684375 0.25234375 0.0140625 0.034375
1 0.6484375 0.27890625 0.01953125 0.03046875
1 0.61328125 0.3046875 0.0203125 0.034375
1 0.5796875 0.33515625 0.0234375 0.0375
1 0.51484375 0.378125 0.01953125 0.0390625
1 0.45390625 0.4078125 0.021875 0.04296875
1 0.51484375 0.43359375 0.02265625 0.05
1 0.62109375 0.353125 0.01875 0.04140625
1 0.57109375 0.44609375 0.02734375 0.06640625
1 0.615625 0.471875 0.0328125 0.0625
1 0.6421875 0.36171875 0.02578125 0.040625
1 0.6625 0.31796875 0.0234375 0.046875
1 0.68828125 0.29765625 0.01640625 0.0375
1 0.709375 0.2484375 0.01328125 0.03359375
1 0.72578125 0.23125 0.015625 0.0234375
1 0.72421875 0.25625 0.01875 0.040625
1 0.6625 0.3671875 0.02578125 0.04296875
1 0.69609375 0.40078125 0.03125 0.05390625
1 0.67734375 0.53125 0.03359375 0.06796875
1 0.7578125 0.24296875 0.01875 0.03359375
1 0.73671875 0.2953125 0.02109375 0.034375
1 0.7515625 0.27734375 0.021875 0.040625
1 0.78203125 0.24296875 0.01328125 0.028125
1 0.78828125 0.271875 0.0234375 0.0375
1 0.81875 0.2546875 0.0109375 0.02890625
1 0.79375 0.30078125 0.01796875 0.03203125
1 0.7859375 0.35390625 0.01875 0.05
1 0.8265625 0.3578125 0.02109375 0.0484375
1 0.846875 0.26171875 0.01328125 0.03203125
1 0.828125 0.278125 0.01953125 0.04296875
1 0.86328125 0.27890625 0.01328125 0.0359375
1 0.9015625 0.30625 0.021875 0.04609375
1 0.9046875 0.2796875 0.01328125 0.0234375
1 0.86796875 0.34609375 0.01640625 0.0359375
1 0.87890625 0.3453125 0.01875 0.04296875
1 0.88203125 0.47578125 0.02734375 0.059375
1 0.74765625 0.43203125 0.0203125 0.05
1 0.78515625 0.50859375 0.03359375 0.06640625
1 0.81796875 0.4609375 0.025 0.05
1 0.853125 0.32421875 0.0234375 0.0484375
1 0.8375 0.334375 0.015625 0.04609375
1 0.81796875 0.328125 0.0203125 0.05
1 0.44453125 0.271875 0.01484375 0.028125
1 0.8984375 0.3625 0.02421875 0.04140625
1 0.56953125 0.4078125 0.028125 0.04609375
1 0.55625 0.21484375 0.0109375 0.01796875
1 0.79296875 0.33984375 0.01875 0.04296875