1 0.20234375 0.46796875 0.0359375 0.08125
1 0.2640625 0.2609375 0.015625 0.03359375
1 0.278125 0.26015625 0.01484375 0.03125
1 0.30234375 0.2640625 0.0203125 0.0390625
1 0.3234375 0.28359375 0.02265625 0.0421875
1 0.31171875 0.21875 0.01875 0.03515625
1 0.34140625 0.2140625 0.015625 0.0296875
1 0.384375 0.25234375 0.01953125 0.04609375
1 0.4046875 0.2796875 0.021875 0.05078125
1 0.40390625 0.2265625 0.01953125 0.040625
1 0.44296875 0.215625 0.021875 0.03828125
1 0.42265625 0.18125 0.01484375 0.0421875
1 0.40546875 0.184375 0.015625 0.03203125
1 0.4453125 0.1578125 0.01875 0.03203125
1 0.465625 0.16171875 0.0140625 0.03125
1 0.4640625 0.14140625 0.0125 0.02421875
1 0.47265625 0.2265625 0.02265625 0.04609375
1 0.478125 0.203125 0.0171875 0.03515625
1 0.48515625 0.13671875 0.01640625 0.03203125
1 0.50625 0.19453125 0.02109375 0.03828125
1 0.51640625 0.12734375 0.0140625 0.0265625
1 0.52265625 0.1421875 0.01484375 0.03203125
1 0.53828125 0.184375 0.01953125 0.03671875
1 0.5515625 0.13984375 0.015625 0.0296875
1 0.5578125 0.16015625 0.01640625 0.028125
1 0.58515625 0.14921875 0.01875 0.0390625
1 0.584375 0.10703125 0.0125 0.03125
1 0.61796875 0.14140625 0.0140625 0.03203125
1 0.609375 0.11875 0.01171875 0.02109375
1 0.64296875 0.11640625 0.0140625 0.028125
1 0.66328125 0.11953125 0.015625 0.03125
1 0.64921875 0.16875 0.01953125 0.0390625
1 0.62265625 0.20625 0.0203125 0.0453125
1 0.55625 0.25390625 0.03046875 0.05078125
1 0.4921875 0.290625 0.03125 0.059375
1 0.54765625 0.3015625 0.03203125 0.06015625
1 0.6015625 0.2484375 0.028125 0.05625
1 0.653125 0.25546875 0.02734375 0.053125
1 0.65625 0.20859375 0.02109375 0.04609375
1 0.68984375 0.1546875 0.0171875 0.0390625
1 0.7078125 0.17109375 0.01484375 0.03125
1 0.71484375 0.21796875 0.0203125 0.0390625
1 0.6953125 0.303125 0.03203125 0.07265625
1 0.7203125 0.2921875 0.028125 0.059375
1 0.75703125 0.346875 0.028125 0.0703125
1 0.7546875 0.21875 0.02109375 0.0390625
1 0.73359375 0.18359375 0.01875 0.04375
1 0.721875 0.14765625 0.0171875 0.03359375
1 0.7515625 0.17265625 0.0171875 0.0390625
1 0.746875 0.14140625 0.0171875 0.0265625
1 0.76796875 0.128125 0.015625 0.03671875
1 0.7796875 0.20625 0.01875 0.0390625
1 0.78984375 0.2828125 0.0234375 0.0578125
1 0.85625 0.31875 0.0265625 0.06171875
1 0.8609375 0.2453125 0.0203125 0.0546875
1 0.82421875 0.225 0.021875 0.0453125
1 0.80390625 0.17265625 0.01171875 0.03125
1 0.79921875 0.134375 0.015625 0.03828125
1 0.8171875 0.153125 0.0171875 0.03671875
1 0.83203125 0.13671875 0.01328125 0.03515625
1 0.8671875 0.1421875 0.01328125 0.03203125
1 0.84140625 0.18671875 0.015625 0.03671875
1 0.86875 0.20625 0.01796875 0.0390625
1 0.8796875 0.1921875 0.0140625 0.03671875
1 0.9078125 0.271875 0.021875 0.04921875