1 0.1828125 0.44296875 0.0546875 0.10625
1 0.27578125 0.2421875 0.0140625 0.0296875
1 0.30234375 0.23671875 0.01953125 0.034375
1 0.29140625 0.26953125 0.01796875 0.0375
1 0.3375 0.26875 0.01640625 0.0359375
1 0.37109375 0.28046875 0.0203125 0.0375
1 0.37265625 0.23203125 0.01953125 0.0359375
1 0.43671875 0.2296875 0.02421875 0.04453125
1 0.46171875 0.228125 0.025 0.04765625
1 0.37734375 0.1796875 0.015625 0.0328125
1 0.40234375 0.1859375 0.015625 0.028125
1 0.41875 0.17890625 0.015625 0.0375
1 0.4265625 0.17109375 0.01328125 0.034375
1 0.4453125 0.18203125 0.0140625 0.0359375
1 0.4625 0.190625 0.01875 0.0375
1 0.46015625 0.153125 0.0125 0.03125
1 0.48125 0.14765625 0.01328125 0.0328125
1 0.4859375 0.1625 0.01015625 0.02109375
1 0.4890625 0.19140625 0.0203125 0.0390625
1 0.5078125 0.17265625 0.01875 0.04453125
1 0.52109375 0.20390625 0.0203125 0.0375
1 0.50390625 0.1265625 0.0109375 0.02109375
1 0.51796875 0.1390625 0.01328125 0.0265625
1 0.534375 0.1171875 0.01796875 0.02421875
1 0.55625 0.13046875 0.01875 0.028125
1 0.54765625 0.16953125 0.015625 0.03125
1 0.559375 0.171875 0.01796875 0.0328125
1 0.58046875 0.14140625 0.01640625 0.03125
1 0.5875 0.115625 0.0140625 0.02109375
1 0.590625 0.1 0.0140625 0.02265625
1 0.603125 0.1453125 0.01796875 0.0359375
1 0.6203125 0.1015625 0.0125 0.02265625
1 0.62890625 0.10546875 0.0140625 0.02109375
1 0.64453125 0.134375 0.015625 0.02265625
1 0.64609375 0.11484375 0.0140625 0.01953125
1 0.665625 0.1078125 0.0140625 0.0265625
1 0.696875 0.09921875 0.0109375 0.02421875
1 0.50078125 0.3546875 0.03203125 0.05703125
1 0.5640625 0.2984375 0.02421875 0.05703125
1 0.56171875 0.24765625 0.0234375 0.04453125
1 0.6171875 0.25078125 0.0203125 0.04921875
1 0.6390625 0.28515625 0.02734375 0.05546875
1 0.68203125 0.3125 0.02890625 0.0625
1 0.63203125 0.20859375 0.0234375 0.04453125
1 0.6609375 0.20859375 0.0234375 0.04765625
1 0.6640625 0.1703125 0.01953125 0.0359375
1 0.69609375 0.1828125 0.01875 0.0375
1 0.6921875 0.1484375 0.01484375 0.034375
1 0.72734375 0.1921875 0.0234375 0.04453125
1 0.73125 0.24296875 0.02578125 0.05390625
1 0.70703125 0.2296875 0.02578125 0.05078125
1 0.75234375 0.21640625 0.02421875 0.04921875
1 0.77109375 0.2078125 0.02109375 0.05234375
1 0.74921875 0.321875 0.03671875 0.0703125
1 0.77578125 0.278125 0.02734375 0.0625
1 0.81015625 0.2375 0.01875 0.04609375
1 0.7359375 0.1109375 0.01796875 0.0359375
1 0.75390625 0.14140625 0.01875 0.0375
1 0.76875 0.128125 0.0140625 0.03125
1 0.78125 0.1375 0.015625 0.0359375
1 0.8 0.1421875 0.01640625 0.0359375
1 0.828125 0.140625 0.0140625 0.0296875
1 0.83203125 0.12265625 0.01484375 0.0328125
1 0.84921875 0.15859375 0.015625 0.0421875
1 0.8578125 0.1515625 0.0140625 0.03125
1 0.865625 0.13359375 0.0140625 0.02421875
1 0.828125 0.2109375 0.025 0.0421875
1 0.85625 0.24765625 0.0203125 0.04765625
1 0.8421875 0.29765625 0.0296875 0.065625
1 0.79609375 0.41328125 0.034375 0.0734375
1 0.90546875 0.3546875 0.03046875 0.0734375
1 0.9171875 0.309375 0.02734375 0.05234375
1 0.91171875 0.25859375 0.02578125 0.04609375
1 0.8796875 0.20390625 0.01796875 0.034375
1 0.89375 0.16484375 0.01640625 0.034375
1 0.925 0.21015625 0.01796875 0.0375
1 0.92421875 0.25859375 0.01953125 0.04609375
1 0.92578125 0.15546875 0.0125 0.0265625