1 0.15859375 0.31328125 0.0296875 0.046875
1 0.16640625 0.378125 0.04765625 0.08984375
1 0.21796875 0.28359375 0.03359375 0.04609375
1 0.2296875 0.30546875 0.03359375 0.05703125
1 0.275 0.25 0.02578125 0.0375
1 0.2921875 0.23671875 0.028125 0.0484375
1 0.31640625 0.24140625 0.03046875 0.05
1 0.340625 0.2484375 0.0234375 0.071875
1 0.4015625 0.21953125 0.021875 0.059375
1 0.42421875 0.228125 0.028125 0.059375
1 0.3703125 0.3625 0.046875 0.08984375
1 0.3609375 0.4328125 0.04453125 0.09140625
1 0.34609375 0.53046875 0.053125 0.109375