1 0.10625 0.51640625 0.04921875 0.09375
1 0.23203125 0.34609375 0.02109375 0.03125
1 0.29296875 0.34375 0.015625 0.04375
1 0.29765625 0.36796875 0.01796875 0.04140625
1 0.33515625 0.35234375 0.0234375 0.04375
1 0.2890625 0.30390625 0.0171875 0.03125
1 0.35859375 0.32890625 0.0171875 0.034375
1 0.3609375 0.29296875 0.01875 0.03515625
1 0.38203125 0.334375 0.01875 0.03828125
1 0.41640625 0.33515625 0.0203125 0.03515625
1 0.396875 0.253125 0.01640625 0.0328125
1 0.42109375 0.259375 0.0140625 0.03125
1 0.409375 0.3046875 0.01875 0.03125
1 0.4390625 0.3046875 0.021875 0.03671875
1 0.44921875 0.33828125 0.025 0.03828125
1 0.46796875 0.3046875 0.01953125 0.034375
1 0.44609375 0.26796875 0.0171875 0.034375
1 0.4546875 0.25234375 0.0140625 0.028125
1 0.46875 0.26796875 0.01484375 0.03125
1 0.46640625 0.23515625 0.01171875 0.01953125
1 0.49453125 0.2625 0.01640625 0.028125
1 0.5375 0.2515625 0.015625 0.03515625
1 0.51484375 0.25 0.01171875 0.02578125
1 0.51796875 0.2578125 0.015625 0.0296875
1 0.51015625 0.3140625 0.01953125 0.04375
1 0.51640625 0.29296875 0.01484375 0.0328125
1 0.5515625 0.28515625 0.01953125 0.03671875
1 0.5484375 0.2265625 0.0171875 0.028125
1 0.56484375 0.265625 0.01875 0.04140625
1 0.57265625 0.2421875 0.0125 0.028125
1 0.57109375 0.2203125 0.0140625 0.0265625
1 0.5953125 0.24921875 0.0125 0.0265625
1 0.6 0.22578125 0.01171875 0.02265625
1 0.609375 0.20625 0.0125 0.0296875
1 0.6234375 0.21171875 0.01484375 0.02578125
1 0.63125 0.2265625 0.0140625 0.0328125
1 0.6390625 0.24375 0.01796875 0.028125
1 0.65859375 0.21796875 0.0125 0.02421875
1 0.66875 0.22890625 0.0109375 0.0328125
1 0.67890625 0.2296875 0.01171875 0.02578125
1 0.671875 0.265625 0.015625 0.034375
1 0.6296875 0.28984375 0.01796875 0.03828125
1 0.646875 0.3296875 0.02109375 0.03828125
1 0.59296875 0.3203125 0.021875 0.03984375
1 0.60390625 0.371875 0.02578125 0.0421875
1 0.6453125 0.38671875 0.03046875 0.0578125
1 0.7015625 0.2578125 0.01484375 0.034375
1 0.72734375 0.2609375 0.0125 0.03671875
1 0.7359375 0.24765625 0.0125 0.0296875
1 0.74453125 0.228125 0.0140625 0.03125
1 0.7734375 0.24296875 0.0125 0.0296875
1 0.76484375 0.265625 0.01484375 0.034375
1 0.7609375 0.2859375 0.01640625 0.0328125
1 0.71875 0.2875 0.0171875 0.03515625
1 0.8015625 0.246875 0.0125 0.03125
1 0.82890625 0.2640625 0.01171875 0.03125
1 0.85 0.265625 0.0140625 0.03515625
1 0.86328125 0.259375 0.0140625 0.034375
1 0.85390625 0.28203125 0.0140625 0.034375
1 0.8890625 0.29609375 0.01484375 0.03828125
1 0.9203125 0.278125 0.0125 0.02578125
1 0.92265625 0.30390625 0.0109375 0.03125
1 0.928125 0.3296875 0.0171875 0.04140625
1 0.92109375 0.346875 0.0109375 0.03828125
1 0.87578125 0.31953125 0.015625 0.03125
1 0.8390625 0.3078125 0.0140625 0.03125
1 0.8078125 0.29765625 0.015625 0.03125
1 0.809375 0.2734375 0.01640625 0.034375
1 0.809375 0.33125 0.0203125 0.04375
1 0.8625 0.36953125 0.01953125 0.04140625
1 0.8953125 0.390625 0.021875 0.0578125
1 0.90390625 0.33671875 0.0125 0.0328125
1 0.89921875 0.4625 0.02734375 0.07109375
1 0.8515625 0.41640625 0.025 0.05
1 0.83203125 0.434375 0.021875 0.059375
1 0.79453125 0.37421875 0.02109375 0.05390625
1 0.69375 0.3484375 0.02109375 0.046875
1 0.678125 0.32265625 0.021875 0.046875
1 0.73046875 0.4046875 0.02421875 0.05546875
1 0.771875 0.44140625 0.0265625 0.05703125
1 0.66875 0.4359375 0.03359375 0.05546875
1 0.7109375 0.47109375 0.03046875 0.0765625
1 0.809375 0.49765625 0.02890625 0.065625
1 0.5 0.37578125 0.0265625 0.059375
1 0.5328125 0.37265625 0.0265625 0.05234375
1 0.5421875 0.40703125 0.03046875 0.059375
1 0.6109375 0.425 0.0328125 0.0640625