1 0.08046875 0.41796875 0.0578125 0.08203125
1 0.1671875 0.33828125 0.08203125 0.1046875
1 0.25625 0.359375 0.06171875 0.08203125
1 0.3375 0.3796875 0.04765625 0.06796875
1 0.36328125 0.4453125 0.06484375 0.090625
1 0.334375 0.290625 0.040625 0.06328125
1 0.37734375 0.28828125 0.03046875 0.05
1 0.41953125 0.27734375 0.034375 0.0546875
1 0.45703125 0.30703125 0.04765625 0.06796875
1 0.51328125 0.32734375 0.0375 0.07265625
1 0.540625 0.30234375 0.0375 0.059375
1 0.5171875 0.425 0.0515625 0.08671875
1 0.5578125 0.565625 0.0578125 0.0953125
1 0.63125 0.37734375 0.04765625 0.08203125
1 0.6140625 0.66171875 0.0546875 0.08671875
1 0.71484375 0.61171875 0.0578125 0.08671875
1 0.7390625 0.56796875 0.04453125 0.07265625
1 0.78515625 0.1453125 0.06171875 0.1