1 0.04375 0.39453125 0.0296875 0.06328125
1 0.24921875 0.28828125 0.015625 0.0234375
1 0.27109375 0.26875 0.01796875 0.0328125
1 0.30234375 0.26171875 0.01796875 0.03671875
1 0.3359375 0.27890625 0.015625 0.0296875
1 0.33125 0.22109375 0.0140625 0.03125
1 0.34765625 0.215625 0.01484375 0.0265625
1 0.37421875 0.21328125 0.01328125 0.03125
1 0.39140625 0.21640625 0.0140625 0.028125
1 0.42578125 0.21640625 0.01484375 0.025
1 0.42734375 0.26796875 0.0203125 0.04140625
1 0.4890625 0.23125 0.01875 0.04453125
1 0.45390625 0.22109375 0.015625 0.03125
1 0.44140625 0.2 0.0140625 0.025
1 0.425 0.18515625 0.0171875 0.028125
1 0.42421875 0.16328125 0.0109375 0.01796875
1 0.45859375 0.1671875 0.01328125 0.01953125
1 0.45078125 0.1484375 0.009375 0.01796875
1 0.4765625 0.16640625 0.01328125 0.021875
1 0.46953125 0.14765625 0.0125 0.0234375
1 0.484375 0.1328125 0.01015625 0.0234375
1 0.4984375 0.196875 0.0140625 0.025
1 0.5390625 0.19921875 0.015625 0.0328125
1 0.515625 0.15078125 0.0140625 0.0265625
1 0.5296875 0.13359375 0.01328125 0.03125
1 0.5 0.15390625 0.0125 0.01953125
1 0.5015625 0.178125 0.01328125 0.021875
1 0.54921875 0.15703125 0.01328125 0.03125
1 0.56875 0.1796875 0.01796875 0.03125
1 0.57734375 0.15390625 0.01328125 0.0296875
1 0.5578125 0.11328125 0.0125 0.021875
1 0.58515625 0.12265625 0.01328125 0.0234375
1 0.58828125 0.09765625 0.0109375 0.0234375
1 0.61796875 0.14453125 0.0125 0.0265625
1 0.60859375 0.1203125 0.009375 0.021875
1 0.615625 0.10390625 0.01015625 0.021875
1 0.634375 0.12265625 0.0140625 0.0265625
1 0.6484375 0.103125 0.0125 0.0234375
1 0.665625 0.1171875 0.0140625 0.025
1 0.69765625 0.1 0.01328125 0.03125
1 0.390625 0.196875 0.0140625 0.025
1 0.48828125 0.29765625 0.0203125 0.04453125
1 0.5671875 0.29140625 0.02109375 0.04453125
1 0.6015625 0.33046875 0.0296875 0.0546875
1 0.6703125 0.32421875 0.028125 0.0546875
1 0.7109375 0.29453125 0.02421875 0.04453125
1 0.78203125 0.296875 0.02109375 0.05
1 0.80234375 0.2421875 0.0203125 0.05
1 0.74609375 0.22109375 0.02265625 0.04140625
1 0.7015625 0.20234375 0.0203125 0.0328125
1 0.6609375 0.20078125 0.01953125 0.03671875
1 0.6375 0.17734375 0.01875 0.0328125
1 0.61953125 0.2203125 0.02109375 0.03671875
1 0.61328125 0.253125 0.02109375 0.04140625
1 0.5625 0.24296875 0.0234375 0.0484375
1 0.67578125 0.14921875 0.0140625 0.0296875
1 0.7015625 0.14375 0.0125 0.028125
1 0.7234375 0.1546875 0.0109375 0.03125
1 0.73359375 0.1265625 0.0125 0.03125
1 0.7453125 0.13671875 0.01484375 0.03125
1 0.7453125 0.1078125 0.0109375 0.0265625
1 0.7640625 0.13046875 0.0125 0.025
1 0.7703125 0.15703125 0.01484375 0.028125
1 0.73125 0.19375 0.01796875 0.03671875
1 0.65859375 0.2609375 0.0203125 0.04453125
1 0.7796875 0.1234375 0.009375 0.025
1 0.79453125 0.13125 0.009375 0.0234375
1 0.80625 0.1296875 0.0125 0.0265625
1 0.7953125 0.18046875 0.01796875 0.03671875
1 0.8125 0.1703125 0.01484375 0.028125
1 0.83125 0.13828125 0.01328125 0.03125
1 0.85 0.16640625 0.0125 0.028125
1 0.859375 0.1515625 0.0109375 0.028125
1 0.859375 0.1265625 0.0109375 0.025
1 0.890625 0.1296875 0.0125 0.0296875
1 0.88203125 0.16484375 0.01015625 0.021875
1 0.91015625 0.165625 0.0140625 0.0265625
1 0.925 0.15859375 0.0109375 0.028125
1 0.921875 0.203125 0.015625 0.03515625
1 0.8890625 0.19765625 0.01328125 0.0328125
1 0.89296875 0.16484375 0.0109375 0.021875
1 0.8640625 0.23203125 0.01484375 0.03671875
1 0.8421875 0.1953125 0.01484375 0.03671875