1 0.01171875 0.4609375 0.0234375 0.0484375
1 0.2359375 0.359375 0.01484375 0.034375
1 0.26328125 0.39609375 0.0171875 0.0421875
1 0.2984375 0.39609375 0.0171875 0.0421875
1 0.2984375 0.3171875 0.01484375 0.0390625
1 0.33984375 0.375 0.021875 0.05
1 0.36484375 0.346875 0.0140625 0.0296875
1 0.3953125 0.3546875 0.0140625 0.03125
1 0.36640625 0.309375 0.0171875 0.0328125
1 0.415625 0.353125 0.0140625 0.040625
1 0.40078125 0.27890625 0.0109375 0.021875
1 0.41640625 0.2828125 0.01484375 0.0203125
1 0.4203125 0.3203125 0.01484375 0.0328125
1 0.4453125 0.32578125 0.01640625 0.021875
1 0.46484375 0.36875 0.01796875 0.0375
1 0.48671875 0.32890625 0.01171875 0.025
1 0.51796875 0.34921875 0.01640625 0.03125
1 0.44140625 0.253125 0.0125 0.0234375
1 0.45625 0.2765625 0.01328125 0.0296875
1 0.48828125 0.2765625 0.0125 0.0265625
1 0.4875 0.24921875 0.01171875 0.0234375
1 0.47890625 0.24765625 0.01015625 0.0234375
1 0.521875 0.27890625 0.01171875 0.034375
1 0.53203125 0.2921875 0.01328125 0.0296875
1 0.5421875 0.2640625 0.0125 0.0234375
1 0.56171875 0.2578125 0.0140625 0.0328125
1 0.56484375 0.303125 0.01484375 0.0328125
1 0.54765625 0.37734375 0.021875 0.0453125
1 0.475 0.4390625 0.025 0.046875
1 0.55859375 0.4453125 0.021875 0.05546875
1 0.578125 0.22734375 0.0109375 0.0203125
1 0.5921875 0.25234375 0.01171875 0.01875
1 0.596875 0.2765625 0.0109375 0.0296875
1 0.6171875 0.2609375 0.0109375 0.0203125
1 0.61875 0.23203125 0.01015625 0.0265625
1 0.628125 0.215625 0.0125 0.03125
1 0.64375 0.22734375 0.01328125 0.0328125
1 0.65703125 0.2359375 0.0140625 0.025
1 0.6625 0.2625 0.01484375 0.0234375
1 0.69453125 0.24453125 0.01328125 0.0265625
1 0.6875 0.225 0.0125 0.028125
1 0.7140625 0.23203125 0.01328125 0.0265625
1 0.61328125 0.3625 0.01953125 0.040625
1 0.609375 0.48359375 0.02734375 0.07109375
1 0.61640625 0.4203125 0.025 0.046875
1 0.6515625 0.32578125 0.0171875 0.040625
1 0.69609375 0.28515625 0.01484375 0.0375
1 0.72109375 0.2625 0.0125 0.0296875
1 0.70859375 0.32265625 0.01875 0.0375
1 0.66171875 0.37109375 0.01796875 0.0328125
1 0.67734375 0.40078125 0.02421875 0.0453125
1 0.71015625 0.37578125 0.02109375 0.0421875
1 0.65703125 0.49921875 0.03046875 0.06171875
1 0.72265625 0.53046875 0.03046875 0.07734375
1 0.83984375 0.55 0.028125 0.06328125
1 0.7953125 0.4765625 0.028125 0.05390625
1 0.7421875 0.440625 0.02265625 0.05234375
1 0.7453125 0.30703125 0.01328125 0.028125
1 0.75390625 0.27109375 0.01328125 0.028125
1 0.7609375 0.24765625 0.01015625 0.0234375
1 0.77734375 0.2390625 0.0171875 0.028125
1 0.78203125 0.2765625 0.0140625 0.0296875
1 0.8 0.30234375 0.0171875 0.04375
1 0.80390625 0.25625 0.0109375 0.0328125
1 0.81875 0.25546875 0.0125 0.028125
1 0.84375 0.2828125 0.01484375 0.0265625
1 0.83984375 0.328125 0.0140625 0.0296875
1 0.83359375 0.38671875 0.01796875 0.0453125
1 0.8859375 0.40390625 0.0203125 0.0484375
1 0.871875 0.471875 0.02265625 0.05390625
1 0.93828125 0.50078125 0.02421875 0.05859375
1 0.9625 0.38671875 0.01796875 0.0421875
1 0.86640625 0.26640625 0.0109375 0.03125
1 0.87578125 0.29453125 0.01328125 0.028125
1 0.8609375 0.36015625 0.01875 0.0453125
1 0.86328125 0.33125 0.0125 0.0296875
1 0.90390625 0.37734375 0.0171875 0.0453125
1 0.90390625 0.3296875 0.01328125 0.0265625
1 0.8984375 0.27109375 0.0109375 0.028125
1 0.92421875 0.2921875 0.01171875 0.0359375
1 0.93828125 0.35078125 0.0140625 0.0390625
1 0.96171875 0.3265625 0.01171875 0.0234375
1 0.9484375 0.32734375 0.009375 0.025
1 0.96484375 0.2953125 0.009375 0.0234375