1 0.02890625 0.56171875 0.0578125 0.21015625
1 0.03828125 0.46875 0.0765625 0.19375
1 0.07109375 0.47265625 0.0578125 0.13125
1 0.090625 0.40859375 0.07265625 0.14453125
1 0.13671875 0.403125 0.0578125 0.11171875
1 0.5609375 0.2515625 0.05625 0.10390625
1 0.621875 0.39375 0.065625 0.1203125
1 0.6609375 0.415625 0.0671875 0.12578125
1 0.69375 0.4234375 0.0890625 0.1640625
1 0.81171875 0.465625 0.10390625 0.16640625
1 0.84296875 0.3828125 0.0671875 0.109375
1 0.91875 0.49609375 0.1109375 0.21015625