1 0.30859375 0.23046875 0.01640625 0.03125
1 0.35078125 0.2 0.0140625 0.02890625
1 0.41328125 0.21015625 0.01484375 0.03671875
1 0.43671875 0.2609375 0.01875 0.0390625
1 0.44375 0.23203125 0.0171875 0.03125
1 0.43984375 0.1875 0.01953125 0.03515625
1 0.4625 0.14296875 0.0109375 0.02734375
1 0.49140625 0.16953125 0.0140625 0.0328125
1 0.50625 0.2078125 0.01953125 0.03671875
1 0.56015625 0.1875 0.01484375 0.03125
1 0.54609375 0.17421875 0.01328125 0.03125
1 0.63046875 0.12578125 0.01171875 0.03125
1 0.628125 0.2203125 0.0171875 0.03515625
1 0.63671875 0.31953125 0.02421875 0.05390625
1 0.63828125 0.271875 0.02265625 0.040625
1 0.6734375 0.296875 0.02421875 0.05234375
1 0.67421875 0.36171875 0.03359375 0.065625
1 0.66796875 0.23203125 0.01953125 0.04609375
1 0.665625 0.19453125 0.01484375 0.0328125
1 0.73125 0.23671875 0.021875 0.04453125
1 0.7734375 0.2765625 0.02265625 0.05390625
1 0.81875 0.25625 0.01875 0.04453125
1 0.84453125 0.3125 0.021875 0.05625
1 0.865625 0.26796875 0.02265625 0.05234375
1 0.90859375 0.3484375 0.02421875 0.0734375
1 0.93125 0.23515625 0.0140625 0.0328125
1 0.96484375 0.23671875 0.01875 0.0484375