1 0.07265625 0.40859375 0.0421875 0.08359375
1 0.32890625 0.25625 0.01875 0.03671875
1 0.31328125 0.23203125 0.015625 0.025
1 0.3296875 0.22578125 0.01484375 0.0265625
1 0.3515625 0.2296875 0.01796875 0.03984375
1 0.365625 0.2421875 0.01796875 0.0453125
1 0.3859375 0.26015625 0.02265625 0.0515625
1 0.365625 0.19453125 0.0171875 0.03359375
1 0.39765625 0.21953125 0.01953125 0.03984375
1 0.3859375 0.19140625 0.01796875 0.03828125
1 0.4078125 0.18828125 0.01796875 0.03828125
1 0.4515625 0.1875 0.01796875 0.03671875
1 0.46953125 0.23125 0.01875 0.03984375
1 0.45703125 0.22890625 0.0171875 0.03515625
1 0.471875 0.2046875 0.01484375 0.0265625
1 0.47421875 0.17578125 0.01328125 0.03359375
1 0.48984375 0.1984375 0.01953125 0.0421875
1 0.53125 0.2046875 0.01953125 0.04375
1 0.521875 0.1703125 0.01953125 0.0453125
1 0.54296875 0.15390625 0.01484375 0.03984375
1 0.56015625 0.0625 0.015625 0.028125
1 0.58125 0.06171875 0.0140625 0.0265625
1 0.62265625 0.065625 0.01484375 0.03046875
1 0.665625 0.046875 0.015625 0.0265625
1 0.69609375 0.0515625 0.01484375 0.03671875
1 0.72734375 0.06484375 0.0140625 0.03203125
1 0.61953125 0.1484375 0.02109375 0.03515625
1 0.61640625 0.12265625 0.015625 0.0234375
1 0.5796875 0.1421875 0.0125 0.0265625
1 0.5640625 0.12109375 0.01484375 0.03203125
1 0.571875 0.16953125 0.01796875 0.03359375
1 0.59453125 0.13203125 0.0125 0.0265625
1 0.5 0.33046875 0.0265625 0.05859375
1 0.565625 0.30625 0.02890625 0.06328125
1 0.60625 0.32734375 0.03359375 0.06875
1 0.61328125 0.2390625 0.028125 0.05859375
1 0.63359375 0.2046875 0.01953125 0.04375
1 0.653125 0.1984375 0.021875 0.0515625
1 0.67265625 0.20859375 0.02265625 0.0515625
1 0.67734375 0.25546875 0.0234375 0.0515625
1 0.71484375 0.21953125 0.02734375 0.05390625
1 0.70390625 0.18671875 0.01796875 0.03203125
1 0.703125 0.14296875 0.02109375 0.0421875
1 0.71640625 0.146875 0.01796875 0.03515625
1 0.76015625 0.13203125 0.01796875 0.03984375
1 0.76875 0.1609375 0.01796875 0.03671875
1 0.7390625 0.1984375 0.02265625 0.0515625
1 0.721875 0.278125 0.02734375 0.06328125
1 0.76953125 0.225 0.028125 0.05859375
1 0.78359375 0.29765625 0.028125 0.05859375
1 0.78828125 0.1390625 0.01875 0.03984375
1 0.80625 0.15546875 0.01953125 0.04375
1 0.846875 0.17578125 0.02265625 0.046875
1 0.86015625 0.16015625 0.01953125 0.03828125
1 0.8890625 0.1953125 0.01953125 0.0453125
1 0.89609375 0.1625 0.02265625 0.04375
1 0.86796875 0.25234375 0.0265625 0.05546875
1 0.84296875 0.321875 0.0359375 0.0734375
1 0.91484375 0.2515625 0.02578125 0.05703125
1 0.9734375 0.3390625 0.03984375 0.08515625