1 0.2015625 0.41953125 0.04921875 0.0953125
1 0.259375 0.26640625 0.02109375 0.040625
1 0.28828125 0.24765625 0.01875 0.0375
1 0.315625 0.24765625 0.02109375 0.03359375
1 0.31015625 0.2171875 0.02109375 0.03046875
1 0.334375 0.21796875 0.02109375 0.0390625
1 0.3265625 0.26640625 0.01953125 0.040625
1 0.34609375 0.27265625 0.02421875 0.04609375
1 0.37578125 0.26875 0.025 0.0421875
1 0.40859375 0.27734375 0.0265625 0.05234375
1 0.4296875 0.24609375 0.0203125 0.03359375
1 0.42421875 0.21796875 0.01875 0.0390625
1 0.38359375 0.19921875 0.01875 0.0390625
1 0.40859375 0.175 0.01640625 0.03359375
1 0.42421875 0.1796875 0.0203125 0.040625
1 0.46640625 0.225 0.0234375 0.05234375
1 0.453125 0.1546875 0.0203125 0.040625
1 0.465625 0.14296875 0.015625 0.03359375
1 0.47890625 0.15390625 0.0171875 0.0390625
1 0.48203125 0.20234375 0.01953125 0.03359375
1 0.5109375 0.18046875 0.0203125 0.0390625
1 0.50546875 0.11953125 0.01171875 0.02578125
1 0.51171875 0.13125 0.0125 0.02890625
1 0.525 0.14921875 0.01640625 0.03046875
1 0.54453125 0.1875 0.0203125 0.0421875
1 0.5515625 0.14453125 0.01875 0.0375
1 0.59453125 0.1578125 0.015625 0.03046875
1 0.61015625 0.153125 0.01171875 0.02734375
1 0.61484375 0.121875 0.0109375 0.0234375
1 0.625 0.1328125 0.015625 0.02734375
1 0.6 0.1 0.01640625 0.02734375
1 0.6546875 0.10546875 0.01484375 0.02734375
1 0.66484375 0.1203125 0.01640625 0.02734375
1 0.6484375 0.1671875 0.0203125 0.0421875
1 0.6875 0.1625 0.0203125 0.0421875
1 0.66875 0.21484375 0.0234375 0.0421875
1 0.63359375 0.246875 0.02109375 0.04921875
1 0.625 0.21484375 0.02265625 0.04609375
1 0.57421875 0.2421875 0.025 0.0421875
1 0.559375 0.2984375 0.03046875 0.0546875
1 0.52421875 0.27578125 0.028125 0.04609375
1 0.67421875 0.32109375 0.03671875 0.07109375
1 0.65390625 0.271875 0.03046875 0.0578125
1 0.7078125 0.228125 0.02421875 0.0421875
1 0.7140625 0.18515625 0.02109375 0.04453125
1 0.7125 0.28359375 0.03203125 0.0609375
1 0.74921875 0.2375 0.02890625 0.0546875
1 0.74453125 0.1921875 0.02109375 0.040625
1 0.73515625 0.15078125 0.01484375 0.03046875
1 0.74921875 0.15078125 0.01953125 0.040625
1 0.76640625 0.17421875 0.01875 0.0390625
1 0.78984375 0.18046875 0.0203125 0.0421875
1 0.7796875 0.1484375 0.01875 0.03203125
1 0.77265625 0.11640625 0.01328125 0.03203125
1 0.7953125 0.14140625 0.0171875 0.02890625
1 0.80234375 0.1265625 0.01640625 0.0359375
1 0.8375 0.1359375 0.01640625 0.04765625
1 0.81015625 0.17109375 0.01875 0.0375
1 0.8296875 0.17265625 0.0125 0.03203125
1 0.85390625 0.17734375 0.01953125 0.0359375
1 0.84609375 0.2046875 0.01640625 0.0359375
1 0.82734375 0.22421875 0.0265625 0.0609375
1 0.78359375 0.28125 0.02890625 0.059375
1 0.78984375 0.3390625 0.040625 0.06953125
1 0.86015625 0.284375 0.02890625 0.06640625
1 0.87265625 0.2359375 0.025 0.05078125
1 0.884375 0.21015625 0.0171875 0.04765625
1 0.89140625 0.184375 0.01953125 0.0390625
1 0.88125 0.1453125 0.0171875 0.0390625
1 0.9203125 0.2671875 0.0234375 0.05625