1 0.02578125 0.23359375 0.0484375 0.08984375
1 0.09296875 0.2515625 0.0640625 0.1015625
1 0.23046875 0.41640625 0.0453125 0.06875
1 0.27890625 0.42421875 0.0515625 0.07578125
1 0.23828125 0.375 0.0296875 0.0421875
1 0.21484375 0.36875 0.0234375 0.04453125
1 0.3234375 0.34921875 0.03125 0.0515625
1 0.38046875 0.34453125 0.0359375 0.06640625
1 0.35859375 0.45625 0.0578125 0.0921875
1 0.40859375 0.51875 0.0703125 0.09921875
1 0.43359375 0.39765625 0.0484375 0.0828125
1 0.43984375 0.33984375 0.0265625 0.046875
1 0.425 0.32890625 0.021875 0.04453125
1 0.47734375 0.3765625 0.0328125 0.05390625
1 0.48515625 0.32109375 0.0234375 0.046875
1 0.53359375 0.33046875 0.0234375 0.0421875
1 0.5296875 0.38828125 0.034375 0.06875
1 0.509375 0.4328125 0.046875 0.0875
1 0.56640625 0.45546875 0.0609375 0.09921875
1 0.621875 0.37734375 0.040625 0.07578125
1 0.56015625 0.35234375 0.0265625 0.05390625
1 0.60859375 0.30859375 0.0234375 0.046875
1 0.64609375 0.32421875 0.0265625 0.04921875
1 0.7078125 0.3640625 0.028125 0.05390625
1 0.73984375 0.39375 0.0421875 0.07578125
1 0.715625 0.3421875 0.025 0.0421875
1 0.709375 0.3109375 0.025 0.0375
1 0.771875 0.31953125 0.025 0.05390625
1 0.784375 0.33984375 0.028125 0.046875
1 0.78359375 0.3984375 0.0546875 0.07578125
1 0.7609375 0.6046875 0.10625 0.171875
1 0.86640625 0.57578125 0.0796875 0.10859375
1 0.93125 0.74296875 0.10625 0.2265625
1 0.9671875 0.475 0.053125 0.115625
1 0.9640625 0.328125 0.03125 0.05625
1 0.9046875 0.33125 0.034375 0.05390625
1 0.8828125 0.32421875 0.025 0.04453125
1 0.83984375 0.321875 0.0265625 0.04921875