1 0.03203125 0.646875 0.0640625 0.10625
1 0.01953125 0.59375 0.0390625 0.06875
1 0.04296875 0.5390625 0.03125 0.053125
1 0.11328125 0.6046875 0.05234375 0.078125
1 0.16875 0.6515625 0.075 0.121875
1 0.12265625 0.74375 0.1375 0.18125
1 0.27734375 0.7078125 0.1125 0.184375
1 0.2 0.5921875 0.05859375 0.096875
1 0.225 0.5609375 0.04140625 0.071875
1 0.0875 0.559375 0.0375 0.075
1 0.18828125 0.4671875 0.03125 0.046875
1 0.221875 0.4734375 0.03125 0.046875
1 0.29296875 0.4640625 0.03515625 0.046875
1 0.32421875 0.48125 0.02734375 0.05
1 0.359375 0.4875 0.02734375 0.0375
1 0.40546875 0.4765625 0.03125 0.034375
1 0.43046875 0.475 0.01875 0.03125
1 0.45625 0.4765625 0.025 0.028125
1 0.49453125 0.4875 0.03125 0.0375
1 0.51796875 0.4734375 0.02734375 0.040625
1 0.56328125 0.4921875 0.02265625 0.040625
1 0.58515625 0.4796875 0.025 0.034375
1 0.6125 0.484375 0.02109375 0.0375
1 0.628125 0.475 0.02265625 0.0375
1 0.65078125 0.484375 0.02734375 0.0375
1 0.69140625 0.475 0.025 0.04375
1 0.72109375 0.4859375 0.025 0.040625
1 0.74453125 0.4796875 0.01875 0.040625
1 0.78046875 0.4765625 0.01875 0.034375
1 0.79609375 0.4859375 0.02109375 0.040625
1 0.809375 0.478125 0.01875 0.0375
1 0.84609375 0.4859375 0.025 0.040625
1 0.87734375 0.49375 0.02890625 0.04375
1 0.90546875 0.4828125 0.02734375 0.040625
1 0.29140625 0.5609375 0.04609375 0.065625
1 0.34375 0.5625 0.04140625 0.075
1 0.37421875 0.5984375 0.04765625 0.071875
1 0.42734375 0.6375 0.07890625 0.10625
1 0.496875 0.5890625 0.04375 0.065625
1 0.51171875 0.5625 0.03984375 0.0625
1 0.54765625 0.56875 0.0375 0.05625
1 0.61015625 0.6515625 0.08359375 0.128125
1 0.59765625 0.5796875 0.0375 0.065625
1 0.65 0.6 0.04140625 0.06875
1 0.696875 0.6265625 0.04765625 0.078125
1 0.71171875 0.6984375 0.07265625 0.115625
1 0.67578125 0.7984375 0.12734375 0.171875
1 0.76875 0.803125 0.0875 0.16875
1 0.89375 0.921875 0.15390625 0.15
1 0.88046875 0.7109375 0.08125 0.134375
1 0.828125 0.6859375 0.04765625 0.090625
1 0.75859375 0.63125 0.0625 0.1
1 0.7125 0.5890625 0.0375 0.065625
1 0.86484375 0.634375 0.05390625 0.06875
1 0.878125 0.584375 0.04375 0.075
1 0.9 0.5546875 0.03359375 0.053125
1 0.92578125 0.596875 0.04375 0.06875
1 0.97890625 0.5703125 0.0375 0.053125
1 0.98359375 0.6203125 0.02890625 0.071875