1 0.14453125 0.753125 0.20234375 0.31640625
1 0.0375 0.58046875 0.075 0.221875
1 0.07421875 0.4125 0.05625 0.09140625
1 0.04140625 0.396875 0.0375 0.0609375
1 0.234375 0.45859375 0.05625 0.0890625
1 0.18984375 0.365625 0.0375 0.053125
1 0.37578125 0.465625 0.07265625 0.1140625
1 0.265625 0.3609375 0.03515625 0.05546875
1 0.32734375 0.39453125 0.0375 0.05
1 0.39296875 0.40546875 0.04765625 0.071875
1 0.50859375 0.40546875 0.05390625 0.08359375
1 0.63203125 0.42890625 0.05234375 0.075
1 0.71171875 0.37109375 0.02734375 0.05859375
1 0.81796875 0.43203125 0.05234375 0.08046875