1 0.16171875 0.4078125 0.05703125 0.096875
1 0.20234375 0.26015625 0.02578125 0.04921875
1 0.303125 0.209375 0.0203125 0.0421875
1 0.396875 0.28125 0.02421875 0.0453125
1 0.4171875 0.21875 0.0171875 0.034375
1 0.471875 0.23203125 0.01875 0.03828125
1 0.5140625 0.14453125 0.0140625 0.03046875
1 0.5828125 0.26015625 0.021875 0.0421875
1 0.6125 0.2421875 0.0203125 0.04375
1 0.60078125 0.11875 0.01171875 0.02109375
1 0.62578125 0.1171875 0.009375 0.02109375
1 0.6546875 0.1171875 0.0078125 0.025
1 0.609375 0.1109375 0.009375 0.02109375