1 0.09375 0.57265625 0.04921875 0.10625
1 0.190625 0.303125 0.02109375 0.04609375
1 0.22109375 0.29765625 0.0234375 0.0578125
1 0.24609375 0.26328125 0.01953125 0.04453125
1 0.30234375 0.246875 0.0171875 0.0390625
1 0.303125 0.215625 0.02265625 0.04765625
1 0.328125 0.23671875 0.01796875 0.04609375
1 0.340625 0.225 0.0171875 0.04609375
1 0.36171875 0.27421875 0.01875 0.04921875
1 0.35859375 0.20546875 0.01953125 0.04453125
1 0.38203125 0.20234375 0.01875 0.04296875
1 0.3984375 0.2375 0.01796875 0.04765625
1 0.428125 0.32890625 0.021875 0.06015625
1 0.43125 0.2 0.01875 0.04140625
1 0.43671875 0.17578125 0.015625 0.04140625
1 0.4515625 0.17890625 0.0203125 0.053125
1 0.46484375 0.25546875 0.02421875 0.05625
1 0.4875 0.2078125 0.01875 0.04609375
1 0.478125 0.16640625 0.0203125 0.0390625
1 0.49296875 0.15625 0.01484375 0.04609375
1 0.51640625 0.1765625 0.021875 0.05625
1 0.54609375 0.21953125 0.01640625 0.04296875
1 0.5578125 0.17421875 0.02109375 0.04140625
1 0.546875 0.1390625 0.01796875 0.04609375
1 0.5703125 0.21796875 0.01640625 0.0390625
1 0.578125 0.18203125 0.01875 0.04609375
1 0.57421875 0.1375 0.01796875 0.04296875
1 0.59453125 0.13046875 0.015625 0.0359375
1 0.603125 0.16171875 0.01953125 0.0390625
1 0.6 0.2 0.01640625 0.04140625
1 0.61875 0.20390625 0.0171875 0.04609375
1 0.62734375 0.134375 0.01328125 0.0359375
1 0.65 0.146875 0.01328125 0.04140625
1 0.653125 0.1921875 0.01484375 0.0359375
1 0.6625 0.1515625 0.015625 0.04921875
1 0.68515625 0.165625 0.015625 0.04140625
1 0.69140625 0.1453125 0.01328125 0.03046875
1 0.7171875 0.1625 0.01484375 0.04140625
1 0.65703125 0.25859375 0.025 0.06015625
1 0.6015625 0.30078125 0.0265625 0.06484375
1 0.53828125 0.384375 0.02578125 0.06484375
1 0.58828125 0.41484375 0.03203125 0.0703125
1 0.665625 0.42109375 0.02890625 0.0734375
1 0.7078125 0.2203125 0.0140625 0.04140625
1 0.7203125 0.2859375 0.0234375 0.06015625
1 0.74140625 0.234375 0.015625 0.04453125
1 0.74765625 0.303125 0.01875 0.053125
1 0.72734375 0.42734375 0.025 0.075
1 0.76171875 0.20546875 0.015625 0.0375
1 0.77890625 0.21015625 0.01796875 0.0515625
1 0.8078125 0.19609375 0.01953125 0.04921875
1 0.81953125 0.23125 0.01875 0.0390625
1 0.828125 0.22109375 0.01484375 0.0390625
1 0.7890625 0.2703125 0.025 0.0515625
1 0.8140625 0.30703125 0.02109375 0.05625
1 0.790625 0.46953125 0.03125 0.10078125
1 0.8546875 0.49375 0.0296875 0.075
1 0.88984375 0.41015625 0.021875 0.0578125
1 0.9578125 0.48046875 0.02578125 0.071875
1 0.9640625 0.41015625 0.02265625 0.06171875
1 0.9734375 0.3765625 0.01640625 0.04921875
1 0.97578125 0.3203125 0.0203125 0.04609375
1 0.98046875 0.265625 0.01796875 0.04296875
1 0.94609375 0.24765625 0.01484375 0.04140625
1 0.93046875 0.28203125 0.0109375 0.04140625
1 0.9296875 0.3453125 0.0171875 0.0515625
1 0.865625 0.3671875 0.0234375 0.0578125
1 0.86796875 0.315625 0.01953125 0.04609375
1 0.8859375 0.28203125 0.01484375 0.04453125
1 0.90078125 0.2703125 0.0125 0.034375
1 0.90625 0.24296875 0.01484375 0.04453125
1 0.86640625 0.23984375 0.015625 0.0390625