1 0.115625 0.528125 0.04609375 0.10625
1 0.26171875 0.24765625 0.01484375 0.034375
1 0.27421875 0.25078125 0.0125 0.034375
1 0.29921875 0.2375 0.0171875 0.0421875
1 0.33515625 0.2171875 0.0171875 0.0421875
1 0.32109375 0.20625 0.0140625 0.0421875
1 0.359375 0.22109375 0.01640625 0.040625
1 0.37109375 0.26796875 0.01796875 0.04375
1 0.4421875 0.3015625 0.02265625 0.0453125
1 0.4828125 0.2359375 0.0203125 0.0453125
1 0.434375 0.19765625 0.0203125 0.034375
1 0.41796875 0.1734375 0.0140625 0.0390625
1 0.3765625 0.18984375 0.01484375 0.03125
1 0.4015625 0.24453125 0.01953125 0.034375
1 0.48203125 0.16953125 0.01484375 0.03125
1 0.46640625 0.15859375 0.0140625 0.03125
1 0.50078125 0.15078125 0.01171875 0.028125
1 0.53359375 0.15234375 0.01328125 0.0375
1 0.52890625 0.22265625 0.01484375 0.040625
1 0.584375 0.19375 0.0125 0.0296875
1 0.56171875 0.1578125 0.01484375 0.0296875
1 0.559375 0.13125 0.0140625 0.0296875
1 0.58203125 0.1328125 0.0140625 0.0359375
1 0.6 0.128125 0.01484375 0.0296875
1 0.61328125 0.1734375 0.01015625 0.0296875
1 0.621875 0.190625 0.0140625 0.0296875
1 0.62421875 0.15078125 0.01484375 0.028125
1 0.63515625 0.121875 0.0125 0.034375
1 0.65234375 0.134375 0.0140625 0.0359375
1 0.6578125 0.18515625 0.015625 0.034375
1 0.69609375 0.134375 0.01328125 0.0296875
1 0.6859375 0.15390625 0.01328125 0.040625
1 0.71875 0.14921875 0.01328125 0.03125
1 0.66015625 0.240625 0.01953125 0.0484375
1 0.61953125 0.28515625 0.02109375 0.05
1 0.56015625 0.32578125 0.02265625 0.05
1 0.60703125 0.36328125 0.02109375 0.059375
1 0.66171875 0.3875 0.02734375 0.053125
1 0.7328125 0.38046875 0.02578125 0.0671875
1 0.7109375 0.27421875 0.01953125 0.05
1 0.71484375 0.20625 0.0140625 0.0359375
1 0.74921875 0.2234375 0.01328125 0.0359375
1 0.76796875 0.2703125 0.01328125 0.0390625
1 0.79921875 0.25 0.015625 0.0328125
1 0.75859375 0.18671875 0.0140625 0.03125
1 0.7421875 0.1984375 0.0125 0.0359375
1 0.784375 0.21015625 0.01328125 0.034375
1 0.784375 0.16796875 0.0140625 0.034375
1 0.81328125 0.1890625 0.0125 0.0359375
1 0.834375 0.20625 0.01484375 0.0359375
1 0.81953125 0.28671875 0.01796875 0.0625
1 0.81640625 0.23203125 0.01328125 0.04375
1 0.790625 0.42109375 0.02578125 0.0703125
1 0.8765625 0.4765625 0.0328125 0.08125
1 0.88671875 0.4 0.01796875 0.06875
1 0.95703125 0.428125 0.02265625 0.0625
1 0.921875 0.3046875 0.01640625 0.0453125
1 0.890625 0.27578125 0.015625 0.04375
1 0.85859375 0.34140625 0.0171875 0.04375
1 0.86875 0.22890625 0.0125 0.03125
1 0.8828125 0.22265625 0.0109375 0.034375
1 0.90078125 0.2375 0.0125 0.0359375
1 0.90703125 0.21953125 0.01484375 0.034375
1 0.9390625 0.25859375 0.0109375 0.040625
1 0.9515625 0.2328125 0.0125 0.0328125
1 0.98046875 0.25078125 0.01015625 0.028125
1 0.97890625 0.2828125 0.0125 0.0296875
1 0.97578125 0.31640625 0.01328125 0.034375
1 0.98046875 0.35234375 0.0171875 0.053125
1 0.953125 0.36796875 0.01953125 0.059375