1 0.0484375 0.36875 0.025 0.046875
1 0.2625 0.24609375 0.015625 0.03671875
1 0.271875 0.26015625 0.01875 0.03515625
1 0.32421875 0.24140625 0.015625 0.03671875
1 0.34921875 0.26015625 0.021875 0.0421875
1 0.340625 0.24609375 0.01796875 0.03359375
1 0.32421875 0.209375 0.0140625 0.03046875
1 0.3421875 0.20625 0.01328125 0.03359375
1 0.35390625 0.2234375 0.01484375 0.03515625
1 0.35625 0.190625 0.01484375 0.03359375
1 0.3796875 0.18671875 0.01796875 0.03515625
1 0.3984375 0.2125 0.0171875 0.03671875
1 0.3859375 0.25546875 0.021875 0.0421875
1 0.4046875 0.25703125 0.0234375 0.0484375
1 0.41875 0.1859375 0.01484375 0.03671875
1 0.446875 0.18828125 0.015625 0.03515625
1 0.45390625 0.225 0.0171875 0.0421875
1 0.4671875 0.22890625 0.02265625 0.0453125
1 0.4828125 0.19296875 0.021875 0.03984375
1 0.47421875 0.1625 0.01796875 0.03671875
1 0.4578125 0.15 0.01484375 0.03203125
1 0.4828125 0.13125 0.0109375 0.025
1 0.4921875 0.1515625 0.01484375 0.028125
1 0.509375 0.159375 0.01484375 0.03359375
1 0.5109375 0.1875 0.01875 0.03671875
1 0.53203125 0.18515625 0.01875 0.0453125
1 0.55 0.15625 0.01484375 0.03203125
1 0.5640625 0.14609375 0.01328125 0.0265625
1 0.57734375 0.16015625 0.01796875 0.03828125
1 0.5578125 0.11796875 0.015625 0.028125
1 0.5 0.2875 0.0265625 0.05546875
1 0.55234375 0.234375 0.02265625 0.05703125
1 0.5828125 0.2828125 0.02734375 0.06015625
1 0.5984375 0.27578125 0.02421875 0.0515625
1 0.5875 0.14375 0.015625 0.03046875
1 0.60234375 0.13046875 0.01328125 0.0265625
1 0.596875 0.11796875 0.0109375 0.021875
1 0.60703125 0.11171875 0.0125 0.025
1 0.61796875 0.14140625 0.0140625 0.025
1 0.6390625 0.1359375 0.01484375 0.03046875
1 0.6421875 0.1140625 0.0140625 0.0265625
1 0.67578125 0.10859375 0.0171875 0.03046875
1 0.6796875 0.14296875 0.0140625 0.03203125
1 0.64609375 0.17734375 0.0203125 0.03359375
1 0.6484375 0.19765625 0.021875 0.03984375
1 0.61640625 0.2046875 0.01953125 0.03984375
1 0.6734375 0.24921875 0.0234375 0.046875
1 0.6296875 0.30078125 0.03359375 0.065625
1 0.715625 0.28984375 0.025 0.06328125
1 0.70625 0.22421875 0.01953125 0.05
1 0.7 0.175 0.0171875 0.03828125
1 0.7171875 0.165625 0.01796875 0.03984375
1 0.70390625 0.13984375 0.01796875 0.03828125
1 0.734375 0.1171875 0.015625 0.03359375
1 0.73046875 0.19765625 0.01953125 0.046875
1 0.75546875 0.2328125 0.02265625 0.05390625
1 0.76953125 0.2578125 0.02734375 0.05390625
1 0.765625 0.20078125 0.021875 0.046875
1 0.74296875 0.17265625 0.0171875 0.03671875
1 0.7625 0.1578125 0.01796875 0.03984375
1 0.76171875 0.12421875 0.0171875 0.0265625
1 0.7765625 0.13515625 0.0171875 0.03828125
1 0.79609375 0.1609375 0.0171875 0.04375
1 0.8328125 0.20390625 0.021875 0.05546875
1 0.8453125 0.1484375 0.015625 0.03828125
1 0.83203125 0.1515625 0.01484375 0.03515625
1 0.8828125 0.1671875 0.0171875 0.03359375
1 0.8890625 0.15078125 0.0140625 0.03046875
1 0.9 0.18515625 0.0140625 0.03203125
1 0.88828125 0.2078125 0.0171875 0.04375
1 0.8421875 0.26875 0.0234375 0.0484375
1 0.846875 0.315625 0.025 0.06875
1 0.91484375 0.2546875 0.01796875 0.05
1 0.9140625 0.215625 0.01875 0.03828125