1 0.165625 0.265625 0.025 0.0515625
1 0.271875 0.25625 0.0203125 0.0359375
1 0.28203125 0.25 0.01953125 0.03359375
1 0.31640625 0.24609375 0.021875 0.0375
1 0.3359375 0.21484375 0.01796875 0.0390625
1 0.35859375 0.26640625 0.021875 0.0421875
1 0.38046875 0.29921875 0.028125 0.04609375
1 0.3953125 0.1921875 0.0203125 0.04453125
1 0.41484375 0.21796875 0.01796875 0.0375
1 0.47890625 0.22421875 0.01875 0.04609375
1 0.465625 0.15703125 0.015625 0.03203125
1 0.4578125 0.1390625 0.01171875 0.0234375
1 0.4796875 0.128125 0.01328125 0.03046875
1 0.51640625 0.1984375 0.01953125 0.040625
1 0.5328125 0.17890625 0.01796875 0.02890625
1 0.5265625 0.14140625 0.015625 0.03515625
1 0.56015625 0.1359375 0.015625 0.03515625
1 0.5859375 0.15234375 0.01640625 0.03515625
1 0.61328125 0.14609375 0.0140625 0.03359375
1 0.61015625 0.12578125 0.01328125 0.025
1 0.58203125 0.09609375 0.0140625 0.025
1 0.49140625 0.29609375 0.0265625 0.05703125
1 0.54609375 0.296875 0.02890625 0.05859375
1 0.58515625 0.215625 0.0203125 0.04609375
1 0.5984375 0.2078125 0.021875 0.0421875
1 0.640625 0.17265625 0.02109375 0.0421875
1 0.6515625 0.2046875 0.021875 0.0515625
1 0.646875 0.2546875 0.025 0.0515625
1 0.61015625 0.2703125 0.0265625 0.05546875
1 0.63359375 0.3671875 0.03671875 0.08203125
1 0.7234375 0.25703125 0.025 0.05703125
1 0.70390625 0.20859375 0.02109375 0.04296875
1 0.678125 0.16328125 0.01640625 0.03359375
1 0.71875 0.14609375 0.0203125 0.0390625
1 0.72890625 0.18984375 0.0203125 0.0421875
1 0.746875 0.2234375 0.0203125 0.0421875
1 0.76875 0.19921875 0.0171875 0.0421875
1 0.79765625 0.22734375 0.025 0.05859375
1 0.80703125 0.27578125 0.02890625 0.053125
1 0.75703125 0.35078125 0.03203125 0.0625
1 0.8515625 0.30078125 0.02578125 0.0625
1 0.8578125 0.24921875 0.02421875 0.05703125
1 0.903125 0.26015625 0.0234375 0.05703125
1 0.87421875 0.19375 0.01875 0.0390625
1 0.8609375 0.14921875 0.01640625 0.03359375
1 0.8359375 0.1796875 0.01796875 0.0390625
1 0.81875 0.21171875 0.01796875 0.04453125
1 0.7984375 0.1734375 0.01640625 0.03203125
1 0.815625 0.1546875 0.01796875 0.0359375
1 0.79296875 0.13671875 0.01640625 0.0390625
1 0.77890625 0.15 0.0171875 0.03515625
1 0.76328125 0.1609375 0.015625 0.03515625
1 0.75546875 0.125 0.01640625 0.03203125