1 0.1078125 0.36953125 0.046875 0.08515625
1 0.3171875 0.22890625 0.01875 0.03984375
1 0.3328125 0.1921875 0.01875 0.0328125
1 0.35390625 0.19296875 0.01484375 0.03515625
1 0.41484375 0.2 0.01796875 0.03515625
1 0.4234375 0.1703125 0.01484375 0.02421875
1 0.4484375 0.20703125 0.01796875 0.03828125
1 0.47421875 0.2328125 0.021875 0.03828125
1 0.52734375 0.27578125 0.01875 0.04375
1 0.4796875 0.1796875 0.0140625 0.0328125
1 0.45546875 0.146875 0.00859375 0.02578125
1 0.46875 0.12734375 0.00859375 0.0171875
1 0.47109375 0.1484375 0.01015625 0.02265625
1 0.49375 0.1515625 0.0109375 0.02109375
1 0.528125 0.15625 0.01875 0.03125
1 0.5046875 0.1328125 0.01171875 0.01875
1 0.5359375 0.115625 0.01171875 0.01875
1 0.55234375 0.11640625 0.01015625 0.0171875
1 0.58671875 0.1109375 0.01171875 0.028125
1 0.584375 0.16875 0.01484375 0.03515625
1 0.60390625 0.1140625 0.0140625 0.0328125
1 0.63828125 0.11640625 0.0125 0.03125
1 0.665625 0.1078125 0.0140625 0.0171875
1 0.63671875 0.14921875 0.0140625 0.02109375
1 0.6296875 0.2078125 0.01640625 0.03671875
1 0.58359375 0.23125 0.01796875 0.03828125
1 0.55078125 0.18203125 0.01640625 0.03671875
1 0.584375 0.2828125 0.0203125 0.04375
1 0.6203125 0.2921875 0.01953125 0.0484375
1 0.6375 0.24609375 0.0140625 0.0328125
1 0.6765625 0.25703125 0.01875 0.03828125
1 0.67109375 0.2140625 0.0140625 0.04140625
1 0.6671875 0.17109375 0.015625 0.0296875
1 0.68828125 0.1234375 0.00859375 0.02421875
1 0.70546875 0.196875 0.0125 0.03125
1 0.7203125 0.22265625 0.0140625 0.03828125
1 0.740625 0.16640625 0.01640625 0.02578125
1 0.759375 0.1453125 0.0140625 0.02578125
1 0.7515625 0.1203125 0.0125 0.02421875
1 0.7828125 0.140625 0.0125 0.028125
1 0.7734375 0.18515625 0.01484375 0.03671875
1 0.7921875 0.20546875 0.0140625 0.03515625
1 0.84453125 0.14765625 0.0109375 0.02421875
1 0.8359375 0.1765625 0.0125 0.0296875
1 0.8328125 0.21796875 0.01640625 0.03671875
1 0.853125 0.18515625 0.0125 0.03671875
1 0.8828125 0.146875 0.0125 0.0328125
1 0.909375 0.17890625 0.0140625 0.03125
1 0.921875 0.16328125 0.01015625 0.03515625
1 0.934375 0.2328125 0.0140625 0.04140625
1 0.8828125 0.19921875 0.01484375 0.0296875
1 0.89375 0.24453125 0.0109375 0.03671875
1 0.92578125 0.24765625 0.0140625 0.03671875
1 0.9375 0.303125 0.01796875 0.04375
1 0.909375 0.315625 0.0203125 0.05703125
1 0.85703125 0.30078125 0.01796875 0.0484375
1 0.82890625 0.3703125 0.02265625 0.05546875
1 0.7265625 0.36796875 0.03046875 0.0640625
1 0.68828125 0.309375 0.0296875 0.059375
1 0.80859375 0.30625 0.01953125 0.05234375
1 0.89765625 0.428125 0.02578125 0.06953125
1 0.81171875 0.26796875 0.01640625 0.03125
1 0.70546875 0.1671875 0.01640625 0.03515625
1 0.8171875 0.1765625 0.01640625 0.04375
1 0.67890625 0.1203125 0.0125 0.03125
1 0.7 0.125 0.01171875 0.028125
1 0.665625 0.12734375 0.0125 0.02421875
1 0.5625 0.153125 0.015625 0.03828125
1 0.5359375 0.13828125 0.0140625 0.02578125
1 0.56640625 0.1375 0.0140625 0.03125
1 0.59453125 0.153125 0.01640625 0.03828125
1 0.415625 0.15859375 0.0125 0.028125
1 0.86171875 0.29140625 0.01953125 0.046875
1 0.9359375 0.20859375 0.01796875 0.04140625
1 0.94375 0.18671875 0.0125 0.0328125