1 0.8125 0.34453125 0.0265625 0.06875
1 0.834375 0.3234375 0.0234375 0.06875
1 0.8984375 0.428125 0.02734375 0.0671875
1 0.91015625 0.33671875 0.02109375 0.05859375
1 0.878125 0.2515625 0.01875 0.04375
1 0.86796875 0.13515625 0.01015625 0.02421875
1 0.8640625 0.15390625 0.0125 0.03046875
1 0.89921875 0.15703125 0.01171875 0.03359375
1 0.91328125 0.1453125 0.0109375 0.0296875
1 0.92421875 0.1578125 0.0109375 0.03203125
1 0.8890625 0.18828125 0.01484375 0.0375
1 0.90546875 0.22265625 0.01484375 0.0375
1 0.921875 0.20390625 0.01171875 0.03203125
1 0.87578125 0.21875 0.0203125 0.0421875
1 0.9390625 0.26640625 0.021875 0.04765625
1 0.85234375 0.16875 0.01171875 0.0296875
1 0.828125 0.12421875 0.0109375 0.02421875
1 0.83046875 0.140625 0.01171875 0.028125
1 0.803125 0.1265625 0.0109375 0.02421875
1 0.8140625 0.1546875 0.01328125 0.03203125
1 0.82734375 0.203125 0.01640625 0.03671875
1 0.82265625 0.240625 0.01953125 0.04375
1 0.77890625 0.14765625 0.01328125 0.03515625
1 0.80234375 0.184375 0.01796875 0.03515625
1 0.77109375 0.2140625 0.015625 0.040625
1 0.74375 0.24921875 0.01796875 0.04375
1 0.7609375 0.2921875 0.021875 0.0546875
1 0.73046875 0.13359375 0.0109375 0.0296875
1 0.74140625 0.153125 0.015625 0.03046875
1 0.75703125 0.1796875 0.01640625 0.0390625
1 0.7171875 0.21171875 0.01953125 0.04453125
1 0.6609375 0.240625 0.0203125 0.0546875
1 0.68359375 0.18515625 0.015625 0.03671875
1 0.6828125 0.2171875 0.01875 0.0390625
1 0.6921875 0.10546875 0.009375 0.01953125
1 0.64453125 0.0953125 0.00703125 0.02265625
1 0.65859375 0.10546875 0.01015625 0.02265625
1 0.66171875 0.13515625 0.0109375 0.02109375
1 0.61875 0.09921875 0.009375 0.01953125
1 0.6296875 0.13203125 0.00859375 0.01953125
1 0.63828125 0.13125 0.0125 0.0265625
1 0.61171875 0.14609375 0.01015625 0.028125
1 0.56015625 0.1203125 0.0109375 0.02265625
1 0.58125 0.11484375 0.00859375 0.01953125
1 0.5921875 0.109375 0.00859375 0.01953125
1 0.58515625 0.13828125 0.01015625 0.0296875
1 0.571875 0.18359375 0.01640625 0.03046875
1 0.5203125 0.13046875 0.00859375 0.02265625
1 0.53125 0.13671875 0.00859375 0.02421875
1 0.53203125 0.1484375 0.009375 0.025
1 0.540625 0.1640625 0.01484375 0.03046875
1 0.55625 0.14453125 0.0109375 0.028125
1 0.48359375 0.140625 0.01015625 0.02421875
1 0.46328125 0.146875 0.01015625 0.02265625
1 0.5078125 0.18671875 0.01328125 0.03671875
1 0.47890625 0.22265625 0.0171875 0.040625
1 0.43984375 0.17109375 0.01171875 0.03046875
1 0.44921875 0.19140625 0.01328125 0.0296875
1 0.45390625 0.17265625 0.009375 0.025
1 0.4234375 0.19609375 0.01328125 0.03359375
1 0.43046875 0.22109375 0.01640625 0.03203125
1 0.40703125 0.2296875 0.01484375 0.03359375
1 0.36640625 0.2171875 0.01484375 0.03046875
1 0.37734375 0.22890625 0.015625 0.0390625
1 0.36328125 0.259375 0.01640625 0.03671875
1 0.3890625 0.28125 0.01640625 0.04375
1 0.396875 0.26171875 0.015625 0.040625
1 0.3140625 0.228125 0.0125 0.0265625
1 0.28515625 0.28359375 0.0140625 0.03046875
1 0.3359375 0.25078125 0.0171875 0.0421875
1 0.5421875 0.25859375 0.02109375 0.04375
1 0.53984375 0.296875 0.0265625 0.06015625
1 0.60078125 0.3140625 0.02578125 0.05859375
1 0.60625 0.25859375 0.02109375 0.0515625
1 0.6109375 0.21015625 0.01953125 0.03359375
1 0.03125 0.40546875 0.01640625 0.05078125
1 0.94375 0.16640625 0.0125 0.03203125
1 0.7171875 0.175 0.01484375 0.028125
1 0.73359375 0.1921875 0.01484375 0.028125