1 0.0515625 0.36875 0.01875 0.04921875
1 0.2484375 0.25546875 0.01328125 0.02890625
1 0.27421875 0.2671875 0.01015625 0.021875
1 0.26484375 0.2640625 0.009375 0.025
1 0.290625 0.2640625 0.0171875 0.03515625
1 0.31796875 0.26015625 0.0171875 0.0453125
1 0.33671875 0.26640625 0.01796875 0.040625
1 0.3234375 0.21875 0.01640625 0.03203125
1 0.35078125 0.2265625 0.01484375 0.03515625
1 0.35546875 0.203125 0.0140625 0.02890625
1 0.36640625 0.1953125 0.01484375 0.03046875
1 0.3875 0.1875 0.01328125 0.03046875
1 0.40390625 0.1953125 0.01640625 0.03671875
1 0.38359375 0.228125 0.01875 0.03515625
1 0.371875 0.26796875 0.0203125 0.04375
1 0.39296875 0.2828125 0.02109375 0.0453125
1 0.4359375 0.23125 0.02109375 0.04375
1 0.475 0.23046875 0.021875 0.0453125
1 0.45234375 0.19296875 0.0171875 0.03515625
1 0.44765625 0.1609375 0.0203125 0.02890625
1 0.465625 0.1375 0.0140625 0.03203125
1 0.48515625 0.13203125 0.0125 0.025
1 0.4984375 0.165625 0.01640625 0.03671875
1 0.4875 0.1890625 0.01796875 0.03671875
1 0.528125 0.20546875 0.0203125 0.04375
1 0.53359375 0.16328125 0.0171875 0.03671875
1 0.54921875 0.1578125 0.0140625 0.03203125
1 0.565625 0.175 0.01640625 0.03671875
1 0.575 0.21640625 0.021875 0.05546875
1 0.571875 0.1171875 0.01328125 0.02890625
1 0.584375 0.13828125 0.0125 0.03046875
1 0.59296875 0.12109375 0.009375 0.03046875
1 0.6140625 0.13984375 0.01171875 0.03046875
1 0.64140625 0.13125 0.0125 0.02734375
1 0.63984375 0.1140625 0.01015625 0.01875
1 0.61796875 0.11484375 0.01171875 0.0234375
1 0.68125 0.11640625 0.01328125 0.03046875
1 0.56875 0.28515625 0.03046875 0.0640625
1 0.48359375 0.30703125 0.03125 0.0640625
1 0.6265625 0.32265625 0.0296875 0.065625
1 0.62578125 0.2375 0.025 0.0609375
1 0.6375 0.2046875 0.01875 0.0390625
1 0.6578125 0.20546875 0.02265625 0.04375
1 0.690625 0.1890625 0.0203125 0.05390625
1 0.6859375 0.15 0.01640625 0.03359375
1 0.7140625 0.15078125 0.01640625 0.0421875
1 0.721875 0.1671875 0.01484375 0.03671875
1 0.7328125 0.1828125 0.01875 0.0453125
1 0.7171875 0.2171875 0.02265625 0.05078125
1 0.7265625 0.2953125 0.03046875 0.05703125
1 0.77421875 0.29609375 0.0265625 0.05234375
1 0.76171875 0.221875 0.0234375 0.04921875
1 0.78046875 0.20234375 0.0234375 0.040625
1 0.76640625 0.1703125 0.02109375 0.03359375
1 0.75 0.1375 0.01640625 0.03515625
1 0.7359375 0.1265625 0.01171875 0.02734375
1 0.76796875 0.13359375 0.01796875 0.03671875
1 0.78984375 0.14296875 0.0171875 0.03359375
1 0.809375 0.1375 0.0140625 0.02890625
1 0.8203125 0.16171875 0.01875 0.040625
1 0.840625 0.14296875 0.01640625 0.03671875
1 0.8578125 0.1625 0.01328125 0.03515625
1 0.8484375 0.19296875 0.01875 0.0421875
1 0.83203125 0.2140625 0.021875 0.040625
1 0.846875 0.3078125 0.03203125 0.0625
1 0.85859375 0.2671875 0.021875 0.04921875
1 0.8859375 0.184375 0.01484375 0.03515625
1 0.8953125 0.1546875 0.01328125 0.02890625
1 0.89921875 0.18125 0.0140625 0.03203125
1 0.9265625 0.240625 0.01875 0.04921875
1 0.94375 0.2625 0.025 0.05546875