1 0.1703125 0.46015625 0.0453125 0.08203125
1 0.23515625 0.3375 0.01640625 0.03125
1 0.26796875 0.33984375 0.021875 0.0390625
1 0.2921875 0.3078125 0.01875 0.0359375
1 0.29921875 0.36171875 0.01875 0.04140625
1 0.34765625 0.36171875 0.02421875 0.03984375
1 0.3671875 0.32421875 0.01640625 0.0328125
1 0.365625 0.28984375 0.01875 0.0328125
1 0.40546875 0.25390625 0.01640625 0.02734375
1 0.4171875 0.2671875 0.01640625 0.02890625
1 0.43515625 0.25625 0.0140625 0.021875
1 0.44609375 0.2625 0.01171875 0.02734375
1 0.41796875 0.296875 0.01484375 0.02734375
1 0.39375 0.33515625 0.01796875 0.0328125
1 0.4171875 0.32890625 0.02109375 0.034375
1 0.446875 0.30234375 0.01875 0.03046875
1 0.453125 0.33359375 0.02265625 0.0375
1 0.4828125 0.29921875 0.0171875 0.02890625
1 0.48125 0.259375 0.01640625 0.02734375
1 0.4734375 0.23984375 0.01328125 0.02265625
1 0.48125 0.2359375 0.01640625 0.02265625
1 0.50703125 0.26171875 0.0171875 0.02890625
1 0.51875 0.2546875 0.01484375 0.02578125
1 0.53125 0.2359375 0.0171875 0.02578125
1 0.55 0.2515625 0.0171875 0.034375
1 0.52890625 0.27265625 0.01484375 0.02890625
1 0.51484375 0.309375 0.0203125 0.0328125
1 0.5796875 0.21328125 0.01171875 0.021875
1 0.5828125 0.2328125 0.0125 0.02265625
1 0.5890625 0.271875 0.01640625 0.03125
1 0.6203125 0.22109375 0.0109375 0.02578125
1 0.628125 0.2 0.01015625 0.02265625
1 0.61875 0.2484375 0.0125 0.02578125
1 0.64296875 0.215625 0.009375 0.02265625
1 0.65 0.240625 0.0109375 0.021875
1 0.68671875 0.209375 0.01171875 0.021875
1 0.69140625 0.22734375 0.0109375 0.021875
1 0.703125 0.21875 0.0140625 0.02578125
1 0.6859375 0.2734375 0.01484375 0.02734375
1 0.721875 0.24921875 0.01640625 0.0328125
1 0.75234375 0.24453125 0.01171875 0.03125
1 0.76171875 0.2203125 0.01328125 0.02734375
1 0.78359375 0.24765625 0.01171875 0.021875
1 0.80078125 0.23125 0.0125 0.02890625
1 0.80234375 0.2625 0.01328125 0.0390625
1 0.83046875 0.24375 0.0125 0.03046875
1 0.8625 0.25390625 0.01328125 0.02421875
1 0.88203125 0.2625 0.0109375 0.03046875
1 0.89375 0.25390625 0.0140625 0.02734375
1 0.9203125 0.28203125 0.0171875 0.0359375
1 0.9609375 0.2796875 0.0140625 0.03046875
1 0.95703125 0.30859375 0.0171875 0.034375
1 0.9515625 0.34921875 0.01640625 0.034375
1 0.940625 0.390625 0.02109375 0.04609375
1 0.9328125 0.4625 0.02890625 0.04921875
1 0.8640625 0.4328125 0.02421875 0.05625
1 0.87734375 0.4046875 0.025 0.04140625
1 0.88828125 0.3390625 0.01875 0.03984375
1 0.9109375 0.31640625 0.0171875 0.03125
1 0.87265625 0.30078125 0.01875 0.0328125
1 0.83203125 0.30234375 0.01796875 0.04140625
1 0.61640625 0.32421875 0.02109375 0.0328125
1 0.6640625 0.34765625 0.01953125 0.0375
1 0.64921875 0.3046875 0.01953125 0.034375
1 0.696875 0.3234375 0.02265625 0.0375
1 0.71015625 0.34765625 0.021875 0.04296875
1 0.83046875 0.36015625 0.02109375 0.04453125
1 0.81171875 0.4046875 0.0296875 0.05
1 0.759375 0.403125 0.0296875 0.06171875
1 0.6828125 0.3703125 0.02421875 0.04453125
1 0.6265625 0.42265625 0.03359375 0.0546875
1 0.66796875 0.45859375 0.0359375 0.06640625
1 0.72578125 0.50625 0.03984375 0.07578125
1 0.82734375 0.48671875 0.03515625 0.0515625
1 0.59609375 0.41875 0.02890625 0.0390625
1 0.56015625 0.3984375 0.028125 0.04140625
1 0.51796875 0.3796875 0.03125 0.05625
1 0.7390625 0.2796875 0.01484375 0.03046875
1 0.76640625 0.26484375 0.0171875 0.02734375
1 0.78359375 0.278125 0.0171875 0.02734375