1 0.03203125 0.1640625 0.06328125 0.1390625
1 0.12578125 0.3734375 0.1046875 0.19921875
1 0.17421875 0.22421875 0.0453125 0.06484375
1 0.2203125 0.19375 0.03359375 0.06484375
1 0.44140625 0.1171875 0.06015625 0.134375
1 0.49609375 0.371875 0.09140625 0.16640625
1 0.41796875 0.53125 0.13671875 0.18125
1 0.4 0.184375 0.0703125 0.1140625
1 0.54609375 0.14765625 0.08203125 0.11171875
1 0.64140625 0.19765625 0.06328125 0.10703125
1 0.66484375 0.1578125 0.05 0.0921875
1 0.74140625 0.16171875 0.053125 0.109375
1 0.84140625 0.1390625 0.2046875 0.278125
1 0.95078125 0.103125 0.06796875 0.1265625