1 0.1390625 0.56171875 0.04609375 0.08671875
1 0.23515625 0.3390625 0.0171875 0.0328125
1 0.26484375 0.3453125 0.021875 0.04140625
1 0.2890625 0.371875 0.02265625 0.04609375
1 0.29375 0.30703125 0.01953125 0.0375
1 0.33671875 0.37109375 0.02421875 0.04765625
1 0.3578125 0.32578125 0.01875 0.0375
1 0.36171875 0.29375 0.01640625 0.03203125
1 0.39375 0.3375 0.02265625 0.04296875
1 0.41796875 0.334375 0.02265625 0.040625
1 0.4140625 0.29765625 0.01875 0.0328125
1 0.40625 0.2625 0.015625 0.0375
1 0.44296875 0.30625 0.01640625 0.0359375
1 0.45546875 0.3359375 0.01640625 0.040625
1 0.47890625 0.3078125 0.021875 0.04140625
1 0.440625 0.27421875 0.015625 0.03046875
1 0.43125 0.2609375 0.0171875 0.0375
1 0.46796875 0.25078125 0.0171875 0.03203125
1 0.4765625 0.23671875 0.0140625 0.02421875
1 0.48125 0.265625 0.01484375 0.03046875
1 0.49921875 0.26328125 0.01484375 0.03046875
1 0.515625 0.26015625 0.015625 0.0328125
1 0.5296875 0.27578125 0.01875 0.0328125
1 0.5296875 0.24453125 0.01328125 0.03046875
1 0.55 0.24921875 0.01484375 0.034375
1 0.5640625 0.28671875 0.0171875 0.034375
1 0.584375 0.26015625 0.01484375 0.0328125
1 0.57734375 0.22109375 0.0125 0.021875
1 0.59375 0.2390625 0.0125 0.0234375
1 0.6078125 0.25 0.01640625 0.0328125
1 0.61328125 0.2203125 0.01328125 0.02578125
1 0.621875 0.203125 0.01171875 0.0234375
1 0.6328125 0.2171875 0.0125 0.02421875
1 0.64921875 0.225 0.01328125 0.0234375
1 0.653125 0.2484375 0.01484375 0.03046875
1 0.6859375 0.23203125 0.0140625 0.02890625
1 0.696875 0.225 0.015625 0.03203125
1 0.67734375 0.2078125 0.0140625 0.02890625
1 0.49765625 0.38515625 0.03125 0.059375
1 0.51328125 0.325 0.02578125 0.04140625
1 0.540625 0.3578125 0.02890625 0.059375
1 0.55859375 0.4078125 0.03203125 0.0546875
1 0.6 0.37890625 0.02890625 0.06328125
1 0.6109375 0.33125 0.0265625 0.04921875
1 0.65 0.303125 0.0203125 0.0390625
1 0.6578125 0.34296875 0.02734375 0.04609375
1 0.64453125 0.46875 0.0375 0.0734375
1 0.59921875 0.453125 0.03203125 0.0765625
1 0.71328125 0.5515625 0.04609375 0.075
1 0.675 0.38359375 0.028125 0.06015625
1 0.70234375 0.36953125 0.0234375 0.053125
1 0.73984375 0.40859375 0.03515625 0.05625
1 0.70546875 0.30078125 0.02109375 0.040625
1 0.67734375 0.2765625 0.01953125 0.0375
1 0.71796875 0.253125 0.015625 0.0359375
1 0.71796875 0.29921875 0.0171875 0.0390625
1 0.74140625 0.25703125 0.01484375 0.0390625
1 0.7484375 0.2390625 0.01171875 0.02890625
1 0.76015625 0.23125 0.0140625 0.0328125
1 0.78359375 0.27421875 0.01875 0.0328125
1 0.79453125 0.240625 0.01875 0.034375
1 0.8234375 0.24609375 0.0140625 0.03203125
1 0.82734375 0.27265625 0.0125 0.02890625
1 0.82578125 0.3078125 0.01953125 0.0390625
1 0.82109375 0.3578125 0.025 0.053125
1 0.80078125 0.4296875 0.03125 0.06328125
1 0.8453125 0.5125 0.0375 0.07890625
1 0.859375 0.45390625 0.034375 0.075
1 0.940625 0.47421875 0.0390625 0.075
1 0.928125 0.39765625 0.02265625 0.04921875
1 0.8734375 0.37734375 0.02421875 0.0578125
1 0.8828125 0.3421875 0.0203125 0.053125
1 0.859375 0.31328125 0.02265625 0.04765625
1 0.86171875 0.2734375 0.01328125 0.0328125
1 0.8578125 0.2546875 0.01484375 0.02890625
1 0.8890625 0.25703125 0.015625 0.0328125
1 0.8703125 0.27421875 0.01328125 0.0359375
1 0.9078125 0.275 0.01484375 0.034375
1 0.903125 0.3203125 0.0203125 0.04453125
1 0.92421875 0.3046875 0.01640625 0.0328125
1 0.94453125 0.35625 0.01875 0.04140625
1 0.94765625 0.30859375 0.01640625 0.03203125
1 0.95546875 0.27578125 0.015625 0.0328125