1 0.06328125 0.4140625 0.04140625 0.09140625
1 0.0984375 0.403125 0.04375 0.08984375
1 0.19453125 0.26796875 0.02421875 0.046875
1 0.3171875 0.20546875 0.02421875 0.0453125
1 0.35234375 0.228125 0.021875 0.046875
1 0.37578125 0.215625 0.028125 0.05859375
1 0.39296875 0.1921875 0.01640625 0.03515625
1 0.51640625 0.0703125 0.0140625 0.03359375
1 0.55625 0.06328125 0.01328125 0.0296875
1 0.55390625 0.20859375 0.0296875 0.06015625
1 0.6125 0.284375 0.028125 0.06484375
1 0.57734375 0.14296875 0.02421875 0.053125
1 0.61171875 0.178125 0.02890625 0.05703125
1 0.61640625 0.12578125 0.0234375 0.0484375
1 0.65 0.13515625 0.02578125 0.06015625
1 0.6453125 0.19140625 0.0265625 0.06328125
1 0.696875 0.18515625 0.02421875 0.03671875