1 0.22421875 0.37265625 0.04296875 0.08828125
1 0.3234375 0.21015625 0.02109375 0.03203125
1 0.35234375 0.1953125 0.01484375 0.0359375
1 0.37578125 0.1875 0.0171875 0.034375
1 0.4125 0.17265625 0.01171875 0.02890625
1 0.42734375 0.17109375 0.01328125 0.0375
1 0.440625 0.15703125 0.01328125 0.03046875
1 0.4609375 0.16796875 0.01640625 0.0234375
1 0.475 0.1578125 0.0140625 0.03203125
1 0.47265625 0.20546875 0.01875 0.034375
1 0.5078125 0.184375 0.01875 0.03046875
1 0.49609375 0.1375 0.01171875 0.0234375
1 0.52890625 0.1265625 0.01328125 0.03046875
1 0.52734375 0.1625 0.01796875 0.0265625
1 0.5375 0.21640625 0.0171875 0.034375
1 0.6015625 0.2390625 0.02421875 0.04296875
1 0.63203125 0.21328125 0.01484375 0.0359375
1 0.6703125 0.2265625 0.02109375 0.0359375
1 0.73125 0.23046875 0.02109375 0.034375
1 0.88046875 0.2765625 0.0265625 0.046875
1 0.88359375 0.2328125 0.01484375 0.04140625
1 0.9328125 0.2578125 0.021875 0.034375
1 0.9421875 0.22734375 0.0171875 0.0375
1 0.95 0.17578125 0.01875 0.0359375
1 0.915625 0.17265625 0.01640625 0.03203125
1 0.88828125 0.15625 0.0140625 0.03203125
1 0.859375 0.1484375 0.01171875 0.0234375
1 0.86328125 0.196875 0.0171875 0.04453125
1 0.828125 0.1390625 0.0171875 0.034375
1 0.7984375 0.1359375 0.0140625 0.0265625
1 0.8125 0.16328125 0.0140625 0.03203125
1 0.83046875 0.1859375 0.0171875 0.034375
1 0.803125 0.2046875 0.01484375 0.0359375
1 0.78046875 0.1515625 0.0140625 0.03046875
1 0.7671875 0.140625 0.01484375 0.03046875
1 0.75 0.15 0.01484375 0.0375
1 0.74140625 0.18046875 0.01796875 0.03046875
1 0.70859375 0.12109375 0.01484375 0.01953125
1 0.72421875 0.1453125 0.01484375 0.02890625
1 0.54609375 0.1890625 0.01640625 0.0265625
1 0.58125 0.1859375 0.01484375 0.0265625
1 0.609375 0.1671875 0.01171875 0.02890625
1 0.596875 0.13671875 0.0140625 0.025
1 0.625 0.10859375 0.0109375 0.0234375
1 0.62890625 0.13203125 0.01484375 0.0234375
1 0.6609375 0.1890625 0.01796875 0.0265625
1 0.721875 0.184375 0.0140625 0.03046875
1 0.70703125 0.17265625 0.01640625 0.0359375
1 0.678125 0.1078125 0.01015625 0.025
1 0.66796875 0.14375 0.01640625 0.03203125
1 0.5828125 0.12265625 0.0171875 0.0265625
1 0.428125 0.15 0.01328125 0.03046875
1 0.4703125 0.13671875 0.0140625 0.025
1 0.50078125 0.16171875 0.01328125 0.02890625
1 0.57734375 0.14921875 0.0140625 0.02890625
1 0.5953125 0.16328125 0.0140625 0.03203125
1 0.54140625 0.14921875 0.01640625 0.02890625
1 0.79375 0.18671875 0.01484375 0.0359375
1 0.81484375 0.203125 0.0140625 0.0359375
1 0.78828125 0.17421875 0.01328125 0.02890625
1 0.90078125 0.20703125 0.01484375 0.0375