1 0.2046875 0.34453125 0.0484375 0.08828125
1 0.303125 0.2390625 0.0171875 0.040625
1 0.31875 0.26328125 0.01875 0.04765625
1 0.3375 0.2671875 0.0234375 0.0421875
1 0.334375 0.2125 0.0140625 0.034375
1 0.35234375 0.21796875 0.01875 0.034375
1 0.3609375 0.23515625 0.0171875 0.0296875
1 0.38671875 0.22265625 0.0234375 0.0375
1 0.39375 0.19609375 0.0234375 0.0328125
1 0.43046875 0.21640625 0.01953125 0.034375
1 0.4375 0.2765625 0.02734375 0.04765625
1 0.4328125 0.17421875 0.01796875 0.0328125
1 0.45234375 0.184375 0.02109375 0.0390625
1 0.46328125 0.21015625 0.01796875 0.0421875
1 0.47265625 0.1875 0.01640625 0.0359375
1 0.45859375 0.16640625 0.01640625 0.0296875
1 0.46171875 0.14609375 0.01484375 0.02421875
1 0.48046875 0.14453125 0.0140625 0.02421875
1 0.4875 0.16484375 0.0171875 0.0296875
1 0.509375 0.18515625 0.01796875 0.034375
1 0.5265625 0.20234375 0.0234375 0.0453125
1 0.49375 0.12734375 0.01640625 0.0296875
1 0.540625 0.1359375 0.01953125 0.040625
1 0.5515625 0.15390625 0.0171875 0.0375
1 0.56171875 0.13984375 0.01328125 0.02734375
1 0.58046875 0.16328125 0.02109375 0.0390625
1 0.5671875 0.1140625 0.01640625 0.02578125
1 0.58984375 0.12734375 0.0140625 0.02578125
1 0.60234375 0.09765625 0.01640625 0.0296875
1 0.62421875 0.11015625 0.01328125 0.03125
1 0.6265625 0.14609375 0.01796875 0.034375
1 0.65703125 0.109375 0.01328125 0.0296875
1 0.67734375 0.11484375 0.01796875 0.03125
1 0.70078125 0.0984375 0.0140625 0.034375
1 0.51484375 0.30625 0.03125 0.05703125
1 0.553125 0.29296875 0.02890625 0.06015625
1 0.57890625 0.23515625 0.02734375 0.04921875
1 0.621875 0.23984375 0.021875 0.04921875
1 0.6203125 0.2078125 0.0265625 0.040625
1 0.66796875 0.24375 0.02578125 0.05078125
1 0.62265625 0.33125 0.0359375 0.065625
1 0.68203125 0.33046875 0.0328125 0.0703125
1 0.7296875 0.26640625 0.028125 0.04765625
1 0.7796875 0.2796875 0.02734375 0.05703125
1 0.715625 0.21640625 0.02265625 0.040625
1 0.678125 0.196875 0.021875 0.040625
1 0.69296875 0.15625 0.01875 0.0390625
1 0.71171875 0.17109375 0.02109375 0.0421875
1 0.7375 0.16796875 0.01640625 0.0328125
1 0.75 0.19609375 0.02109375 0.0453125
1 0.76953125 0.1765625 0.01953125 0.0359375
1 0.73125 0.13203125 0.01640625 0.0328125
1 0.7453125 0.1140625 0.01484375 0.0359375
1 0.75859375 0.13359375 0.01484375 0.0359375
1 0.7625 0.10703125 0.01484375 0.03125
1 0.7796875 0.1296875 0.021875 0.0375
1 0.81328125 0.171875 0.01796875 0.04375
1 0.81640625 0.13203125 0.01015625 0.02578125
1 0.82578125 0.12578125 0.01640625 0.02578125
1 0.84140625 0.13515625 0.0140625 0.0359375
1 0.8359375 0.16015625 0.01484375 0.0359375
1 0.85703125 0.1859375 0.02109375 0.0453125
1 0.87109375 0.1578125 0.01796875 0.04375
1 0.88046875 0.1453125 0.01875 0.0390625
1 0.9125 0.1296875 0.01640625 0.03125
1 0.91015625 0.1625 0.01875 0.040625
1 0.88203125 0.22421875 0.02109375 0.04375
1 0.9140625 0.21953125 0.01796875 0.04375
1 0.9328125 0.27109375 0.02421875 0.05546875
1 0.93046875 0.1984375 0.01875 0.04765625
1 0.94296875 0.1515625 0.01640625 0.0359375