1 0.18125 0.46015625 0.04921875 0.08671875
1 0.2609375 0.26015625 0.0140625 0.025
1 0.2734375 0.2640625 0.01328125 0.0296875
1 0.325 0.24296875 0.01640625 0.03515625
1 0.33828125 0.24765625 0.0140625 0.0265625
1 0.3546875 0.25546875 0.0171875 0.0296875
1 0.36640625 0.28828125 0.01796875 0.03828125
1 0.39765625 0.290625 0.01796875 0.04296875
1 0.33125 0.209375 0.0125 0.0234375
1 0.3453125 0.209375 0.01328125 0.0296875
1 0.359375 0.22421875 0.01484375 0.0265625
1 0.403125 0.215625 0.0171875 0.03359375
1 0.3859375 0.18984375 0.0125 0.025
1 0.3671875 0.18828125 0.0125 0.028125
1 0.4171875 0.18828125 0.01328125 0.028125
1 0.4515625 0.1875 0.0140625 0.0265625
1 0.47421875 0.22734375 0.01875 0.03984375
1 0.45703125 0.21796875 0.01640625 0.0296875
1 0.46484375 0.14765625 0.0125 0.0203125
1 0.490625 0.128125 0.009375 0.0234375
1 0.48203125 0.1703125 0.0171875 0.025
1 0.51640625 0.1796875 0.0140625 0.0296875
1 0.534375 0.2046875 0.01796875 0.03984375
1 0.52265625 0.1578125 0.0109375 0.0234375
1 0.55703125 0.16171875 0.0125 0.025
1 0.57265625 0.14375 0.0109375 0.01796875
1 0.5875 0.16171875 0.01484375 0.028125
1 0.615625 0.14609375 0.0140625 0.0265625
1 0.60390625 0.1359375 0.01015625 0.0265625
1 0.5734375 0.11484375 0.01328125 0.0234375
1 0.61640625 0.11328125 0.01015625 0.0203125
1 0.60390625 0.11484375 0.0109375 0.01640625
1 0.6453125 0.1359375 0.0109375 0.0265625
1 0.6546875 0.11640625 0.0109375 0.0234375
1 0.68515625 0.121875 0.01484375 0.03125
1 0.51171875 0.2984375 0.0234375 0.04453125
1 0.55625 0.29453125 0.02421875 0.0484375
1 0.5578125 0.246875 0.021875 0.04140625
1 0.6125 0.346875 0.03046875 0.05
1 0.63125 0.24296875 0.01875 0.04140625
1 0.68515625 0.25234375 0.021875 0.04296875
1 0.7265625 0.29296875 0.02109375 0.04140625
1 0.77421875 0.275 0.02109375 0.0484375
1 0.85859375 0.303125 0.01875 0.0484375
1 0.66171875 0.19609375 0.01640625 0.0296875
1 0.66640625 0.17578125 0.0140625 0.0234375
1 0.6984375 0.14375 0.0109375 0.021875
1 0.7171875 0.1484375 0.01015625 0.021875
1 0.725 0.16953125 0.01640625 0.03359375
1 0.70546875 0.19375 0.0171875 0.028125
1 0.7203125 0.21875 0.01796875 0.03515625
1 0.73984375 0.1984375 0.01484375 0.03515625
1 0.76875 0.2265625 0.0171875 0.03515625
1 0.778125 0.20234375 0.0140625 0.03984375
1 0.778125 0.159375 0.0125 0.0265625
1 0.76015625 0.1375 0.01640625 0.03359375
1 0.73359375 0.11484375 0.0125 0.0234375
1 0.7734375 0.11640625 0.0140625 0.0265625
1 0.7890625 0.13359375 0.0109375 0.025
1 0.80625 0.16796875 0.01328125 0.0296875
1 0.8453125 0.20703125 0.01328125 0.03828125
1 0.846875 0.15 0.0125 0.025
1 0.86484375 0.14921875 0.01328125 0.03671875
1 0.89453125 0.16953125 0.0140625 0.03671875
1 0.9265625 0.25234375 0.01640625 0.046875
1 0.91328125 0.21875 0.01484375 0.03125
1 0.9328125 0.2234375 0.01796875 0.03515625
1 0.853125 0.1953125 0.021875 0.03828125
1 0.85390625 0.265625 0.02265625 0.046875
1 0.90078125 0.15390625 0.01484375 0.03125
1 0.62890625 0.20234375 0.02109375 0.04296875