1 0.13203125 0.50859375 0.0484375 0.08515625
1 0.225 0.33046875 0.02109375 0.0375
1 0.25546875 0.33359375 0.021875 0.040625
1 0.28203125 0.353125 0.021875 0.0375
1 0.28359375 0.29921875 0.01953125 0.03671875
1 0.3296875 0.3625 0.02265625 0.05
1 0.35 0.31796875 0.01875 0.03203125
1 0.353125 0.28359375 0.01953125 0.03515625
1 0.38828125 0.3234375 0.01953125 0.03671875
1 0.409375 0.32109375 0.02421875 0.0375
1 0.4078125 0.290625 0.01875 0.03046875
1 0.396875 0.2515625 0.01796875 0.03046875
1 0.4265625 0.25078125 0.01640625 0.0265625
1 0.4453125 0.25390625 0.01484375 0.0265625
1 0.43515625 0.2984375 0.0203125 0.0375
1 0.45859375 0.3296875 0.021875 0.04296875
1 0.47578125 0.30078125 0.01953125 0.03671875
1 0.46171875 0.23828125 0.01640625 0.03515625
1 0.475 0.253125 0.01328125 0.03046875
1 0.47265625 0.221875 0.01484375 0.0265625
1 0.49765625 0.25390625 0.01328125 0.0265625
1 0.51015625 0.25 0.01171875 0.025
1 0.5203125 0.234375 0.01484375 0.0265625
1 0.525 0.26953125 0.0171875 0.03515625
1 0.54609375 0.2484375 0.0171875 0.03515625
1 0.56328125 0.26640625 0.01796875 0.040625
1 0.50703125 0.31171875 0.02109375 0.04453125
1 0.58203125 0.2484375 0.01328125 0.03203125
1 0.57265625 0.2125 0.0125 0.028125
1 0.59296875 0.225 0.01328125 0.025
1 0.609375 0.2375 0.015625 0.03671875
1 0.61328125 0.21171875 0.0109375 0.0234375
1 0.6171875 0.196875 0.01171875 0.028125
1 0.64296875 0.240625 0.015625 0.03359375
1 0.6421875 0.2109375 0.015625 0.028125
1 0.6765625 0.20078125 0.015625 0.0265625
1 0.68515625 0.22109375 0.0109375 0.028125
1 0.6984375 0.2140625 0.0171875 0.03671875
1 0.67890625 0.26875 0.0203125 0.0421875
1 0.6390625 0.29296875 0.02109375 0.040625
1 0.6046875 0.31953125 0.02265625 0.04296875
1 0.6015625 0.35859375 0.028125 0.0546875
1 0.553125 0.3953125 0.03046875 0.0515625
1 0.54296875 0.353125 0.0265625 0.0515625
1 0.50859375 0.36640625 0.040625 0.053125
1 0.61953125 0.4171875 0.03203125 0.06328125
1 0.64921875 0.45234375 0.03828125 0.06328125
1 0.6734375 0.37109375 0.03046875 0.06328125
1 0.65546875 0.32734375 0.025 0.04453125
1 0.696875 0.28125 0.01796875 0.0390625
1 0.721875 0.29296875 0.01953125 0.04296875
1 0.71640625 0.2421875 0.015625 0.03046875
1 0.753125 0.2453125 0.015625 0.03203125
1 0.746875 0.2328125 0.01328125 0.0265625
1 0.7609375 0.22265625 0.01484375 0.03359375
1 0.703125 0.3453125 0.02734375 0.053125
1 0.73828125 0.39140625 0.02890625 0.053125
1 0.70859375 0.5265625 0.04375 0.07421875
1 0.7984375 0.41015625 0.03203125 0.05703125
1 0.828125 0.35 0.02265625 0.05
1 0.8296875 0.28828125 0.01796875 0.03046875
1 0.77890625 0.275 0.01640625 0.04296875
1 0.7921875 0.25859375 0.0171875 0.03046875
1 0.796875 0.23046875 0.01640625 0.03359375
1 0.825 0.23671875 0.015625 0.03203125
1 0.8328125 0.259375 0.01796875 0.03203125
1 0.859375 0.25078125 0.01484375 0.0296875
1 0.8671875 0.26328125 0.01484375 0.03203125
1 0.86171875 0.3078125 0.01875 0.04765625
1 0.87734375 0.36640625 0.021875 0.053125
1 0.865625 0.4328125 0.03046875 0.06328125
1 0.84765625 0.50078125 0.0390625 0.0671875
1 0.94140625 0.45390625 0.03359375 0.06015625
1 0.93515625 0.38125 0.02734375 0.0515625
1 0.95 0.3515625 0.02421875 0.04609375
1 0.92734375 0.32109375 0.01875 0.04609375
1 0.88515625 0.3265625 0.0203125 0.0375
1 0.89140625 0.246875 0.0171875 0.03203125
1 0.91328125 0.2703125 0.01953125 0.0421875
1 0.9515625 0.29765625 0.01796875 0.03359375
1 0.95390625 0.2625 0.01484375 0.03203125
1 0.9328125 0.29765625 0.015625 0.03046875