1 0.690625 0.30234375 0.03828125 0.0890625
1 0.3875 0.18125 0.0171875 0.03125
1 0.42265625 0.171875 0.0171875 0.03515625
1 0.4390625 0.16796875 0.0140625 0.03125
1 0.43203125 0.15 0.0140625 0.02578125
1 0.45078125 0.14453125 0.01328125 0.02578125
1 0.46484375 0.13828125 0.0109375 0.03125
1 0.48046875 0.14765625 0.0140625 0.03125
1 0.45546875 0.171875 0.0171875 0.03125
1 0.4828125 0.18125 0.01875 0.0390625
1 0.50859375 0.18125 0.01953125 0.0390625
1 0.50078125 0.128125 0.01640625 0.0296875
1 0.4875 0.14296875 0.0125 0.02578125
1 0.525 0.128125 0.0125 0.03359375
1 0.54609375 0.1390625 0.01015625 0.02578125
1 0.559375 0.1125 0.01015625 0.028125
1 0.5765625 0.13828125 0.01328125 0.03125
1 0.6015625 0.1171875 0.01328125 0.03359375
1 0.60078125 0.15390625 0.0140625 0.0296875
1 0.62734375 0.1328125 0.01328125 0.03125
1 0.63671875 0.11953125 0.0140625 0.03125
1 0.6703125 0.11796875 0.01328125 0.028125
1 0.70625 0.115625 0.0109375 0.02421875
1 0.7 0.16875 0.01328125 0.03671875
1 0.6578125 0.19375 0.01953125 0.0390625
1 0.62578125 0.21796875 0.021875 0.04296875
1 0.67734375 0.2125 0.02265625 0.04296875
1 0.7109375 0.19375 0.02265625 0.0390625
1 0.71171875 0.24453125 0.0203125 0.0484375
1 0.73515625 0.146875 0.01328125 0.03359375
1 0.7375 0.17421875 0.0140625 0.03671875
1 0.74921875 0.12734375 0.01328125 0.03515625
1 0.7734375 0.125 0.0125 0.03125
1 0.7765625 0.1515625 0.0140625 0.03125
1 0.77421875 0.184375 0.015625 0.0390625
1 0.79140625 0.21484375 0.0171875 0.040625
1 0.79765625 0.1625 0.0125 0.03125
1 0.8125 0.153125 0.015625 0.03515625
1 0.8265625 0.128125 0.01328125 0.0296875
1 0.83203125 0.16875 0.0125 0.03359375
1 0.9109375 0.16640625 0.01328125 0.03125
1 0.9265625 0.20703125 0.01328125 0.04296875
1 0.90546875 0.20703125 0.0140625 0.03515625
1 0.9328125 0.23359375 0.0140625 0.03671875
1 0.93515625 0.1796875 0.0140625 0.03671875
1 0.875 0.26796875 0.01953125 0.05