1 0.15546875 0.3640625 0.03515625 0.07734375
1 0.32421875 0.2296875 0.021875 0.04453125
1 0.34296875 0.19375 0.01484375 0.04296875
1 0.3546875 0.21171875 0.01796875 0.03671875
1 0.415625 0.203125 0.01953125 0.040625
1 0.425 0.17890625 0.01796875 0.040625
1 0.4515625 0.21328125 0.0203125 0.04453125
1 0.48671875 0.2265625 0.0203125 0.05078125
1 0.48203125 0.1828125 0.015625 0.03671875
1 0.44921875 0.15078125 0.015625 0.0328125
1 0.47265625 0.14609375 0.0125 0.0328125
1 0.48046875 0.13203125 0.01484375 0.028125
1 0.49765625 0.14921875 0.0171875 0.03046875
1 0.509375 0.13828125 0.0125 0.02421875
1 0.515625 0.15625 0.015625 0.028125
1 0.51875 0.11796875 0.01171875 0.02421875
1 0.5359375 0.14765625 0.015625 0.03046875
1 0.5578125 0.11953125 0.01171875 0.028125
1 0.5484375 0.1859375 0.01796875 0.046875
1 0.55390625 0.16171875 0.015625 0.03828125
1 0.56953125 0.15859375 0.01484375 0.0328125
1 0.58984375 0.1734375 0.0171875 0.03828125
1 0.58828125 0.11484375 0.0140625 0.034375
1 0.60546875 0.13828125 0.0140625 0.0328125
1 0.61015625 0.09765625 0.01171875 0.028125
1 0.6421875 0.11796875 0.0125 0.02421875
1 0.6359375 0.14296875 0.0125 0.0265625
1 0.65234375 0.14765625 0.015625 0.034375
1 0.66015625 0.12890625 0.0140625 0.03046875
1 0.665625 0.1125 0.01484375 0.03046875
1 0.65078125 0.1046875 0.01171875 0.02265625
1 0.69296875 0.12109375 0.0140625 0.0265625
1 0.709375 0.12734375 0.01171875 0.0265625
1 0.528125 0.26953125 0.025 0.05078125
1 0.59296875 0.2859375 0.0203125 0.05078125
1 0.6046875 0.3078125 0.0296875 0.0671875
1 0.65703125 0.3375 0.0296875 0.07734375
1 0.60234375 0.23359375 0.025 0.053125
1 0.63359375 0.24921875 0.02265625 0.046875
1 0.63203125 0.20390625 0.01953125 0.04296875
1 0.6703125 0.22265625 0.0203125 0.0546875
1 0.67265625 0.178125 0.01796875 0.03828125
1 0.70703125 0.178125 0.01796875 0.03828125
1 0.7234375 0.2296875 0.021875 0.04453125
1 0.69296875 0.3953125 0.0328125 0.07109375
1 0.74453125 0.16875 0.01796875 0.040625
1 0.75859375 0.128125 0.01484375 0.040625
1 0.76875 0.14453125 0.01484375 0.03671875
1 0.78515625 0.14140625 0.0171875 0.034375
1 0.78046875 0.17890625 0.0171875 0.040625
1 0.8 0.2015625 0.01953125 0.053125
1 0.80078125 0.16640625 0.0125 0.028125
1 0.8171875 0.19140625 0.015625 0.040625
1 0.8359375 0.171875 0.0140625 0.03046875
1 0.8453125 0.1578125 0.0125 0.03046875
1 0.85390625 0.1859375 0.015625 0.04296875
1 0.8453125 0.21640625 0.01796875 0.046875
1 0.81953125 0.25703125 0.021875 0.0546875
1 0.7796875 0.27578125 0.0265625 0.06328125
1 0.8171875 0.365625 0.03515625 0.06875
1 0.84453125 0.296875 0.028125 0.0609375
1 0.8765625 0.27109375 0.02421875 0.0546875
1 0.88828125 0.22421875 0.01796875 0.04296875
1 0.8703125 0.18359375 0.0140625 0.03046875
1 0.87421875 0.1625 0.0125 0.02421875
1 0.87890625 0.14921875 0.0140625 0.0265625
1 0.89921875 0.19375 0.0171875 0.03828125
1 0.92109375 0.17890625 0.0125 0.03671875
1 0.9296875 0.2765625 0.02265625 0.0484375
1 0.9140625 0.33203125 0.02421875 0.05078125
1 0.9140625 0.39609375 0.028125 0.0734375
1 0.925 0.2375 0.0171875 0.040625
1 0.9390625 0.23203125 0.0171875 0.03671875
1 0.9546875 0.18359375 0.015625 0.03828125
1 0.6859375 0.2796875 0.028125 0.05078125