1 0.3046875 0.21015625 0.028125 0.04765625
1 0.325 0.1921875 0.01640625 0.03828125
1 0.34140625 0.19453125 0.01953125 0.03125
1 0.53359375 0.15625 0.0171875 0.0421875
1 0.56484375 0.29453125 0.04296875 0.09296875
1 0.6140625 0.234375 0.021875 0.04921875
1 0.61015625 0.2078125 0.01875 0.03984375
1 0.68046875 0.17578125 0.0171875 0.0421875
1 0.66953125 0.21640625 0.021875 0.0453125
1 0.66953125 0.25390625 0.02578125 0.05859375
1 0.725 0.28203125 0.02265625 0.06015625
1 0.74921875 0.28046875 0.0296875 0.08203125
1 0.78125 0.353125 0.05078125 0.11484375
1 0.71484375 0.19375 0.01875 0.03671875
1 0.83671875 0.2671875 0.02265625 0.05625