1 0.065625 0.39296875 0.03828125 0.07109375
1 0.25546875 0.27890625 0.01640625 0.034375
1 0.2828125 0.26640625 0.01796875 0.028125
1 0.30078125 0.2640625 0.015625 0.04453125
1 0.3078125 0.234375 0.01796875 0.03125
1 0.32421875 0.24609375 0.01796875 0.03125
1 0.33984375 0.275 0.0203125 0.04296875
1 0.4 0.284375 0.0234375 0.04765625
1 0.36953125 0.2125 0.01640625 0.0296875
1 0.38046875 0.21484375 0.015625 0.03828125
1 0.3859375 0.19609375 0.01640625 0.0296875
1 0.40703125 0.1734375 0.01640625 0.03125
1 0.40546875 0.228125 0.015625 0.03125
1 0.428125 0.190625 0.01484375 0.03125
1 0.44296875 0.19453125 0.01640625 0.0296875
1 0.44140625 0.22421875 0.01640625 0.03984375
1 0.4640625 0.23046875 0.02265625 0.0359375
1 0.4625 0.19453125 0.01484375 0.0328125
1 0.48359375 0.1953125 0.01796875 0.03125
1 0.45703125 0.16796875 0.01328125 0.0265625
1 0.4625 0.15390625 0.01796875 0.03125
1 0.48359375 0.1625 0.02109375 0.03125
1 0.48515625 0.1296875 0.0109375 0.02109375
1 0.515625 0.16328125 0.015625 0.0296875
1 0.51640625 0.1359375 0.01171875 0.025
1 0.52578125 0.1390625 0.01328125 0.028125
1 0.53828125 0.15625 0.0140625 0.0328125
1 0.5328125 0.2 0.01875 0.03828125
1 0.5515625 0.13828125 0.0140625 0.0296875
1 0.56015625 0.1109375 0.01171875 0.025
1 0.57265625 0.16328125 0.01875 0.04296875
1 0.58046875 0.13203125 0.009375 0.0265625
1 0.59375 0.146875 0.01875 0.0328125
1 0.60625 0.12734375 0.01328125 0.028125
1 0.59609375 0.1 0.0140625 0.028125
1 0.621875 0.1 0.01484375 0.025
1 0.63359375 0.12265625 0.01328125 0.01796875
1 0.646875 0.09765625 0.01328125 0.028125
1 0.6671875 0.12421875 0.01328125 0.028125
1 0.68203125 0.1015625 0.0140625 0.028125
1 0.68515625 0.14296875 0.01484375 0.0328125
1 0.709375 0.14296875 0.01484375 0.0359375
1 0.7046875 0.1828125 0.01796875 0.0359375
1 0.64375 0.18515625 0.0234375 0.034375
1 0.63984375 0.23046875 0.01953125 0.04609375
1 0.6 0.20390625 0.02109375 0.0359375
1 0.5703125 0.24296875 0.02265625 0.04140625
1 0.609375 0.2515625 0.025 0.04765625
1 0.65859375 0.25625 0.02265625 0.04765625
1 0.690625 0.22421875 0.01953125 0.04296875
1 0.7171875 0.2796875 0.025 0.05234375
1 0.6671875 0.353125 0.03125 0.0640625
1 0.60703125 0.32890625 0.0265625 0.0640625
1 0.5546875 0.2890625 0.02890625 0.0546875
1 0.4828125 0.30625 0.025 0.04921875
1 0.734375 0.1234375 0.01328125 0.0296875
1 0.7484375 0.10625 0.0109375 0.028125
1 0.74140625 0.15 0.0140625 0.0265625
1 0.73671875 0.17265625 0.015625 0.0328125
1 0.73046875 0.19921875 0.01875 0.03984375
1 0.74453125 0.25234375 0.0203125 0.04921875
1 0.78203125 0.2828125 0.02890625 0.0578125
1 0.81484375 0.2546875 0.0203125 0.04765625
1 0.75546875 0.17109375 0.01484375 0.0359375
1 0.79765625 0.18671875 0.015625 0.034375
1 0.7640625 0.13203125 0.01328125 0.0265625
1 0.7734375 0.121875 0.0109375 0.0265625
1 0.7859375 0.13828125 0.0109375 0.0296875
1 0.80078125 0.1375 0.01171875 0.025
1 0.82890625 0.14296875 0.0140625 0.0328125
1 0.846875 0.14921875 0.015625 0.034375
1 0.8625 0.13046875 0.01328125 0.0265625
1 0.865625 0.1578125 0.0140625 0.0359375
1 0.89140625 0.13046875 0.01171875 0.0296875
1 0.890625 0.1625 0.01171875 0.025
1 0.9203125 0.15625 0.01015625 0.0234375
1 0.91796875 0.17578125 0.0140625 0.028125
1 0.92109375 0.20859375 0.01640625 0.03828125
1 0.88046875 0.1984375 0.01484375 0.03828125
1 0.83984375 0.184375 0.015625 0.04296875
1 0.83515625 0.1703125 0.015625 0.034375
1 0.86171875 0.22109375 0.015625 0.04609375
1 0.91484375 0.28359375 0.0234375 0.05234375