1 0.08359375 0.41328125 0.109375 0.1796875
1 0.3453125 0.53984375 0.06640625 0.11328125
1 0.36015625 0.46015625 0.0515625 0.0796875
1 0.50078125 0.48671875 0.06015625 0.0796875
1 0.48671875 0.41796875 0.03515625 0.06328125
1 0.56171875 0.41171875 0.0328125 0.06328125
1 0.6015625 0.43671875 0.0375 0.06640625
1 0.62421875 0.40859375 0.0203125 0.05
1 0.6671875 0.4234375 0.0328125 0.06015625
1 0.73046875 0.40703125 0.02265625 0.046875
1 0.978125 0.51484375 0.03515625 0.103125
1 0.9625 0.46328125 0.04140625 0.06015625
1 0.94453125 0.4296875 0.02890625 0.053125
1 0.9703125 0.41328125 0.03125 0.06015625