1 0.3125 0.22734375 0.01640625 0.03203125
1 0.328125 0.22109375 0.01796875 0.0390625
1 0.34140625 0.24140625 0.01953125 0.0421875
1 0.371875 0.23671875 0.02109375 0.040625
1 0.39140625 0.2765625 0.028125 0.059375
1 0.36015625 0.3 0.02265625 0.0453125
1 0.3515625 0.2140625 0.01875 0.0390625
1 0.36328125 0.18984375 0.02109375 0.03046875
1 0.38203125 0.19140625 0.01875 0.0375
1 0.4046875 0.19296875 0.01875 0.0375
1 0.39765625 0.2171875 0.01953125 0.0390625
1 0.4625 0.23359375 0.02421875 0.05390625
1 0.45078125 0.1765625 0.021875 0.04921875
1 0.490625 0.1921875 0.0171875 0.0390625
1 0.471875 0.19375 0.01640625 0.03515625
1 0.4890625 0.1546875 0.01796875 0.03515625
1 0.50625 0.16484375 0.0234375 0.0421875
1 0.54609375 0.16015625 0.01875 0.0453125
1 0.56015625 0.11875 0.01640625 0.0375
1 0.5859375 0.159375 0.01796875 0.0375
1 0.64140625 0.1078125 0.01328125 0.03203125
1 0.66875 0.11015625 0.0171875 0.0375
1 0.71640625 0.07578125 0.0234375 0.040625
1 0.5015625 0.29140625 0.03203125 0.0609375
1 0.57109375 0.2953125 0.03203125 0.06953125
1 0.59921875 0.25390625 0.03046875 0.0640625
1 0.62421875 0.20625 0.02421875 0.040625
1 0.65234375 0.1828125 0.0234375 0.05390625
1 0.6640625 0.1984375 0.01953125 0.0453125
1 0.6890625 0.15390625 0.01796875 0.03359375
1 0.6671875 0.26171875 0.02890625 0.06953125
1 0.6421875 0.321875 0.0328125 0.07109375
1 0.7125 0.271875 0.02578125 0.059375
1 0.70390625 0.21875 0.02109375 0.0453125
1 0.746875 0.1796875 0.02421875 0.04375
1 0.771875 0.21015625 0.02421875 0.0578125
1 0.77265625 0.159375 0.01875 0.04765625
1 0.778125 0.275 0.03046875 0.059375
1 0.8453125 0.32421875 0.02421875 0.059375
1 0.86328125 0.25390625 0.0265625 0.0578125
1 0.91640625 0.28515625 0.02734375 0.059375
1 0.9234375 0.22890625 0.02421875 0.04921875