1 0.29765625 0.16796875 0.0203125 0.03828125
1 0.3375 0.1984375 0.01640625 0.03671875
1 0.53359375 0.1828125 0.021875 0.0421875
1 0.6109375 0.2046875 0.01953125 0.0421875
1 0.6234375 0.21328125 0.0203125 0.0421875
1 0.6375 0.228125 0.03203125 0.05625
1 0.67109375 0.20703125 0.0171875 0.04375
1 0.67734375 0.17734375 0.01875 0.03828125
1 0.709375 0.190625 0.0171875 0.03984375
1 0.68046875 0.2421875 0.028125 0.05078125
1 0.71640625 0.30625 0.0296875 0.05625
1 0.815625 0.23203125 0.021875 0.04921875
1 0.84609375 0.22578125 0.02578125 0.0546875
1 0.87265625 0.2546875 0.02265625 0.0578125
1 0.890625 0.3203125 0.03359375 0.0875