1 0.20234375 0.4390625 0.040625 0.096875
1 0.25390625 0.43203125 0.04296875 0.0984375
1 0.31171875 0.275 0.01953125 0.0375
1 0.3640625 0.25703125 0.01875 0.04453125
1 0.4171875 0.22109375 0.01875 0.03125
1 0.43515625 0.2609375 0.01875 0.05234375
1 0.44921875 0.2140625 0.015625 0.0375
1 0.4453125 0.17890625 0.015625 0.0328125
1 0.471875 0.18984375 0.0140625 0.028125
1 0.4546875 0.14765625 0.0109375 0.0265625
1 0.4671875 0.14609375 0.01328125 0.0296875
1 0.52734375 0.1359375 0.01171875 0.0328125
1 0.5578125 0.13984375 0.0140625 0.0296875
1 0.57578125 0.14375 0.01640625 0.028125
1 0.53203125 0.19375 0.01875 0.0328125
1 0.47578125 0.32734375 0.028125 0.07421875
1 0.65 0.253125 0.01953125 0.04921875
1 0.71953125 0.27578125 0.025 0.059375
1 0.778125 0.28046875 0.02421875 0.05546875
1 0.8796875 0.2046875 0.015625 0.04140625
1 0.81015625 0.1171875 0.0109375 0.028125
1 0.6828125 0.14375 0.0140625 0.034375
1 0.71171875 0.1390625 0.0140625 0.028125
1 0.72421875 0.15 0.01328125 0.034375
1 0.74375 0.121875 0.01484375 0.0328125
1 0.76328125 0.1546875 0.01484375 0.0359375
1 0.79453125 0.178125 0.01640625 0.0375