1 0.21015625 0.3546875 0.0484375 0.0921875
1 0.284375 0.259375 0.021875 0.0390625
1 0.33125 0.28046875 0.0234375 0.0421875
1 0.3453125 0.25859375 0.02109375 0.040625
1 0.34921875 0.2125 0.01640625 0.0390625
1 0.37890625 0.2015625 0.01875 0.0328125
1 0.38515625 0.20390625 0.0140625 0.02421875
1 0.42734375 0.278125 0.02890625 0.046875
1 0.4390625 0.23359375 0.01796875 0.0328125
1 0.41875 0.215625 0.01796875 0.0390625
1 0.421875 0.171875 0.01640625 0.02890625
1 0.43984375 0.1984375 0.01796875 0.0359375
1 0.4640625 0.19296875 0.01875 0.0328125
1 0.44375 0.16171875 0.015625 0.03046875
1 0.46484375 0.1578125 0.015625 0.02890625
1 0.49375 0.16953125 0.01640625 0.034375
1 0.49140625 0.209375 0.01875 0.0359375
1 0.48203125 0.13203125 0.01328125 0.02109375
1 0.51484375 0.13984375 0.01796875 0.0390625
1 0.53671875 0.13203125 0.01640625 0.03046875
1 0.553125 0.12265625 0.01328125 0.02109375
1 0.56171875 0.16015625 0.01484375 0.0375
1 0.54765625 0.16015625 0.015625 0.03046875
1 0.57421875 0.16015625 0.015625 0.034375
1 0.5234375 0.2328125 0.01953125 0.040625
1 0.5859375 0.13828125 0.0109375 0.02890625
1 0.58671875 0.1078125 0.01328125 0.02421875
1 0.60859375 0.1203125 0.01328125 0.01953125
1 0.603125 0.140625 0.01328125 0.03046875
1 0.68515625 0.10625 0.015625 0.0375
1 0.47578125 0.321875 0.0296875 0.05390625
1 0.54140625 0.31484375 0.03125 0.06171875
1 0.5625 0.2375 0.0203125 0.04375
1 0.60546875 0.25390625 0.021875 0.046875
1 0.6125 0.2046875 0.02109375 0.0453125
1 0.59375 0.31640625 0.03046875 0.06171875
1 0.65546875 0.2625 0.02109375 0.046875
1 0.66484375 0.20078125 0.0234375 0.046875
1 0.67578125 0.165625 0.01953125 0.0421875
1 0.70703125 0.20234375 0.0203125 0.04375
1 0.7078125 0.28203125 0.03046875 0.05703125
1 0.70546875 0.33359375 0.03125 0.06328125
1 0.7671875 0.31953125 0.0265625 0.06171875
1 0.69765625 0.17578125 0.01796875 0.034375
1 0.70390625 0.1421875 0.01953125 0.040625
1 0.728125 0.15390625 0.01875 0.0359375
1 0.7421875 0.1859375 0.01640625 0.0375
1 0.746875 0.15078125 0.015625 0.0359375
1 0.73046875 0.1265625 0.01484375 0.0328125
1 0.74765625 0.1046875 0.01484375 0.02734375
1 0.76015625 0.1265625 0.015625 0.0328125
1 0.7859375 0.140625 0.01875 0.0375
1 0.80625 0.13046875 0.0109375 0.03046875
1 0.796875 0.18046875 0.015625 0.0421875
1 0.81171875 0.16953125 0.01640625 0.03046875
1 0.84140625 0.19296875 0.01953125 0.0421875
1 0.86796875 0.2296875 0.02109375 0.04375
1 0.8828125 0.1859375 0.01953125 0.0375
1 0.9140625 0.18671875 0.01875 0.0453125
1 0.86640625 0.13046875 0.0140625 0.02734375
1 0.965625 0.11015625 0.01640625 0.0328125