1 0.27109375 0.40703125 0.071875 0.12265625
1 0.3921875 0.53046875 0.07265625 0.13828125
1 0.309375 0.20625 0.02578125 0.04921875
1 0.40703125 0.265625 0.02734375 0.05859375
1 0.4234375 0.2109375 0.01796875 0.0359375
1 0.47421875 0.228125 0.0203125 0.03203125
1 0.49453125 0.21796875 0.0203125 0.0359375
1 0.5890625 0.25859375 0.02890625 0.04140625
1 0.621875 0.24296875 0.02734375 0.05859375
1 0.559375 0.07734375 0.015625 0.0265625
1 0.59609375 0.1140625 0.015625 0.028125
1 0.6125 0.11328125 0.01484375 0.03046875
1 0.62734375 0.11796875 0.01484375 0.028125
1 0.67421875 0.10703125 0.0171875 0.028125