1 0.18515625 0.47265625 0.05234375 0.11015625
1 0.3484375 0.259375 0.028125 0.05546875
1 0.3765625 0.26328125 0.03046875 0.0484375
1 0.42890625 0.21875 0.02421875 0.03671875
1 0.45546875 0.18671875 0.01875 0.03984375
1 0.471875 0.15625 0.01953125 0.03828125
1 0.4890625 0.14609375 0.02109375 0.04140625
1 0.53125 0.184375 0.02421875 0.03828125
1 0.43671875 0.275 0.03046875 0.0515625
1 0.496875 0.30390625 0.03125 0.0703125
1 0.58046875 0.28515625 0.03125 0.053125
1 0.71796875 0.0796875 0.0203125 0.03515625
1 0.7796875 0.10625 0.02109375 0.0515625
1 0.6796875 0.08125 0.01953125 0.03828125
1 0.9015625 0.215625 0.02109375 0.046875
1 0.659375 0.1109375 0.0171875 0.04140625
1 0.6515625 0.0828125 0.0234375 0.05546875
1 0.728125 0.14140625 0.0234375 0.04140625
1 0.5734375 0.071875 0.01640625 0.0234375
1 0.5203125 0.09609375 0.01328125 0.028125