1 0.0546875 0.440625 0.06015625 0.0859375
1 0.13515625 0.3984375 0.0328125 0.0578125
1 0.16171875 0.41640625 0.0515625 0.08984375
1 0.19609375 0.38359375 0.03984375 0.065625
1 0.24375 0.415625 0.03984375 0.06171875
1 0.2796875 0.396875 0.04140625 0.0578125
1 0.25390625 0.37421875 0.025 0.046875
1 0.334375 0.36953125 0.02890625 0.05625
1 0.40625 0.4609375 0.0625 0.0953125
1 0.4109375 0.41484375 0.04375 0.0640625
1 0.4484375 0.39375 0.04375 0.075
1 0.50546875 0.271875 0.0265625 0.0484375
1 0.52734375 0.36953125 0.03984375 0.0640625
1 0.5515625 0.4421875 0.04609375 0.0734375
1 0.575 0.39609375 0.03984375 0.0671875
1 0.61953125 0.46640625 0.0640625 0.10703125
1 0.6515625 0.384375 0.0328125 0.05234375
1 0.68515625 0.4125 0.02734375 0.0453125
1 0.71875 0.41875 0.03515625 0.05234375
1 0.73125 0.3875 0.0296875 0.04296875
1 0.7734375 0.38828125 0.0390625 0.06015625
1 0.80546875 0.4359375 0.0515625 0.06171875
1 0.8421875 0.4296875 0.0296875 0.05625
1 0.94921875 0.48984375 0.0734375 0.11640625
1 0.9328125 0.42578125 0.0640625 0.08984375