1 0.33828125 0.20703125 0.01796875 0.03359375
1 0.4734375 0.20234375 0.028125 0.06171875
1 0.5484375 0.18984375 0.01796875 0.03359375
1 0.55 0.23046875 0.028125 0.06171875
1 0.5828125 0.22265625 0.021875 0.05078125
1 0.6171875 0.19921875 0.02265625 0.0453125
1 0.63515625 0.234375 0.02265625 0.05078125
1 0.659375 0.209375 0.02109375 0.046875
1 0.69765625 0.21171875 0.01875 0.03984375
1 0.725 0.26796875 0.02265625 0.05859375
1 0.821875 0.290625 0.02578125 0.05078125
1 0.87109375 0.25859375 0.021875 0.05859375
1 0.93125 0.290625 0.028125 0.065625
1 0.9109375 0.30234375 0.02421875 0.06015625
1 0.903125 0.33359375 0.03046875 0.065625