1 0.42890625 0.20625 0.015625 0.040625
1 0.46328125 0.2046875 0.01953125 0.04375
1 0.6078125 0.11484375 0.0125 0.02578125
1 0.6234375 0.13828125 0.01171875 0.02421875
1 0.65078125 0.12734375 0.01015625 0.02109375
1 0.66328125 0.15078125 0.0125 0.01953125
1 0.7515625 0.15234375 0.01484375 0.02890625
1 0.7671875 0.153125 0.0125 0.03046875
1 0.825 0.26484375 0.01796875 0.046875
1 0.8890625 0.26015625 0.0140625 0.0359375
1 0.88984375 0.22421875 0.015625 0.03046875
1 0.86796875 0.19453125 0.01484375 0.03203125
1 0.93984375 0.19453125 0.0125 0.03203125
1 0.91796875 0.25859375 0.015625 0.0390625