1 0.20234375 0.3640625 0.04296875 0.0828125
1 0.2578125 0.28359375 0.015625 0.028125
1 0.3 0.25390625 0.01484375 0.0296875
1 0.31640625 0.24921875 0.0171875 0.0296875
1 0.31953125 0.21875 0.01328125 0.028125
1 0.34375 0.21796875 0.01875 0.0296875
1 0.3390625 0.265625 0.01328125 0.0265625
1 0.33359375 0.23828125 0.0109375 0.028125
1 0.3796875 0.221875 0.01796875 0.03515625
1 0.36796875 0.246875 0.01875 0.025
1 0.421875 0.2640625 0.01796875 0.0296875
1 0.421875 0.22578125 0.0203125 0.03359375
1 0.45625 0.22734375 0.01875 0.0296875
1 0.47734375 0.2515625 0.021875 0.028125
1 0.3859375 0.1953125 0.01875 0.028125
1 0.42109375 0.17265625 0.01875 0.0265625
1 0.44296875 0.1953125 0.01484375 0.03125
1 0.46171875 0.18984375 0.01875 0.028125
1 0.45390625 0.1703125 0.0171875 0.028125
1 0.4765625 0.17421875 0.0140625 0.0296875
1 0.47109375 0.15078125 0.0140625 0.0265625
1 0.4953125 0.20625 0.0140625 0.0296875
1 0.50078125 0.184375 0.0140625 0.0265625
1 0.5265625 0.21484375 0.01796875 0.03515625
1 0.52421875 0.18671875 0.0140625 0.025
1 0.51796875 0.153125 0.01484375 0.0296875
1 0.50078125 0.146875 0.0109375 0.025
1 0.54140625 0.165625 0.0140625 0.03125
1 0.5703125 0.184375 0.021875 0.0296875
1 0.57265625 0.2359375 0.0171875 0.03671875
1 0.496875 0.28359375 0.025 0.04140625
1 0.5328125 0.34609375 0.02890625 0.04453125
1 0.6015625 0.34140625 0.025 0.0515625
1 0.54296875 0.14140625 0.0109375 0.01640625
1 0.5328125 0.13203125 0.0125 0.025
1 0.56875 0.153125 0.0140625 0.0265625
1 0.6015625 0.15625 0.01796875 0.03359375
1 0.58984375 0.12578125 0.0140625 0.025
1 0.6046875 0.10078125 0.0109375 0.025
1 0.67109375 0.11953125 0.0109375 0.0265625
1 0.71015625 0.1015625 0.0125 0.0296875
1 0.621875 0.090625 0.0140625 0.025
1 0.625 0.0765625 0.0171875 0.0265625
1 0.6078125 0.26640625 0.021875 0.03828125
1 0.6296875 0.2 0.01875 0.03828125
1 0.6609375 0.20703125 0.01875 0.03125
1 0.65 0.1890625 0.0140625 0.0234375
1 0.6875 0.20703125 0.01796875 0.03515625
1 0.66015625 0.29296875 0.0203125 0.03515625
1 0.67578125 0.34453125 0.0265625 0.0515625
1 0.71796875 0.2921875 0.02421875 0.053125
1 0.78046875 0.30390625 0.02421875 0.053125
1 0.76484375 0.221875 0.01953125 0.0484375
1 0.74609375 0.19609375 0.01484375 0.03359375
1 0.75078125 0.175 0.0125 0.028125
1 0.74375 0.14453125 0.015625 0.0296875
1 0.7203125 0.16875 0.01953125 0.03515625
1 0.72578125 0.140625 0.01484375 0.028125
1 0.74609375 0.1046875 0.01328125 0.0265625
1 0.76796875 0.13125 0.0125 0.0265625
1 0.78046875 0.121875 0.0125 0.028125
1 0.796875 0.13671875 0.0125 0.028125
1 0.8109375 0.12734375 0.01015625 0.021875
1 0.79453125 0.1828125 0.015625 0.0296875
1 0.92421875 0.2796875 0.01796875 0.04140625
1 0.86796875 0.22890625 0.01953125 0.03671875
1 0.846875 0.19921875 0.0109375 0.03359375
1 0.87265625 0.1890625 0.01484375 0.03359375
1 0.84609375 0.1625 0.01484375 0.0296875
1 0.82890625 0.14375 0.0140625 0.03125
1 0.8625 0.14296875 0.0140625 0.0296875
1 0.89765625 0.16875 0.0171875 0.03125
1 0.8953125 0.13046875 0.01328125 0.03125
1 0.92109375 0.1015625 0.0140625 0.0296875
1 0.9328125 0.196875 0.0171875 0.03515625