1 0.19375 0.44609375 0.05 0.1109375
1 0.25625 0.4359375 0.04609375 0.1015625
1 0.3125 0.27578125 0.02421875 0.0421875
1 0.3625 0.2546875 0.0203125 0.0390625
1 0.40859375 0.2359375 0.01875 0.0375
1 0.425 0.27421875 0.02265625 0.04609375
1 0.44609375 0.21640625 0.01953125 0.04375
1 0.4453125 0.18125 0.02109375 0.0390625
1 0.46953125 0.1921875 0.0203125 0.04375
1 0.4 0.13046875 0.01953125 0.0328125
1 0.4109375 0.1109375 0.01796875 0.0359375
1 0.45234375 0.14765625 0.01328125 0.028125
1 0.4671875 0.15078125 0.015625 0.02421875
1 0.528125 0.1359375 0.01328125 0.0328125
1 0.546875 0.153125 0.0140625 0.03125
1 0.57421875 0.15625 0.01953125 0.03125
1 0.534375 0.2 0.025 0.0375
1 0.6515625 0.2515625 0.02890625 0.04921875
1 0.71015625 0.2875 0.028125 0.05546875
1 0.7671875 0.2578125 0.0234375 0.04921875
1 0.68671875 0.15078125 0.0203125 0.040625
1 0.70625 0.14609375 0.01640625 0.0375
1 0.7265625 0.15234375 0.01875 0.0359375
1 0.746875 0.14140625 0.01484375 0.0375
1 0.76875 0.15703125 0.01640625 0.0328125
1 0.79765625 0.17734375 0.01640625 0.0375
1 0.809375 0.13046875 0.015625 0.0296875
1 0.87421875 0.22578125 0.01875 0.04609375