1 0.19375 0.4078125 0.05 0.09375
1 0.25625 0.2703125 0.01640625 0.03125
1 0.28671875 0.2734375 0.02421875 0.0375
1 0.3140625 0.28359375 0.0203125 0.04453125
1 0.390625 0.265625 0.01875 0.0359375
1 0.3640625 0.1921875 0.0140625 0.0296875
1 0.40859375 0.1984375 0.02421875 0.0359375
1 0.41171875 0.16640625 0.01796875 0.028125
1 0.440625 0.15625 0.01015625 0.02265625
1 0.44140625 0.23203125 0.01640625 0.028125
1 0.38671875 0.21953125 0.0203125 0.0375
1 0.48359375 0.21171875 0.025 0.0390625
1 0.4640625 0.1671875 0.01640625 0.0328125
1 0.440625 0.20390625 0.0234375 0.0296875
1 0.4859375 0.1578125 0.02109375 0.04296875
1 0.49921875 0.134375 0.00859375 0.01640625
1 0.50625 0.19921875 0.01796875 0.04140625
1 0.521875 0.1640625 0.01640625 0.0390625
1 0.54140625 0.17421875 0.01171875 0.0296875
1 0.4890625 0.34453125 0.028125 0.0390625
1 0.56171875 0.253125 0.02109375 0.04921875
1 0.5515625 0.11875 0.01171875 0.025
1 0.590625 0.1078125 0.01015625 0.02109375
1 0.58359375 0.1203125 0.00703125 0.02109375
1 0.56875 0.17578125 0.01875 0.0328125
1 0.603125 0.15390625 0.01484375 0.034375
1 0.62734375 0.10703125 0.01796875 0.0265625
1 0.61640625 0.315625 0.03046875 0.04921875
1 0.62578125 0.2375 0.01953125 0.04453125
1 0.653125 0.18671875 0.02421875 0.04453125
1 0.665625 0.1171875 0.0109375 0.025
1 0.63828125 0.14140625 0.01953125 0.0328125
1 0.690625 0.11328125 0.01484375 0.0328125
1 0.68125 0.3265625 0.02890625 0.059375
1 0.659375 0.21875 0.01953125 0.0359375
1 0.68125 0.18671875 0.021875 0.04453125
1 0.69921875 0.18984375 0.0234375 0.05390625
1 0.68828125 0.24609375 0.0203125 0.05546875
1 0.7125 0.2484375 0.0234375 0.0578125
1 0.71953125 0.1875 0.02109375 0.04921875
1 0.7453125 0.11484375 0.0109375 0.0296875
1 0.76953125 0.1265625 0.01484375 0.0328125
1 0.77578125 0.15 0.0234375 0.04140625
1 0.76171875 0.20625 0.021875 0.04140625
1 0.746875 0.2328125 0.02109375 0.05234375
1 0.746875 0.32578125 0.03203125 0.0578125
1 0.78671875 0.2890625 0.01953125 0.059375
1 0.79921875 0.2484375 0.0203125 0.05390625
1 0.7796875 0.3828125 0.0390625 0.08203125
1 0.83671875 0.3921875 0.04375 0.08203125
1 0.82578125 0.1453125 0.01875 0.0375
1 0.821875 0.21328125 0.01875 0.04296875
1 0.84375 0.1640625 0.01875 0.05546875
1 0.86328125 0.13515625 0.01328125 0.025
1 0.87265625 0.2078125 0.01796875 0.04453125
1 0.86953125 0.26875 0.02109375 0.05078125
1 0.89140625 0.28046875 0.01875 0.04921875
1 0.88203125 0.32734375 0.021875 0.0578125
1 0.9140625 0.30390625 0.025 0.059375
1 0.915625 0.23828125 0.01640625 0.0390625
1 0.9140625 0.21484375 0.01484375 0.0328125
1 0.9234375 0.159375 0.01171875 0.02265625
1 0.8921875 0.15625 0.01796875 0.0328125
1 0.890625 0.18203125 0.02109375 0.04609375
1 0.753125 0.1578125 0.02421875 0.04296875
1 0.5109375 0.15390625 0.0140625 0.028125