1 0.9203125 0.22578125 0.01328125 0.034375
1 0.8875 0.225 0.015625 0.046875
1 0.87109375 0.259375 0.01640625 0.05
1 0.92109375 0.27734375 0.0171875 0.0515625
1 0.91328125 0.334375 0.0203125 0.06875
1 0.83359375 0.3046875 0.0234375 0.0640625
1 0.8890625 0.45625 0.03203125 0.08125
1 0.81640625 0.403125 0.03046875 0.07578125
1 0.79140625 0.125 0.009375 0.0296875
1 0.79453125 0.1484375 0.0125 0.03828125
1 0.81015625 0.14765625 0.01328125 0.0328125
1 0.803125 0.2109375 0.015625 0.04296875
1 0.79609375 0.24375 0.02109375 0.05
1 0.7796875 0.31015625 0.021875 0.05546875
1 0.7515625 0.365625 0.03046875 0.07265625
1 0.76640625 0.2296875 0.0171875 0.04140625
1 0.72890625 0.2890625 0.0203125 0.05703125
1 0.69765625 0.3046875 0.02421875 0.05703125
1 0.68828125 0.2296875 0.0203125 0.0515625
1 0.72109375 0.2265625 0.01953125 0.05
1 0.75859375 0.19375 0.0171875 0.03984375
1 0.74375 0.16640625 0.015625 0.0359375
1 0.7484375 0.1265625 0.0125 0.0359375
1 0.7265625 0.14375 0.01171875 0.0328125
1 0.7015625 0.153125 0.0140625 0.034375
1 0.7203125 0.17578125 0.01640625 0.03828125
1 0.7125 0.103125 0.009375 0.02421875
1 0.69375 0.09765625 0.009375 0.02578125
1 0.66171875 0.1 0.0109375 0.02421875
1 0.6796875 0.115625 0.0109375 0.02734375
1 0.671875 0.16953125 0.01796875 0.04296875
1 0.628125 0.11796875 0.01171875 0.02578125
1 0.6375 0.109375 0.009375 0.02578125
1 0.6125 0.10859375 0.01171875 0.02734375
1 0.63046875 0.225 0.0203125 0.05
1 0.61796875 0.159375 0.01171875 0.0328125
1 0.58984375 0.10234375 0.0078125 0.01875
1 0.5984375 0.1265625 0.01171875 0.02578125
1 0.5765625 0.11875 0.01171875 0.02421875
1 0.5109375 0.1171875 0.0109375 0.02421875
1 0.52734375 0.121875 0.009375 0.02578125
1 0.546875 0.12265625 0.009375 0.02421875
1 0.5640625 0.14453125 0.0125 0.02734375
1 0.584375 0.16484375 0.01328125 0.0359375
1 0.4875 0.13359375 0.0109375 0.02265625
1 0.509375 0.14375 0.0109375 0.0296875
1 0.5234375 0.1578125 0.0125 0.0328125
1 0.53984375 0.13984375 0.01171875 0.02421875
1 0.54921875 0.16328125 0.01328125 0.0359375
1 0.55859375 0.18046875 0.0140625 0.03984375
1 0.4921875 0.1734375 0.0140625 0.03984375
1 0.49765625 0.1828125 0.01328125 0.03828125
1 0.4625 0.1390625 0.0109375 0.02578125
1 0.4203125 0.140625 0.0109375 0.02578125
1 0.44765625 0.16015625 0.01328125 0.034375
1 0.41328125 0.1671875 0.0140625 0.034375
1 0.390625 0.19453125 0.01640625 0.03828125
1 0.4171875 0.228125 0.01796875 0.04296875
1 0.41953125 0.20078125 0.01640625 0.03984375
1 0.44375 0.21953125 0.0171875 0.046875
1 0.47734375 0.2296875 0.02109375 0.04453125
1 0.49296875 0.27265625 0.0234375 0.05546875
1 0.34375 0.16953125 0.0109375 0.02578125
1 0.36796875 0.196875 0.01328125 0.03828125
1 0.34140625 0.20234375 0.01640625 0.0296875
1 0.30390625 0.21015625 0.015625 0.034375
1 0.3046875 0.2328125 0.01953125 0.03828125
1 0.33125 0.23203125 0.015625 0.0359375
1 0.36875 0.2453125 0.0203125 0.046875
1 0.53515625 0.29140625 0.02421875 0.05859375
1 0.57578125 0.246875 0.02109375 0.05546875
1 0.59921875 0.3265625 0.02578125 0.0671875
1 0.20703125 0.359375 0.04140625 0.084375