1 0.1921875 0.371875 0.0984375 0.19453125
1 0.3890625 0.3640625 0.0828125 0.14765625
1 0.54609375 0.32890625 0.0828125 0.15859375
1 0.63359375 0.37265625 0.08515625 0.17421875
1 0.7421875 0.4296875 0.10390625 0.203125
1 0.5375 0.184375 0.0296875 0.0515625
1 0.57578125 0.1640625 0.02890625 0.06953125
1 0.4703125 0.18515625 0.0109375 0.03125
1 0.45625 0.18828125 0.01484375 0.03359375
1 0.43203125 0.17890625 0.01875 0.03984375
1 0.3953125 0.16171875 0.02734375 0.0515625
1 0.3453125 0.26796875 0.0328125 0.05390625
1 0.321875 0.1828125 0.0234375 0.04453125
1 0.2875 0.19609375 0.025 0.05390625
1 0.221875 0.16953125 0.0515625 0.07578125
1 0.15390625 0.15078125 0.0375 0.0734375
1 0.09609375 0.171875 0.05234375 0.07109375
1 0.028125 0.20390625 0.03125 0.0515625