1 0.334375 0.19140625 0.01484375 0.028125
1 0.478125 0.153125 0.0171875 0.0296875
1 0.48828125 0.2015625 0.02265625 0.04921875
1 0.53828125 0.19296875 0.01484375 0.03828125
1 0.5421875 0.1515625 0.01875 0.040625
1 0.63984375 0.16640625 0.0203125 0.0453125
1 0.615625 0.1953125 0.01953125 0.04375
1 0.6828125 0.21328125 0.01484375 0.040625
1 0.7421875 0.27578125 0.01875 0.04921875
1 0.77578125 0.284375 0.02890625 0.0703125
1 0.83046875 0.2546875 0.01640625 0.03828125
1 0.81328125 0.1734375 0.01953125 0.0421875
1 0.8890625 0.2578125 0.02421875 0.059375
1 0.93984375 0.33828125 0.03203125 0.0734375