1 0.0828125 0.57578125 0.05859375 0.13359375
1 0.2453125 0.259375 0.02421875 0.059375
1 0.29765625 0.246875 0.01796875 0.04765625
1 0.30625 0.22109375 0.0203125 0.0453125
1 0.328125 0.23984375 0.02265625 0.0546875
1 0.3453125 0.228125 0.01953125 0.04921875
1 0.35625 0.28984375 0.021875 0.05234375
1 0.39296875 0.24453125 0.0203125 0.04375
1 0.425 0.32109375 0.02265625 0.05625
1 0.36015625 0.19765625 0.0171875 0.03671875
1 0.38515625 0.1984375 0.01875 0.03828125
1 0.425 0.1953125 0.01640625 0.03671875
1 0.4359375 0.165625 0.01640625 0.040625
1 0.47109375 0.2484375 0.02109375 0.04765625
1 0.4515625 0.1671875 0.01328125 0.03359375
1 0.46953125 0.17578125 0.01875 0.04921875
1 0.49296875 0.21171875 0.01875 0.04375
1 0.4921875 0.1546875 0.0140625 0.03828125
1 0.525 0.1625 0.0140625 0.04375
1 0.54453125 0.2125 0.015625 0.0421875
1 0.57109375 0.21015625 0.01796875 0.04921875
1 0.5484375 0.14140625 0.01640625 0.0265625
1 0.546875 0.1640625 0.0140625 0.03359375
1 0.5703125 0.140625 0.01484375 0.03828125
1 0.59453125 0.134375 0.015625 0.040625
1 0.6 0.18046875 0.015625 0.0421875
1 0.6125 0.20703125 0.0203125 0.04921875
1 0.615625 0.1640625 0.0140625 0.03671875
1 0.62890625 0.12734375 0.01796875 0.04375
1 0.64609375 0.1375 0.0140625 0.040625
1 0.64921875 0.190625 0.01640625 0.04375
1 0.68203125 0.15625 0.01796875 0.0421875
1 0.690625 0.13984375 0.01640625 0.040625
1 0.71015625 0.16015625 0.01640625 0.04375
1 0.54921875 0.35234375 0.03046875 0.0703125
1 0.60703125 0.38828125 0.02578125 0.0578125
1 0.6171875 0.30234375 0.02421875 0.0578125
1 0.66484375 0.24765625 0.0203125 0.05625
1 0.65625 0.42421875 0.03046875 0.08046875
1 0.7109375 0.21484375 0.0171875 0.04375
1 0.7109375 0.2859375 0.0265625 0.06328125
1 0.74609375 0.23515625 0.0171875 0.0421875
1 0.73515625 0.20625 0.01796875 0.04765625
1 0.74921875 0.196875 0.01328125 0.0421875
1 0.7796875 0.17421875 0.0171875 0.04375
1 0.77734375 0.215625 0.01796875 0.0421875
1 0.76484375 0.29140625 0.01875 0.05625
1 0.79140625 0.26484375 0.01953125 0.0453125
1 0.81328125 0.3046875 0.021875 0.06171875
1 0.8125 0.246875 0.02109375 0.05078125
1 0.8203125 0.215625 0.01484375 0.0421875
1 0.81015625 0.1953125 0.015625 0.04375
1 0.87265625 0.23984375 0.01640625 0.04765625
1 0.88984375 0.26875 0.01875 0.05234375
1 0.90625 0.2296875 0.015625 0.03125
1 0.89921875 0.25 0.015625 0.04375
1 0.9359375 0.28046875 0.01796875 0.04921875
1 0.9546875 0.2515625 0.01484375 0.04765625
1 0.978125 0.30625 0.01875 0.04375
1 0.9828125 0.26953125 0.0140625 0.03671875
1 0.97421875 0.34296875 0.01484375 0.04765625
1 0.98046875 0.38125 0.0171875 0.0578125
1 0.921875 0.3359375 0.0203125 0.06171875
1 0.95859375 0.446875 0.02421875 0.07578125
1 0.95390625 0.39921875 0.0234375 0.06484375
1 0.88125 0.42890625 0.0265625 0.06875
1 0.859375 0.37421875 0.02578125 0.06875
1 0.871875 0.53359375 0.040625 0.0875
1 0.78515625 0.46015625 0.034375 0.09296875
1 0.725 0.4234375 0.0296875 0.0828125