1 0.203125 0.35546875 0.04453125 0.07734375
1 0.29453125 0.21328125 0.01875 0.03515625
1 0.3265625 0.24921875 0.01953125 0.040625
1 0.3390625 0.2140625 0.01953125 0.03359375
1 0.353125 0.19453125 0.0140625 0.02890625
1 0.34765625 0.18359375 0.01640625 0.03359375
1 0.37734375 0.19453125 0.015625 0.0390625
1 0.3921875 0.1953125 0.01953125 0.040625
1 0.38125 0.25078125 0.01953125 0.0390625
1 0.371875 0.23125 0.01640625 0.03359375
1 0.4171875 0.2578125 0.0234375 0.046875
1 0.4234375 0.2046875 0.01875 0.03203125
1 0.42578125 0.17265625 0.015625 0.03203125
1 0.42578125 0.14609375 0.0140625 0.03203125
1 0.4453125 0.16953125 0.01640625 0.03203125
1 0.446875 0.21015625 0.0203125 0.0421875
1 0.48203125 0.2234375 0.021875 0.0390625
1 0.47421875 0.15234375 0.01640625 0.02890625
1 0.47421875 0.13671875 0.0109375 0.0203125
1 0.49140625 0.1703125 0.01953125 0.046875
1 0.49296875 0.134375 0.01484375 0.025
1 0.5125 0.12421875 0.0140625 0.02890625
1 0.51953125 0.13984375 0.0140625 0.02734375
1 0.53046875 0.125 0.01640625 0.02734375
1 0.51015625 0.17109375 0.01640625 0.02890625
1 0.52421875 0.17890625 0.01640625 0.03671875
1 0.546875 0.190625 0.021875 0.040625
1 0.5359375 0.159375 0.0140625 0.025
1 0.55859375 0.1609375 0.015625 0.02890625
1 0.56953125 0.15234375 0.01171875 0.025
1 0.55390625 0.13984375 0.00859375 0.0234375
1 0.55234375 0.125 0.01171875 0.0203125
1 0.5890625 0.1671875 0.0140625 0.03046875
1 0.59375 0.1453125 0.01171875 0.02734375
1 0.58828125 0.12734375 0.0109375 0.025
1 0.58828125 0.1125 0.0125 0.021875
1 0.6046875 0.13203125 0.0140625 0.025
1 0.621875 0.1484375 0.01484375 0.03046875
1 0.615625 0.13515625 0.01171875 0.0203125
1 0.6140625 0.11015625 0.0125 0.021875
1 0.63046875 0.12421875 0.0140625 0.03203125
1 0.65390625 0.13125 0.015625 0.03359375
1 0.67109375 0.1359375 0.01484375 0.02890625
1 0.66796875 0.1078125 0.01171875 0.02734375
1 0.69140625 0.1203125 0.0109375 0.02890625
1 0.6921875 0.09765625 0.01171875 0.0234375
1 0.7265625 0.109375 0.01796875 0.02734375
1 0.50078125 0.284375 0.02421875 0.059375
1 0.56328125 0.2875 0.03046875 0.065625
1 0.578125 0.23828125 0.021875 0.04921875
1 0.61796875 0.2359375 0.02421875 0.05078125
1 0.63203125 0.21953125 0.01875 0.03671875
1 0.6890625 0.240625 0.0234375 0.04921875
1 0.609375 0.32890625 0.0296875 0.05703125
1 0.7109375 0.309375 0.03359375 0.059375
1 0.73671875 0.2890625 0.02734375 0.0625
1 0.73125 0.22578125 0.02421875 0.04375
1 0.71171875 0.1890625 0.01875 0.03671875
1 0.690625 0.178125 0.01875 0.03515625
1 0.709375 0.159375 0.01875 0.0390625
1 0.7546875 0.134375 0.01484375 0.03515625
1 0.7609375 0.15703125 0.01796875 0.03359375
1 0.76484375 0.1828125 0.01953125 0.0421875
1 0.77421875 0.24921875 0.02265625 0.05703125
1 0.75078125 0.3734375 0.03828125 0.07578125
1 0.82578125 0.3953125 0.034375 0.07890625
1 0.80703125 0.284375 0.02265625 0.05234375
1 0.80078125 0.24765625 0.01875 0.03671875
1 0.80546875 0.21328125 0.01953125 0.0421875
1 0.8046875 0.1609375 0.01875 0.03515625
1 0.790625 0.1421875 0.0140625 0.03203125
1 0.88359375 0.2265625 0.02265625 0.0421875
1 0.87734375 0.26875 0.021875 0.04921875
1 0.8453125 0.30078125 0.02421875 0.065625
1 0.90390625 0.4140625 0.040625 0.07890625
1 0.91953125 0.3125 0.0234375 0.065625
1 0.9296875 0.28359375 0.0203125 0.046875
1 0.9328125 0.22421875 0.01953125 0.040625