1 0.27734375 0.23984375 0.01875 0.03671875
1 0.29609375 0.2328125 0.01875 0.0328125
1 0.2953125 0.25859375 0.0171875 0.04140625
1 0.359375 0.25234375 0.01875 0.04140625
1 0.38125 0.26875 0.015625 0.04140625
1 0.384375 0.21875 0.0171875 0.03125
1 0.37734375 0.19375 0.015625 0.0296875
1 0.36875 0.18203125 0.01875 0.0328125
1 0.4046875 0.16015625 0.01328125 0.0296875
1 0.4234375 0.17109375 0.0171875 0.028125
1 0.43359375 0.15546875 0.0125 0.0296875
1 0.44140625 0.14453125 0.01484375 0.025
1 0.4671875 0.146875 0.0171875 0.0265625
1 0.48046875 0.1703125 0.0171875 0.04296875
1 0.45546875 0.19609375 0.02578125 0.0546875
1 0.43828125 0.2234375 0.01875 0.03671875
1 0.503125 0.17578125 0.015625 0.03828125
1 0.52578125 0.19453125 0.021875 0.03828125
1 0.51484375 0.15078125 0.01875 0.03671875
1 0.5078125 0.115625 0.01484375 0.0328125
1 0.54375 0.11328125 0.01484375 0.034375
1 0.54375 0.16328125 0.01875 0.03984375
1 0.56328125 0.17265625 0.0171875 0.034375
1 0.56640625 0.128125 0.0140625 0.028125
1 0.5625 0.10625 0.009375 0.021875
1 0.584375 0.13203125 0.01328125 0.0265625
1 0.59140625 0.115625 0.01796875 0.0265625
1 0.5875 0.0953125 0.0140625 0.021875
1 0.60703125 0.15234375 0.01953125 0.0328125
1 0.6109375 0.13203125 0.0125 0.0234375
1 0.615625 0.09140625 0.0125 0.025
1 0.6390625 0.0921875 0.0109375 0.0265625
1 0.646875 0.1046875 0.01328125 0.03125
1 0.65546875 0.121875 0.0140625 0.028125
1 0.6546875 0.15859375 0.02265625 0.04609375
1 0.665625 0.1015625 0.01015625 0.025
1 0.69765625 0.0953125 0.0140625 0.028125
1 0.6796875 0.15390625 0.01953125 0.03984375
1 0.6953125 0.171875 0.0203125 0.03984375
1 0.67421875 0.1953125 0.01875 0.04296875
1 0.6328125 0.1921875 0.021875 0.03828125
1 0.62578125 0.24296875 0.028125 0.053125
1 0.55703125 0.2515625 0.02890625 0.04609375
1 0.496875 0.29921875 0.03515625 0.053125
1 0.53828125 0.32734375 0.03125 0.059375
1 0.60703125 0.31484375 0.03203125 0.0609375
1 0.6765625 0.28671875 0.03203125 0.0609375
1 0.71640625 0.246875 0.0234375 0.0546875
1 0.74453125 0.328125 0.03671875 0.06796875
1 0.8015625 0.36796875 0.03984375 0.06796875
1 0.9015625 0.34765625 0.0359375 0.08125
1 0.78046875 0.25859375 0.03359375 0.0609375
1 0.83984375 0.29765625 0.03046875 0.059375
1 0.8109375 0.23046875 0.02265625 0.0515625
1 0.7828125 0.1984375 0.0203125 0.04609375
1 0.75625 0.20546875 0.02265625 0.04765625
1 0.7296875 0.18125 0.02265625 0.04453125
1 0.7265625 0.22265625 0.02421875 0.0515625
1 0.73046875 0.1125 0.015625 0.0328125
1 0.75234375 0.1234375 0.0171875 0.04140625
1 0.76640625 0.12421875 0.0171875 0.0328125
1 0.78515625 0.14296875 0.01875 0.04453125
1 0.8125 0.14609375 0.0171875 0.03828125
1 0.8375 0.13125 0.0109375 0.03125
1 0.8390625 0.1109375 0.01484375 0.0296875
1 0.85625 0.159375 0.01875 0.04453125
1 0.8328125 0.19921875 0.02578125 0.0515625
1 0.8625 0.24140625 0.0265625 0.05625
1 0.91953125 0.271875 0.02890625 0.0578125
1 0.925 0.2328125 0.01796875 0.04296875
1 0.9265625 0.2 0.01484375 0.03671875
1 0.884375 0.1921875 0.015625 0.03828125
1 0.8734375 0.178125 0.0125 0.0328125
1 0.86640625 0.13671875 0.01328125 0.028125
1 0.87265625 0.11796875 0.0140625 0.028125
1 0.89375 0.13125 0.0109375 0.028125
1 0.90078125 0.14765625 0.01953125 0.03828125
1 0.890625 0.16328125 0.0171875 0.0328125
1 0.9296875 0.14296875 0.01484375 0.03125