1 0.11328125 0.51953125 0.05234375 0.1046875
1 0.228125 0.2546875 0.01796875 0.05078125
1 0.2390625 0.2578125 0.025 0.04765625
1 0.28359375 0.22734375 0.01953125 0.04765625
1 0.31171875 0.22578125 0.0203125 0.05078125
1 0.315625 0.2015625 0.021875 0.04453125
1 0.340625 0.2125 0.0203125 0.03671875
1 0.35390625 0.1984375 0.0171875 0.04140625
1 0.36953125 0.19140625 0.01796875 0.03984375
1 0.3765625 0.253125 0.02265625 0.05390625
1 0.409375 0.22734375 0.02109375 0.03828125
1 0.42578125 0.171875 0.015625 0.03515625
1 0.43359375 0.15859375 0.0140625 0.04140625
1 0.44296875 0.1796875 0.01875 0.04453125
1 0.44140625 0.29140625 0.02578125 0.05546875
1 0.478125 0.228125 0.021875 0.04609375
1 0.46171875 0.15390625 0.0171875 0.03515625
1 0.48203125 0.16015625 0.015625 0.04296875
1 0.49921875 0.14375 0.0140625 0.03359375
1 0.5046875 0.19453125 0.01875 0.04609375
1 0.5234375 0.14609375 0.01796875 0.03828125
1 0.56171875 0.13203125 0.0171875 0.03828125
1 0.56640625 0.14296875 0.01875 0.03828125
1 0.53515625 0.22265625 0.0203125 0.03828125
1 0.58125 0.128125 0.01796875 0.03671875
1 0.60078125 0.12109375 0.01484375 0.03203125
1 0.61171875 0.14453125 0.01875 0.03515625
1 0.5859375 0.1890625 0.015625 0.04453125
1 0.58828125 0.16015625 0.0203125 0.03671875
1 0.6125 0.20078125 0.0203125 0.03984375
1 0.61953125 0.1703125 0.01484375 0.03828125
1 0.6421875 0.121875 0.01484375 0.03359375
1 0.6546875 0.140625 0.0140625 0.03984375
1 0.66875 0.1203125 0.0140625 0.03359375
1 0.66484375 0.17265625 0.01328125 0.03359375
1 0.6734375 0.215625 0.02265625 0.04296875
1 0.62109375 0.2640625 0.02578125 0.05390625
1 0.5859375 0.31640625 0.028125 0.06015625
1 0.61484375 0.3515625 0.02734375 0.06015625
1 0.66640625 0.3765625 0.02890625 0.05390625
1 0.696875 0.1328125 0.0171875 0.03671875
1 0.6953125 0.14609375 0.015625 0.03828125
1 0.72265625 0.14921875 0.01953125 0.04140625
1 0.69375 0.20546875 0.0234375 0.04140625
1 0.7375 0.19453125 0.015625 0.04296875
1 0.75625 0.18515625 0.01484375 0.03359375
1 0.7796875 0.17265625 0.015625 0.03359375
1 0.784375 0.19375 0.0171875 0.04140625
1 0.81484375 0.18203125 0.015625 0.03984375
1 0.8359375 0.2015625 0.01796875 0.04140625
1 0.82265625 0.21171875 0.0171875 0.03828125
1 0.80234375 0.2296875 0.01875 0.04921875
1 0.80703125 0.29453125 0.02578125 0.06171875
1 0.7484375 0.21875 0.01953125 0.04296875
1 0.76015625 0.2765625 0.0234375 0.04765625
1 0.72265625 0.26484375 0.0265625 0.05546875
1 0.8734375 0.2203125 0.01328125 0.03984375
1 0.90859375 0.2140625 0.01796875 0.03984375
1 0.9078125 0.24453125 0.0171875 0.03515625
1 0.8953125 0.265625 0.0171875 0.04453125
1 0.88046875 0.27734375 0.01796875 0.04609375
1 0.8734375 0.31875 0.0234375 0.05234375
1 0.93359375 0.31171875 0.01796875 0.05390625
1 0.934375 0.2515625 0.01328125 0.03828125
1 0.959375 0.23359375 0.0171875 0.03828125
1 0.98671875 0.246875 0.01328125 0.03984375
1 0.97734375 0.29140625 0.015625 0.04921875
1 0.98125 0.284375 0.0125 0.04140625
1 0.9796875 0.3453125 0.01953125 0.05390625
1 0.9578125 0.36328125 0.02421875 0.05859375
1 0.9546875 0.421875 0.0234375 0.075
1 0.89375 0.3765625 0.02421875 0.0734375
1 0.86875 0.48515625 0.03125 0.0796875
1 0.7984375 0.43828125 0.03046875 0.084375
1 0.7265625 0.3875 0.0296875 0.06875