1 0.215625 0.359375 0.0515625 0.09765625
1 0.2828125 0.2203125 0.0203125 0.03984375
1 0.303125 0.221875 0.01953125 0.046875
1 0.321875 0.2234375 0.02109375 0.04296875
1 0.34453125 0.2515625 0.0203125 0.03828125
1 0.38125 0.24296875 0.021875 0.0453125
1 0.41875 0.221875 0.02421875 0.04296875
1 0.34296875 0.1703125 0.01484375 0.03046875
1 0.34140625 0.20390625 0.02109375 0.0328125
1 0.3703125 0.18984375 0.01328125 0.0359375
1 0.3859375 0.19921875 0.01796875 0.03828125
1 0.409375 0.20703125 0.0171875 0.034375
1 0.440625 0.21875 0.01796875 0.03984375
1 0.48671875 0.21171875 0.0234375 0.03828125
1 0.41875 0.16796875 0.01953125 0.0359375
1 0.4203125 0.13203125 0.0140625 0.0328125
1 0.44609375 0.1640625 0.0171875 0.0328125
1 0.47421875 0.178125 0.01796875 0.03046875
1 0.47578125 0.1453125 0.01484375 0.02734375
1 0.46328125 0.1375 0.01328125 0.02890625
1 0.49375 0.15546875 0.01640625 0.0328125
1 0.4890625 0.12890625 0.0109375 0.0234375
1 0.503125 0.1203125 0.01328125 0.02734375
1 0.5203125 0.1265625 0.01484375 0.02890625
1 0.521875 0.15234375 0.0140625 0.03046875
1 0.50625 0.1921875 0.01953125 0.034375
1 0.5375 0.19765625 0.0234375 0.03828125
1 0.54765625 0.1578125 0.0203125 0.034375
1 0.5421875 0.1265625 0.0140625 0.02890625
1 0.58203125 0.16171875 0.01953125 0.03828125
1 0.56953125 0.12109375 0.01328125 0.02890625
1 0.5765625 0.1109375 0.0125 0.034375
1 0.59375 0.12578125 0.01328125 0.03046875
1 0.60390625 0.11171875 0.01328125 0.0328125
1 0.62109375 0.14296875 0.01640625 0.02890625
1 0.62109375 0.12265625 0.01328125 0.025
1 0.625 0.10703125 0.01484375 0.03046875
1 0.65703125 0.1109375 0.0125 0.02734375
1 0.6640625 0.1 0.0140625 0.0234375
1 0.66796875 0.13125 0.01328125 0.02734375
1 0.68671875 0.1171875 0.01328125 0.025
1 0.6953125 0.0984375 0.0125 0.0234375
1 0.70859375 0.103125 0.0140625 0.02890625
1 0.490625 0.2765625 0.028125 0.06171875
1 0.540625 0.27890625 0.03046875 0.06640625
1 0.5796875 0.21953125 0.0234375 0.0484375
1 0.60078125 0.3296875 0.03046875 0.0703125
1 0.62109375 0.25 0.02421875 0.05625
1 0.61875 0.21015625 0.01796875 0.034375
1 0.66875 0.178125 0.0171875 0.04140625
1 0.66953125 0.24609375 0.02734375 0.05234375
1 0.69609375 0.30390625 0.0296875 0.059375
1 0.7265625 0.28828125 0.0234375 0.06328125
1 0.75 0.3609375 0.03203125 0.071875
1 0.70078125 0.18671875 0.01796875 0.03828125
1 0.69140625 0.1671875 0.01328125 0.03046875
1 0.72578125 0.14921875 0.0171875 0.03828125
1 0.73828125 0.1546875 0.01640625 0.03828125
1 0.74296875 0.12890625 0.01484375 0.03046875
1 0.76015625 0.15 0.0140625 0.0359375
1 0.7671875 0.13984375 0.01640625 0.03046875
1 0.790625 0.15234375 0.01796875 0.04140625
1 0.7546875 0.184375 0.0171875 0.0359375
1 0.72109375 0.215625 0.021875 0.04140625
1 0.76328125 0.22734375 0.02109375 0.04296875
1 0.7890625 0.2265625 0.02109375 0.04140625
1 0.81484375 0.25546875 0.021875 0.059375
1 0.78515625 0.29765625 0.025 0.0578125
1 0.83125 0.3265625 0.03046875 0.06484375
1 0.81328125 0.409375 0.034375 0.0796875
1 0.89453125 0.440625 0.0375 0.090625
1 0.91640625 0.34375 0.03046875 0.0703125
1 0.8703125 0.25078125 0.02109375 0.05078125
1 0.8859375 0.2265625 0.02109375 0.0484375
1 0.91796875 0.2765625 0.0234375 0.0578125
1 0.94921875 0.21015625 0.0171875 0.0453125