1 0.153125 0.3921875 0.05234375 0.103125
1 0.3390625 0.1796875 0.01875 0.03671875
1 0.3828125 0.19140625 0.01875 0.0328125
1 0.39296875 0.21015625 0.01796875 0.04296875
1 0.41953125 0.2140625 0.0203125 0.03515625
1 0.4515625 0.2265625 0.02109375 0.0328125
1 0.38828125 0.16015625 0.01328125 0.02890625
1 0.47734375 0.16328125 0.01640625 0.03515625
1 0.44765625 0.17421875 0.01328125 0.02109375
1 0.51875 0.190625 0.02265625 0.0390625
1 0.54921875 0.19375 0.01875 0.03671875
1 0.578125 0.12578125 0.015625 0.02890625
1 0.6234375 0.25546875 0.03125 0.05234375
1 0.79140625 0.2109375 0.02109375 0.040625
1 0.865625 0.11953125 0.01640625 0.040625
1 0.81875 0.26171875 0.02109375 0.05234375
1 0.92890625 0.26640625 0.01875 0.03515625