1 0.13125 0.23984375 0.01953125 0.0375
1 0.22109375 0.34609375 0.04921875 0.0859375
1 0.25625 0.2078125 0.015625 0.03515625
1 0.2734375 0.16171875 0.015625 0.0296875
1 0.33515625 0.22734375 0.02109375 0.0375
1 0.38515625 0.22890625 0.021875 0.0484375
1 0.409375 0.25546875 0.02265625 0.04453125
1 0.35234375 0.115625 0.01328125 0.02578125
1 0.38828125 0.11640625 0.01640625 0.03203125
1 0.428125 0.16796875 0.015625 0.0375
1 0.42265625 0.21875 0.01875 0.03515625
1 0.42421875 0.14609375 0.01484375 0.0203125
1 0.471875 0.178125 0.02421875 0.0390625
1 0.4703125 0.2046875 0.01953125 0.03359375
1 0.46328125 0.096875 0.015625 0.0296875
1 0.48046875 0.146875 0.01328125 0.0296875
1 0.49609375 0.14140625 0.015625 0.02578125
1 0.51171875 0.1859375 0.01796875 0.040625
1 0.509375 0.115625 0.01328125 0.0296875
1 0.52265625 0.12265625 0.0125 0.02265625
1 0.5484375 0.1171875 0.01484375 0.02578125
1 0.5453125 0.18359375 0.0265625 0.04296875
1 0.53046875 0.33046875 0.0453125 0.06171875
1 0.5640625 0.28046875 0.02734375 0.04296875
1 0.58984375 0.11484375 0.01953125 0.03515625
1 0.57578125 0.09296875 0.02109375 0.040625
1 0.60703125 0.1109375 0.01171875 0.02421875
1 0.6203125 0.12265625 0.01328125 0.0296875
1 0.634375 0.0953125 0.01484375 0.02578125
1 0.6515625 0.07890625 0.015625 0.03203125
1 0.659375 0.12109375 0.021875 0.040625
1 0.61796875 0.15625 0.01796875 0.040625
1 0.61875 0.24140625 0.03359375 0.06171875
1 0.6703125 0.26015625 0.0296875 0.05
1 0.68046875 0.21484375 0.01953125 0.04296875
1 0.71015625 0.16171875 0.01640625 0.03359375
1 0.690625 0.0734375 0.015625 0.028125
1 0.72421875 0.06796875 0.01875 0.028125
1 0.70703125 0.11171875 0.01171875 0.02578125
1 0.7359375 0.1078125 0.021875 0.04453125
1 0.7578125 0.08359375 0.01796875 0.040625
1 0.77734375 0.0953125 0.015625 0.0375
1 0.77734375 0.146875 0.01953125 0.0375
1 0.7640625 0.246875 0.02265625 0.05
1 0.7359375 0.2578125 0.025 0.0578125
1 0.796875 0.184375 0.02265625 0.059375
1 0.81171875 0.12109375 0.01328125 0.02265625
1 0.84140625 0.09296875 0.01328125 0.0296875
1 0.8328125 0.103125 0.01015625 0.02421875
1 0.86796875 0.1078125 0.01640625 0.03359375
1 0.8609375 0.16875 0.01796875 0.03203125
1 0.84609375 0.21328125 0.02734375 0.06171875
1 0.87421875 0.23671875 0.02265625 0.05234375
1 0.88671875 0.2140625 0.01484375 0.03359375
1 0.90859375 0.10703125 0.01328125 0.03515625
1 0.95 0.13203125 0.01640625 0.0375
1 0.9671875 0.1609375 0.015625 0.03515625
1 0.9734375 0.1265625 0.01484375 0.03359375
1 0.9296875 0.2125 0.01953125 0.04453125
1 0.92109375 0.2515625 0.02109375 0.04453125
1 0.91328125 0.3234375 0.02421875 0.06171875
1 0.92578125 0.29296875 0.025 0.05