1 0.0796875 0.27578125 0.02578125 0.05234375
1 0.2921875 0.2390625 0.01796875 0.0328125
1 0.28515625 0.2234375 0.01796875 0.03984375
1 0.33515625 0.18984375 0.01796875 0.03984375
1 0.35703125 0.19453125 0.01875 0.03828125
1 0.359375 0.221875 0.01796875 0.03828125
1 0.3828125 0.2359375 0.02265625 0.0453125
1 0.3390625 0.2265625 0.01875 0.03671875
1 0.3828125 0.2 0.01484375 0.03828125
1 0.3984375 0.20625 0.015625 0.034375
1 0.3890625 0.171875 0.0171875 0.034375
1 0.4078125 0.1703125 0.01171875 0.034375
1 0.42734375 0.20234375 0.015625 0.03671875
1 0.4109375 0.240625 0.02578125 0.04375
1 0.44921875 0.2453125 0.02265625 0.05
1 0.45 0.20078125 0.0203125 0.03984375
1 0.46953125 0.20234375 0.02109375 0.04375
1 0.43125 0.15859375 0.015625 0.0296875
1 0.45390625 0.159375 0.01875 0.03828125
1 0.48984375 0.1359375 0.01171875 0.02578125
1 0.4921875 0.1484375 0.01328125 0.02578125
1 0.5015625 0.15390625 0.01484375 0.02578125
1 0.50625 0.18515625 0.0203125 0.03671875
1 0.53046875 0.178125 0.02109375 0.03671875
1 0.5171875 0.15 0.01484375 0.0296875
1 0.509375 0.1328125 0.01328125 0.02578125
1 0.528125 0.13515625 0.01328125 0.02109375
1 0.55625 0.1265625 0.015625 0.02421875
1 0.5609375 0.13984375 0.0140625 0.02578125
1 0.575 0.159375 0.0140625 0.03125
1 0.565625 0.1828125 0.0171875 0.04375
1 0.54375 0.15859375 0.0171875 0.03671875
1 0.584375 0.14140625 0.01484375 0.0328125
1 0.6 0.13828125 0.01328125 0.0296875
1 0.61328125 0.165625 0.01484375 0.03671875
1 0.61484375 0.125 0.01015625 0.02421875
1 0.62109375 0.12578125 0.01328125 0.02578125
1 0.6328125 0.1359375 0.0140625 0.0328125
1 0.64765625 0.1234375 0.015625 0.034375
1 0.67109375 0.121875 0.01328125 0.02421875
1 0.66484375 0.10859375 0.0109375 0.01875
1 0.69140625 0.1328125 0.01328125 0.0328125
1 0.69375 0.11015625 0.01015625 0.02578125
1 0.703125 0.12578125 0.01328125 0.02578125
1 0.715625 0.11640625 0.0140625 0.03125
1 0.67578125 0.18515625 0.01875 0.03671875
1 0.66328125 0.14375 0.01328125 0.02421875
1 0.65 0.15625 0.01484375 0.03125
1 0.60078125 0.22734375 0.02578125 0.0484375
1 0.63125 0.20859375 0.025 0.0484375
1 0.64765625 0.24921875 0.02578125 0.05390625
1 0.70078125 0.25859375 0.02578125 0.05234375
1 0.690625 0.2234375 0.021875 0.05
1 0.71171875 0.18203125 0.0171875 0.04140625
1 0.72578125 0.184375 0.015625 0.03828125
1 0.746875 0.17734375 0.01875 0.03828125
1 0.7078125 0.3234375 0.03359375 0.078125
1 0.759375 0.3796875 0.03203125 0.06796875
1 0.80546875 0.296875 0.028125 0.0625
1 0.77890625 0.25 0.0265625 0.0625
1 0.7421875 0.24140625 0.021875 0.05234375
1 0.765625 0.19609375 0.021875 0.04140625
1 0.74375 0.15078125 0.0171875 0.03125
1 0.77109375 0.13515625 0.0140625 0.03125
1 0.7921875 0.13515625 0.0140625 0.028125
1 0.79921875 0.146875 0.01171875 0.02578125
1 0.8046875 0.16875 0.01171875 0.028125
1 0.809375 0.20546875 0.01796875 0.03984375
1 0.828125 0.2015625 0.0171875 0.03828125
1 0.853125 0.22109375 0.02109375 0.04375
1 0.8390625 0.2640625 0.02265625 0.059375
1 0.86953125 0.22890625 0.015625 0.03828125
1 0.84296875 0.1765625 0.01484375 0.03671875
1 0.81171875 0.140625 0.01484375 0.03125
1 0.8359375 0.14609375 0.01171875 0.03125
1 0.8484375 0.15625 0.01484375 0.034375
1 0.86796875 0.1546875 0.01484375 0.034375
1 0.8875 0.1640625 0.015625 0.03984375
1 0.8796875 0.1890625 0.01484375 0.03828125
1 0.90078125 0.2296875 0.01875 0.03984375
1 0.909375 0.21015625 0.015625 0.04140625
1 0.91484375 0.1890625 0.0171875 0.03125
1 0.925 0.15546875 0.01171875 0.03984375
1 0.96171875 0.18515625 0.0140625 0.04375
1 0.95 0.20625 0.015625 0.04140625
1 0.95625 0.2328125 0.01796875 0.04140625
1 0.9359375 0.2609375 0.02265625 0.05
1 0.92578125 0.32109375 0.03125 0.0625