1 0.27890625 0.48984375 0.103125 0.1875
1 0.2625 0.378125 0.06171875 0.103125
1 0.2421875 0.33984375 0.05234375 0.0765625
1 0.27890625 0.3140625 0.025 0.06953125
1 0.19140625 0.290625 0.04375 0.071875
1 0.15703125 0.33359375 0.04375 0.06953125
1 0.1234375 0.35390625 0.04609375 0.078125
1 0.08359375 0.3625 0.065625 0.125
1 0.39921875 0.32265625 0.0265625 0.05703125
1 0.4375 0.3578125 0.03203125 0.06796875
1 0.4640625 0.365625 0.0375 0.059375
1 0.46875 0.3234375 0.02421875 0.05546875
1 0.5234375 0.22890625 0.028125 0.0640625
1 0.521875 0.37578125 0.04453125 0.10390625
1 0.571875 0.3765625 0.03515625 0.078125
1 0.584375 0.32421875 0.02890625 0.065625
1 0.6375 0.509375 0.0734375 0.13046875
1 0.684375 0.453125 0.04609375 0.103125
1 0.6640625 0.37890625 0.0375 0.075
1 0.6484375 0.35234375 0.034375 0.065625
1 0.7234375 0.3875 0.02890625 0.05546875
1 0.7515625 0.390625 0.03046875 0.0609375
1 0.76015625 0.44140625 0.0578125 0.096875
1 0.80859375 0.378125 0.0359375 0.0765625
1 0.85546875 0.41953125 0.0625 0.096875
1 0.9640625 0.5296875 0.07109375 0.14609375
1 0.9578125 0.446875 0.04921875 0.09453125