1 0.109375 0.2546875 0.05 0.0859375
1 0.20703125 0.21953125 0.05 0.075
1 0.28828125 0.22265625 0.05625 0.08046875
1 0.38828125 0.2171875 0.05234375 0.09140625
1 0.446875 0.20078125 0.04609375 0.06953125
1 0.29375 0.40078125 0.14765625 0.18515625
1 0.5578125 0.18203125 0.04375 0.08046875
1 0.61796875 0.20234375 0.05234375 0.078125
1 0.68515625 0.24375 0.0578125 0.096875
1 0.6609375 0.22109375 0.0421875 0.07265625
1 0.78828125 0.26171875 0.06015625 0.09375
1 0.88671875 0.27109375 0.08203125 0.11796875