1 0.2984375 0.1828125 0.01484375 0.03125
1 0.4109375 0.20703125 0.01328125 0.02890625
1 0.4453125 0.22890625 0.0171875 0.03515625
1 0.44296875 0.1796875 0.01484375 0.0328125
1 0.46015625 0.1328125 0.009375 0.025
1 0.4796875 0.16875 0.01484375 0.03125
1 0.4578125 0.19921875 0.01171875 0.02890625
1 0.546875 0.16484375 0.01171875 0.02734375
1 0.55859375 0.18828125 0.01640625 0.03125
1 0.63125 0.11875 0.01328125 0.03125
1 0.625 0.25859375 0.01953125 0.0390625
1 0.6265625 0.2125 0.01640625 0.040625
1 0.66953125 0.2171875 0.0171875 0.0390625
1 0.67421875 0.1734375 0.01328125 0.0328125
1 0.6375 0.33515625 0.03125 0.05234375
1 0.67421875 0.2890625 0.01953125 0.04296875
1 0.73046875 0.228125 0.02265625 0.040625
1 0.8234375 0.25703125 0.01875 0.03671875
1 0.85546875 0.2546875 0.01875 0.0546875
1 0.8234375 0.38515625 0.04453125 0.11875
1 0.93203125 0.2390625 0.01484375 0.04296875