1 0.125 0.56875 0.0609375 0.11796875
1 0.27265625 0.25546875 0.01328125 0.0296875
1 0.28515625 0.2484375 0.01640625 0.028125
1 0.29453125 0.284375 0.02109375 0.03359375
1 0.378125 0.27734375 0.0171875 0.03359375
1 0.36328125 0.26328125 0.0125 0.01796875
1 0.34921875 0.23203125 0.01640625 0.028125
1 0.37421875 0.2359375 0.0171875 0.0265625
1 0.38359375 0.1828125 0.01328125 0.0265625
1 0.396875 0.19140625 0.01171875 0.0265625
1 0.42265625 0.1765625 0.0125 0.028125
1 0.42265625 0.15078125 0.0140625 0.0265625
1 0.45390625 0.18203125 0.01328125 0.025
1 0.44921875 0.1578125 0.01015625 0.0203125
1 0.46953125 0.18828125 0.01328125 0.03125
1 0.459375 0.2328125 0.01875 0.03671875
1 0.48203125 0.22421875 0.0171875 0.03359375
1 0.50078125 0.19375 0.0140625 0.03515625
1 0.5296875 0.2046875 0.01875 0.03359375
1 0.51484375 0.1703125 0.0140625 0.025
1 0.4796875 0.15 0.0125 0.021875
1 0.475 0.13125 0.01171875 0.0203125
1 0.5125 0.12890625 0.009375 0.021875
1 0.5296875 0.1359375 0.01015625 0.0234375
1 0.5484375 0.11953125 0.0140625 0.0265625
1 0.559375 0.10234375 0.0140625 0.025
1 0.5796875 0.15234375 0.0125 0.025
1 0.559375 0.17265625 0.01640625 0.0234375
1 0.565625 0.13046875 0.01171875 0.025
1 0.5890625 0.10078125 0.009375 0.01796875
1 0.60546875 0.10625 0.0125 0.0203125
1 0.5953125 0.1734375 0.0140625 0.028125
1 0.61796875 0.15859375 0.0125 0.025
1 0.628125 0.1234375 0.01171875 0.025
1 0.6234375 0.09375 0.00859375 0.01796875
1 0.6546875 0.13203125 0.01015625 0.025
1 0.66015625 0.1140625 0.01015625 0.01484375
1 0.66015625 0.0953125 0.00859375 0.01796875
1 0.68359375 0.1 0.0125 0.0234375
1 0.70703125 0.1125 0.0140625 0.028125
1 0.50078125 0.2953125 0.021875 0.046875
1 0.54765625 0.3234375 0.01953125 0.04140625
1 0.58125 0.24296875 0.01953125 0.03515625
1 0.63046875 0.24453125 0.021875 0.04296875
1 0.63984375 0.19765625 0.01953125 0.03671875
1 0.66015625 0.1640625 0.01484375 0.0296875
1 0.675 0.20859375 0.021875 0.03515625
1 0.6390625 0.315625 0.02578125 0.05
1 0.7046875 0.30703125 0.0265625 0.053125
1 0.7515625 0.38046875 0.02734375 0.06328125
1 0.821875 0.409375 0.03046875 0.06484375
1 0.9078125 0.4125 0.03125 0.07109375
1 0.92421875 0.30625 0.025 0.0515625
1 0.8546875 0.29296875 0.0234375 0.0484375
1 0.8203125 0.240625 0.01953125 0.03671875
1 0.76796875 0.2546875 0.025 0.0484375
1 0.77578125 0.2234375 0.0265625 0.03125
1 0.78359375 0.1828125 0.01796875 0.0296875
1 0.73828125 0.25234375 0.01953125 0.053125
1 0.7109375 0.240625 0.0265625 0.03984375
1 0.70703125 0.14609375 0.01484375 0.0296875
1 0.71796875 0.18046875 0.01640625 0.03125
1 0.7421875 0.19921875 0.01796875 0.03671875
1 0.7359375 0.16640625 0.01328125 0.0265625
1 0.75 0.14296875 0.01484375 0.03671875
1 0.75546875 0.1109375 0.01328125 0.0296875
1 0.77109375 0.13046875 0.0140625 0.03515625
1 0.7890625 0.13046875 0.0140625 0.03125
1 0.825 0.140625 0.01484375 0.03828125
1 0.84296875 0.134375 0.01015625 0.0296875
1 0.87421875 0.16171875 0.0140625 0.03125
1 0.87890625 0.14453125 0.01171875 0.0234375
1 0.86484375 0.11796875 0.0125 0.0265625
1 0.8828125 0.1140625 0.0125 0.025
1 0.846875 0.20859375 0.0171875 0.04453125
1 0.8984375 0.2015625 0.01640625 0.03515625
1 0.89453125 0.2609375 0.01875 0.05
1 0.92734375 0.26328125 0.0171875 0.03828125
1 0.94609375 0.24453125 0.02109375 0.04296875
1 0.93828125 0.21015625 0.01640625 0.03828125
1 0.946875 0.15390625 0.01171875 0.025
1 0.9140625 0.13046875 0.0125 0.025
1 0.903125 0.1671875 0.0171875 0.028125
1 0.91171875 0.16328125 0.01171875 0.028125