1 0.153125 0.36484375 0.03046875 0.06328125
1 0.16796875 0.34765625 0.03828125 0.075
1 0.2578125 0.2875 0.0203125 0.03125
1 0.309375 0.25859375 0.0203125 0.04296875
1 0.296875 0.2765625 0.01875 0.03671875
1 0.34296875 0.26796875 0.0203125 0.04453125
1 0.334375 0.2171875 0.01796875 0.03671875
1 0.34609375 0.21796875 0.01796875 0.03515625
1 0.3578125 0.2390625 0.015625 0.0328125
1 0.37421875 0.22890625 0.0171875 0.03984375
1 0.38203125 0.20078125 0.0171875 0.03671875
1 0.4078125 0.17421875 0.01484375 0.0296875
1 0.4234375 0.190625 0.0171875 0.0328125
1 0.42734375 0.22890625 0.01953125 0.03984375
1 0.45390625 0.23125 0.021875 0.0484375
1 0.47265625 0.25390625 0.03046875 0.05
1 0.44765625 0.1921875 0.01484375 0.0296875
1 0.45078125 0.1765625 0.0140625 0.03125
1 0.465625 0.1625 0.01484375 0.0296875
1 0.47265625 0.19140625 0.015625 0.03125
1 0.48671875 0.1921875 0.01796875 0.0296875
1 0.4828125 0.13515625 0.0125 0.021875
1 0.509375 0.1578125 0.01484375 0.0296875
1 0.515625 0.21171875 0.01875 0.03125
1 0.5375 0.13125 0.0140625 0.0265625
1 0.5640625 0.16796875 0.021875 0.04140625
1 0.54453125 0.1640625 0.01484375 0.03671875
1 0.58046875 0.13828125 0.0140625 0.028125
1 0.61640625 0.1515625 0.015625 0.03125
1 0.59296875 0.12421875 0.0125 0.0265625
1 0.59296875 0.0984375 0.015625 0.025
1 0.61015625 0.06171875 0.01484375 0.0265625
1 0.64921875 0.07578125 0.01484375 0.03125
1 0.6703125 0.07109375 0.01328125 0.0296875
1 0.6421875 0.10390625 0.0140625 0.025
1 0.4828125 0.30234375 0.028125 0.04453125
1 0.5328125 0.34921875 0.02890625 0.04453125
1 0.565625 0.25234375 0.01953125 0.03984375
1 0.60390625 0.27109375 0.0203125 0.0515625
1 0.59609375 0.35546875 0.02890625 0.06171875
1 0.665625 0.36484375 0.02890625 0.06953125
1 0.65625 0.31015625 0.02421875 0.04609375
1 0.634375 0.21015625 0.02421875 0.0484375
1 0.6609375 0.215625 0.01953125 0.04296875
1 0.665625 0.18359375 0.0171875 0.03515625
1 0.69140625 0.190625 0.0171875 0.03671875
1 0.6875 0.15625 0.015625 0.03671875
1 0.6890625 0.225 0.021875 0.04140625
1 0.7171875 0.29453125 0.02265625 0.0578125
1 0.7875 0.31328125 0.028125 0.059375
1 0.75390625 0.26484375 0.0234375 0.0515625
1 0.80859375 0.26484375 0.02265625 0.0515625
1 0.9140625 0.2921875 0.02421875 0.053125
1 0.8703125 0.24609375 0.01796875 0.04453125
1 0.7890625 0.19453125 0.01953125 0.04140625
1 0.7578125 0.1734375 0.015625 0.03515625
1 0.74140625 0.1859375 0.01796875 0.0296875
1 0.72421875 0.16953125 0.01484375 0.0296875
1 0.71953125 0.146875 0.0125 0.025
1 0.73671875 0.13203125 0.0140625 0.03515625
1 0.74765625 0.14609375 0.0171875 0.0328125
1 0.765625 0.13515625 0.0140625 0.03515625
1 0.7796875 0.1265625 0.0125 0.03125
1 0.79375 0.14375 0.01328125 0.03828125
1 0.80546875 0.14296875 0.0109375 0.0265625
1 0.81953125 0.16328125 0.0125 0.03125
1 0.8390625 0.1765625 0.0125 0.03125
1 0.8359375 0.146875 0.015625 0.03125
1 0.859375 0.1578125 0.0140625 0.0328125
1 0.85859375 0.134375 0.01328125 0.0296875
1 0.87890625 0.1859375 0.01796875 0.03984375
1 0.88828125 0.175 0.015625 0.03125
1 0.8953125 0.14140625 0.0109375 0.028125
1 0.92421875 0.20625 0.0171875 0.03828125
1 0.928125 0.16171875 0.01328125 0.03125