1 0.1765625 0.315625 0.04296875 0.08125
1 0.21953125 0.32421875 0.05390625 0.08125
1 0.32421875 0.2875 0.0375 0.06484375
1 0.36484375 0.309375 0.04296875 0.06875
1 0.39375 0.41328125 0.05859375 0.10546875
1 0.46796875 0.453125 0.078125 0.1296875
1 0.43984375 0.29921875 0.0375 0.0484375
1 0.49609375 0.29765625 0.0375 0.0609375
1 0.52578125 0.27109375 0.03203125 0.05703125
1 0.5546875 0.35625 0.05390625 0.0890625
1 0.5921875 0.2796875 0.03203125 0.05703125
1 0.6140625 0.26484375 0.0265625 0.05234375
1 0.66328125 0.27734375 0.0296875 0.05234375
1 0.690625 0.334375 0.03984375 0.06875
1 0.64765625 0.3984375 0.05625 0.1015625
1 0.66640625 0.5125 0.078125 0.14140625
1 0.846875 0.4390625 0.05859375 0.12578125
1 0.79453125 0.3640625 0.03984375 0.08125
1 0.76796875 0.315625 0.0296875 0.07265625
1 0.840625 0.31953125 0.0296875 0.05703125
1 0.85625 0.35 0.0296875 0.0609375
1 0.90625 0.40859375 0.0484375 0.08125
1 0.9125 0.32578125 0.03515625 0.06875
1 0.97578125 0.3484375 0.0375 0.07265625
1 0.8953125 0.5890625 0.09140625 0.190625