1 0.19140625 0.321875 0.03671875 0.08125
1 0.3203125 0.2125 0.01640625 0.0375
1 0.38203125 0.19140625 0.02109375 0.0453125
1 0.38671875 0.16796875 0.01796875 0.03984375
1 0.421875 0.21484375 0.0203125 0.04921875
1 0.409375 0.27265625 0.02578125 0.053125
1 0.39921875 0.2078125 0.021875 0.04375
1 0.4296875 0.15546875 0.01640625 0.03359375
1 0.44921875 0.16171875 0.01796875 0.0375
1 0.45546875 0.17734375 0.01796875 0.0375
1 0.45546875 0.2078125 0.0203125 0.04765625
1 0.46796875 0.23828125 0.021875 0.04921875
1 0.4765625 0.1296875 0.01328125 0.0296875
1 0.490625 0.1359375 0.0140625 0.0296875
1 0.47734375 0.178125 0.02109375 0.04375
1 0.50703125 0.203125 0.02109375 0.0375
1 0.52265625 0.1671875 0.02109375 0.03359375
1 0.53359375 0.19609375 0.02421875 0.03984375
1 0.55078125 0.17109375 0.01640625 0.0296875
1 0.553125 0.13203125 0.01328125 0.02578125
1 0.5578125 0.134375 0.01328125 0.02734375
1 0.56640625 0.14453125 0.01640625 0.03984375
1 0.58828125 0.1703125 0.02109375 0.0359375
1 0.59375 0.146875 0.01875 0.02734375
1 0.5828125 0.115625 0.0140625 0.0296875
1 0.63203125 0.1234375 0.01015625 0.021875
1 0.63359375 0.10625 0.0109375 0.021875
1 0.6875 0.11875 0.01328125 0.03203125
1 0.70859375 0.12890625 0.0125 0.03203125
1 0.59453125 0.26328125 0.021875 0.05546875
1 0.6125 0.25546875 0.0265625 0.059375
1 0.6421875 0.2234375 0.021875 0.04765625
1 0.6796875 0.19765625 0.021875 0.03984375
1 0.71796875 0.18125 0.01640625 0.0375
1 0.73359375 0.1875 0.0140625 0.03359375
1 0.7234375 0.16015625 0.01796875 0.0359375
1 0.7296875 0.15078125 0.01328125 0.03203125
1 0.75078125 0.14921875 0.0140625 0.0296875
1 0.76875 0.1625 0.015625 0.0359375
1 0.78984375 0.140625 0.015625 0.0359375
1 0.79921875 0.16015625 0.0140625 0.03203125
1 0.796875 0.18203125 0.01796875 0.0359375
1 0.79765625 0.21484375 0.01796875 0.0453125
1 0.7609375 0.19921875 0.01875 0.04140625
1 0.7578125 0.25859375 0.021875 0.053125
1 0.734375 0.2921875 0.03125 0.0578125
1 0.653125 0.4140625 0.034375 0.059375
1 0.8375 0.3140625 0.028125 0.065625
1 0.8484375 0.26953125 0.02109375 0.0515625
1 0.8421875 0.225 0.0203125 0.04140625
1 0.82890625 0.11953125 0.02421875 0.053125
1 0.87265625 0.103125 0.01875 0.04765625
1 0.90078125 0.21015625 0.02109375 0.04375
1 0.8875 0.240625 0.021875 0.04921875
1 0.878125 0.2875 0.0234375 0.059375
1 0.9125 0.334375 0.02578125 0.0671875
1 0.93828125 0.23671875 0.01875 0.0375
1 0.9625 0.14921875 0.01875 0.0453125
1 0.93046875 0.11484375 0.01640625 0.0359375
1 0.97421875 0.12734375 0.01640625 0.03359375
1 0.9859375 0.14765625 0.0140625 0.0375