1 0.4109375 0.24765625 0.03125 0.06484375
1 0.271875 0.221875 0.0140625 0.03046875
1 0.35859375 0.22734375 0.01796875 0.040625
1 0.3703125 0.19140625 0.0140625 0.0375
1 0.3921875 0.19140625 0.0140625 0.034375
1 0.3921875 0.16796875 0.0125 0.02890625
1 0.42109375 0.1625 0.01171875 0.02734375
1 0.42578125 0.1515625 0.01171875 0.02734375
1 0.44140625 0.16953125 0.0140625 0.0328125
1 0.4125 0.21171875 0.01640625 0.040625
1 0.42734375 0.2203125 0.01640625 0.040625
1 0.4453125 0.25625 0.021875 0.04453125
1 0.45546875 0.2109375 0.01875 0.04296875
1 0.4984375 0.215625 0.02265625 0.04921875
1 0.48515625 0.1828125 0.01875 0.0375
1 0.48671875 0.15390625 0.01328125 0.034375
1 0.47578125 0.1375 0.0125 0.02890625
1 0.49375 0.1421875 0.01328125 0.02578125
1 0.5109375 0.14765625 0.0171875 0.02890625
1 0.51875 0.13203125 0.0125 0.02578125
1 0.53359375 0.14140625 0.0125 0.02734375
1 0.5390625 0.13828125 0.01171875 0.02421875
1 0.5359375 0.1671875 0.015625 0.034375
1 0.525 0.17890625 0.0171875 0.040625
1 0.53984375 0.20390625 0.02421875 0.04921875
1 0.56796875 0.13828125 0.015625 0.02421875
1 0.58046875 0.12421875 0.01328125 0.02421875
1 0.59765625 0.13515625 0.015625 0.034375
1 0.60625 0.1171875 0.01171875 0.02890625
1 0.6171875 0.11328125 0.01171875 0.02890625
1 0.62734375 0.11328125 0.01171875 0.02890625
1 0.63515625 0.12578125 0.01328125 0.02890625
1 0.62109375 0.14453125 0.01875 0.0328125
1 0.57890625 0.17578125 0.01796875 0.0375
1 0.57578125 0.2484375 0.02421875 0.053125
1 0.56796875 0.28671875 0.0296875 0.0578125
1 0.63046875 0.2484375 0.02421875 0.04921875
1 0.64140625 0.19765625 0.0203125 0.040625
1 0.65546875 0.1421875 0.0140625 0.02890625
1 0.659375 0.1265625 0.015625 0.02421875
1 0.65546875 0.1140625 0.0125 0.02421875
1 0.6875 0.1046875 0.0140625 0.02890625
1 0.68671875 0.1234375 0.01171875 0.02890625
1 0.709375 0.11875 0.015625 0.0328125
1 0.6984375 0.18203125 0.01640625 0.0390625
1 0.6578125 0.18515625 0.01640625 0.04296875
1 0.6734375 0.2203125 0.02265625 0.040625
1 0.68984375 0.25859375 0.02109375 0.04609375
1 0.728125 0.2984375 0.02890625 0.0546875
1 0.72421875 0.234375 0.021875 0.04609375
1 0.74765625 0.209375 0.01796875 0.04609375
1 0.740625 0.1453125 0.01640625 0.034375
1 0.75078125 0.17578125 0.0171875 0.03046875
1 0.7515625 0.14609375 0.0140625 0.02890625
1 0.7609375 0.13515625 0.01328125 0.034375
1 0.78359375 0.146875 0.0140625 0.034375
1 0.8 0.1296875 0.0140625 0.034375
1 0.821875 0.1390625 0.0125 0.02890625
1 0.85546875 0.15234375 0.01328125 0.02890625
1 0.8765625 0.15390625 0.01171875 0.03046875
1 0.91328125 0.1578125 0.01328125 0.02890625
1 0.93203125 0.175 0.01171875 0.0359375
1 0.94765625 0.17421875 0.01328125 0.03046875
1 0.946875 0.21484375 0.0125 0.0375
1 0.93359375 0.23125 0.01796875 0.04296875
1 0.92421875 0.24453125 0.0171875 0.04609375
1 0.92734375 0.28515625 0.02109375 0.0578125
1 0.91875 0.3359375 0.02890625 0.06484375
1 0.84453125 0.321875 0.02578125 0.05625
1 0.859375 0.27890625 0.02421875 0.04921875
1 0.83828125 0.2296875 0.0171875 0.04296875
1 0.8421875 0.2046875 0.0171875 0.034375
1 0.853125 0.1859375 0.01640625 0.034375
1 0.87421875 0.18359375 0.01640625 0.02890625
1 0.890625 0.22890625 0.021875 0.0375
1 0.83515625 0.15859375 0.015625 0.034375
1 0.81171875 0.1546875 0.015625 0.0328125
1 0.7984375 0.16484375 0.015625 0.0328125
1 0.83203125 0.18828125 0.0171875 0.0328125
1 0.784375 0.21484375 0.02109375 0.040625
1 0.76875 0.2484375 0.021875 0.04609375
1 0.79453125 0.3 0.02890625 0.06171875