1 0.275 0.38359375 0.0546875 0.084375
1 0.34296875 0.26484375 0.01484375 0.03359375
1 0.41953125 0.259375 0.01875 0.03359375
1 0.38359375 0.18828125 0.0203125 0.03203125
1 0.41015625 0.165625 0.01640625 0.025
1 0.4171875 0.20625 0.0140625 0.03203125
1 0.434375 0.17421875 0.01640625 0.028125
1 0.4359375 0.2125 0.01484375 0.03359375
1 0.45625 0.17109375 0.01796875 0.03203125
1 0.49140625 0.13671875 0.01171875 0.0265625
1 0.5171875 0.115625 0.01328125 0.0265625
1 0.47890625 0.18125 0.01875 0.03515625
1 0.46796875 0.2109375 0.01484375 0.028125
1 0.50859375 0.2171875 0.01640625 0.03359375
1 0.5390625 0.203125 0.01484375 0.03359375
1 0.5421875 0.16015625 0.01171875 0.028125
1 0.5453125 0.13359375 0.01640625 0.03203125
1 0.58125 0.115625 0.0109375 0.0265625
1 0.58671875 0.17265625 0.0140625 0.0421875
1 0.58671875 0.2640625 0.0171875 0.04609375
1 0.5953125 0.175 0.0171875 0.0296875
1 0.56640625 0.17265625 0.0140625 0.028125
1 0.621875 0.10234375 0.0109375 0.02109375
1 0.60859375 0.13125 0.01015625 0.0296875
1 0.62578125 0.140625 0.01640625 0.03515625
1 0.66484375 0.11171875 0.0140625 0.03359375
1 0.71484375 0.10859375 0.0171875 0.03359375
1 0.69140625 0.12578125 0.01328125 0.0296875
1 0.64140625 0.2296875 0.02265625 0.0578125
1 0.65390625 0.31015625 0.02421875 0.053125
1 0.7046875 0.33203125 0.02421875 0.05078125
1 0.73359375 0.27265625 0.021875 0.053125
1 0.6890625 0.203125 0.0203125 0.03671875
1 0.71796875 0.18828125 0.01484375 0.0390625
1 0.74140625 0.17578125 0.0171875 0.04609375
1 0.75625 0.1515625 0.01328125 0.0421875
1 0.7796875 0.13984375 0.0140625 0.04375
1 0.76640625 0.2 0.01796875 0.03671875
1 0.78046875 0.23046875 0.01796875 0.03515625
1 0.7875 0.1859375 0.01171875 0.0265625
1 0.7984375 0.1578125 0.0203125 0.04375
1 0.79609375 0.21640625 0.01796875 0.0421875
1 0.8484375 0.16484375 0.01484375 0.03671875
1 0.88359375 0.15390625 0.01640625 0.03359375
1 0.83671875 0.26796875 0.02265625 0.03515625
1 0.84921875 0.22265625 0.01640625 0.040625
1 0.87421875 0.1921875 0.0171875 0.03515625
1 0.90859375 0.2078125 0.01640625 0.0390625
1 0.8875 0.26875 0.02109375 0.04765625
1 0.88125 0.3203125 0.0203125 0.04609375
1 0.9390625 0.30078125 0.02109375 0.0421875
1 0.94296875 0.240625 0.01796875 0.040625
1 0.94375 0.20390625 0.0140625 0.03515625
1 0.94765625 0.1796875 0.01171875 0.03203125
1 0.9015625 0.25390625 0.02109375 0.0390625
1 0.83359375 0.18203125 0.01328125 0.0296875
1 0.66875 0.14140625 0.01171875 0.0296875
1 0.62265625 0.25078125 0.02421875 0.0578125
1 0.39609375 0.25078125 0.0203125 0.03671875
1 0.53515625 0.14765625 0.0171875 0.028125
1 0.47421875 0.14453125 0.01484375 0.025
1 0.61328125 0.1578125 0.01328125 0.03359375