1 0.065625 0.41171875 0.03359375 0.0625
1 0.57109375 0.12421875 0.015625 0.03671875
1 0.5984375 0.11953125 0.0140625 0.025
1 0.6234375 0.11484375 0.015625 0.028125
1 0.6375 0.11640625 0.01015625 0.025
1 0.684375 0.12578125 0.01328125 0.0265625
1 0.7171875 0.134375 0.015625 0.034375
1 0.74140625 0.115625 0.0203125 0.0296875
1 0.7734375 0.12578125 0.01796875 0.03671875
1 0.815625 0.12734375 0.0140625 0.0296875
1 0.46171875 0.13515625 0.01953125 0.0296875
1 0.4890625 0.134375 0.0125 0.03125
1 0.865625 0.1515625 0.015625 0.03828125
1 0.88828125 0.16484375 0.01484375 0.03828125
1 0.9046875 0.1515625 0.015625 0.03828125
1 0.49921875 0.14921875 0.0140625 0.03828125
1 0.5328125 0.165625 0.025 0.03984375
1 0.57578125 0.17265625 0.0203125 0.034375
1 0.65703125 0.18046875 0.0203125 0.03984375
1 0.6375 0.2 0.01796875 0.04296875
1 0.69453125 0.17734375 0.0203125 0.04765625
1 0.72578125 0.16875 0.01796875 0.03671875
1 0.76484375 0.171875 0.01953125 0.03984375
1 0.78828125 0.14609375 0.01796875 0.03125
1 0.80625 0.16171875 0.0171875 0.03984375
1 0.8328125 0.14453125 0.01328125 0.025
1 0.84765625 0.178125 0.015625 0.04609375
1 0.834375 0.21484375 0.02265625 0.03984375
1 0.9046875 0.21640625 0.025 0.04609375
1 0.7796875 0.2 0.02265625 0.04296875
1 0.9359375 0.225 0.01875 0.04296875
1 0.92890625 0.25859375 0.021875 0.0546875
1 0.8703125 0.24921875 0.02265625 0.04609375
1 0.72890625 0.2140625 0.0265625 0.04140625
1 0.37578125 0.18671875 0.009375 0.03984375
1 0.39140625 0.1890625 0.015625 0.04140625
1 0.4125 0.19375 0.01796875 0.04296875
1 0.43984375 0.1953125 0.015625 0.03984375
1 0.4828125 0.21875 0.01484375 0.03125
1 0.53359375 0.209375 0.0203125 0.034375
1 0.56171875 0.2421875 0.025 0.0578125
1 0.63203125 0.24609375 0.021875 0.04921875
1 0.684375 0.24453125 0.025 0.053125
1 0.76484375 0.24453125 0.028125 0.0625
1 0.7265625 0.275 0.0265625 0.0578125
1 0.7828125 0.26953125 0.02734375 0.04921875
1 0.8421875 0.2828125 0.02265625 0.04296875
1 0.32890625 0.21015625 0.01328125 0.0296875
1 0.3390625 0.22421875 0.01796875 0.034375
1 0.609375 0.30546875 0.025 0.05625
1 0.55078125 0.30234375 0.025 0.059375
1 0.5109375 0.29375 0.01953125 0.04765625
1 0.35859375 0.2609375 0.01796875 0.03984375
1 0.3625 0.29921875 0.021875 0.04296875
1 0.42109375 0.246875 0.01875 0.04140625
1 0.2859375 0.2609375 0.01484375 0.0296875
1 0.26484375 0.26640625 0.021875 0.03671875
1 0.33984375 0.2578125 0.01953125 0.03671875
1 0.36640625 0.2171875 0.0171875 0.03828125
1 0.59140625 0.14453125 0.01328125 0.034375
1 0.6140625 0.13984375 0.0140625 0.025
1 0.753125 0.13671875 0.01953125 0.03828125
1 0.6671875 0.2046875 0.0234375 0.04296875
1 0.4703125 0.19921875 0.021875 0.04140625
1 0.4796875 0.1625 0.01484375 0.03828125
1 0.403125 0.21640625 0.01875 0.04609375