1 0.2046875 0.36171875 0.04375 0.0953125
1 0.25546875 0.2875 0.01640625 0.03671875
1 0.2859375 0.26953125 0.0140625 0.03671875
1 0.29609375 0.2625 0.0203125 0.03984375
1 0.3078125 0.23515625 0.01953125 0.03515625
1 0.325 0.2640625 0.01484375 0.03046875
1 0.3390625 0.2765625 0.01875 0.0453125
1 0.36953125 0.21484375 0.01875 0.03515625
1 0.38046875 0.221875 0.01484375 0.03828125
1 0.384375 0.20078125 0.01875 0.03359375
1 0.40234375 0.2328125 0.02109375 0.04375
1 0.421875 0.28125 0.02578125 0.046875
1 0.40703125 0.17421875 0.01640625 0.0265625
1 0.43046875 0.20078125 0.01796875 0.03671875
1 0.4421875 0.2265625 0.01953125 0.03828125
1 0.4671875 0.23359375 0.025 0.0453125
1 0.45234375 0.18046875 0.01796875 0.03984375
1 0.459375 0.15546875 0.01171875 0.03046875
1 0.46640625 0.159375 0.01640625 0.03515625
1 0.4796875 0.1765625 0.01640625 0.028125
1 0.5328125 0.196875 0.02109375 0.03515625
1 0.5203125 0.16796875 0.015625 0.03203125
1 0.51171875 0.1515625 0.015625 0.028125
1 0.484375 0.13046875 0.01484375 0.03046875
1 0.5296875 0.12734375 0.015625 0.0265625
1 0.54765625 0.140625 0.01484375 0.03046875
1 0.55234375 0.12578125 0.01171875 0.0265625
1 0.559375 0.11796875 0.0140625 0.028125
1 0.58828125 0.12109375 0.01640625 0.03203125
1 0.559375 0.171875 0.01875 0.03671875
1 0.57421875 0.15703125 0.015625 0.03359375
1 0.60703125 0.128125 0.01328125 0.025
1 0.603125 0.09921875 0.01328125 0.028125
1 0.6203125 0.1421875 0.01640625 0.03359375
1 0.62265625 0.10234375 0.01328125 0.0265625
1 0.646875 0.10234375 0.0140625 0.0265625
1 0.646875 0.1203125 0.01484375 0.0265625
1 0.66171875 0.1203125 0.01484375 0.03359375
1 0.6859375 0.10390625 0.0140625 0.03671875
1 0.53984375 0.3109375 0.02890625 0.06015625
1 0.4921875 0.3 0.03203125 0.06171875
1 0.57421875 0.23984375 0.0234375 0.0453125
1 0.603125 0.21484375 0.02265625 0.0484375
1 0.61015625 0.26328125 0.02578125 0.0515625
1 0.58828125 0.3671875 0.03359375 0.075
1 0.671875 0.3359375 0.03046875 0.0765625
1 0.6609375 0.26328125 0.025 0.0515625
1 0.65546875 0.215625 0.02421875 0.05
1 0.6421875 0.1828125 0.01875 0.03515625
1 0.678125 0.165625 0.01953125 0.03984375
1 0.7015625 0.18125 0.01953125 0.0453125
1 0.6859375 0.2265625 0.0296875 0.05546875
1 0.70234375 0.140625 0.01796875 0.03671875
1 0.73671875 0.14609375 0.02109375 0.03515625
1 0.7359375 0.11171875 0.015625 0.03359375
1 0.72578125 0.19921875 0.02109375 0.03984375
1 0.7421875 0.2359375 0.0234375 0.053125
1 0.7515625 0.18515625 0.01953125 0.03828125
1 0.7546875 0.1359375 0.015625 0.03203125
1 0.77421875 0.12265625 0.015625 0.03203125
1 0.78984375 0.1359375 0.01640625 0.03203125
1 0.8078125 0.11796875 0.01328125 0.028125
1 0.79765625 0.1765625 0.01796875 0.0421875
1 0.81875 0.2375 0.01875 0.05
1 0.77734375 0.29296875 0.02578125 0.06328125
1 0.72421875 0.309375 0.02890625 0.05703125
1 0.9140625 0.2953125 0.03203125 0.06171875
1 0.86484375 0.228125 0.01953125 0.05859375
1 0.83828125 0.1921875 0.0203125 0.046875
1 0.83046875 0.14609375 0.01640625 0.03828125
1 0.85546875 0.15234375 0.0140625 0.03984375
1 0.8703125 0.178125 0.015625 0.03828125
1 0.88515625 0.2015625 0.01484375 0.0421875
1 0.89296875 0.1703125 0.01875 0.03984375
1 0.88671875 0.13125 0.01640625 0.03515625
1 0.91796875 0.20625 0.0234375 0.0453125
1 0.92109375 0.175 0.01640625 0.03203125
1 0.91875 0.15234375 0.015625 0.0234375