1 0.075 0.24140625 0.065625 0.15859375
1 0.053125 0.153125 0.04453125 0.084375
1 0.0109375 0.221875 0.01953125 0.1140625
1 0.17734375 0.190625 0.040625 0.08359375
1 0.19375 0.253125 0.03828125 0.0859375
1 0.278125 0.2375 0.05546875 0.11640625
1 0.3 0.19609375 0.05 0.09453125
1 0.390625 0.22421875 0.0421875 0.090625
1 0.4828125 0.21015625 0.0359375 0.0734375
1 0.51875 0.21015625 0.05234375 0.115625
1 0.559375 0.1859375 0.03359375 0.103125
1 0.59375 0.178125 0.03203125 0.07109375
1 0.66171875 0.20390625 0.0375 0.096875
1 0.69609375 0.20234375 0.0359375 0.07890625
1 0.7921875 0.18671875 0.03515625 0.09609375
1 0.9265625 0.41640625 0.109375 0.2359375