1 0.0171875 0.4328125 0.02265625 0.05390625
1 0.2359375 0.34453125 0.01484375 0.0328125
1 0.2625 0.38125 0.02109375 0.04375
1 0.3015625 0.37109375 0.01953125 0.0421875
1 0.33984375 0.36640625 0.01953125 0.040625
1 0.29296875 0.3125 0.01640625 0.0359375
1 0.3640625 0.296875 0.01328125 0.028125
1 0.36796875 0.334375 0.0140625 0.03125
1 0.39296875 0.34453125 0.01484375 0.0390625
1 0.41953125 0.34765625 0.0203125 0.0421875
1 0.4609375 0.353125 0.01640625 0.0390625
1 0.41953125 0.3046875 0.0140625 0.03125
1 0.39765625 0.2671875 0.0125 0.028125
1 0.41484375 0.27421875 0.0125 0.0296875
1 0.45078125 0.26953125 0.01484375 0.0296875
1 0.4453125 0.315625 0.01875 0.0359375
1 0.48203125 0.3078125 0.01328125 0.034375
1 0.51328125 0.325 0.01640625 0.0390625
1 0.440625 0.24140625 0.0125 0.02578125
1 0.48359375 0.26953125 0.0140625 0.0265625
1 0.4765625 0.240625 0.0109375 0.02265625
1 0.48515625 0.23828125 0.0125 0.02421875
1 0.5078125 0.27265625 0.0140625 0.0328125
1 0.53203125 0.27890625 0.01484375 0.03125
1 0.53671875 0.2484375 0.0125 0.0265625
1 0.55859375 0.25078125 0.0125 0.028125
1 0.559375 0.29609375 0.01484375 0.0328125
1 0.54765625 0.36328125 0.021875 0.04609375
1 0.47421875 0.41953125 0.02421875 0.05234375
1 0.55 0.43203125 0.025 0.05234375
1 0.5953125 0.26640625 0.0140625 0.0328125
1 0.58671875 0.253125 0.01171875 0.0265625
1 0.5796875 0.22109375 0.01015625 0.02578125
1 0.590625 0.22265625 0.0109375 0.02265625
1 0.61484375 0.25390625 0.01328125 0.03125
1 0.61875 0.225 0.01171875 0.028125
1 0.62421875 0.2046875 0.01171875 0.028125
1 0.64140625 0.2203125 0.01015625 0.0265625
1 0.65546875 0.225 0.01171875 0.028125
1 0.659375 0.2515625 0.01328125 0.0296875
1 0.67578125 0.209375 0.01015625 0.02421875
1 0.6921875 0.23203125 0.0109375 0.0328125
1 0.7171875 0.2234375 0.0109375 0.0265625
1 0.721875 0.24921875 0.0140625 0.034375
1 0.69375 0.265625 0.0125 0.03125
1 0.70859375 0.296875 0.0171875 0.040625
1 0.64921875 0.30859375 0.01796875 0.0421875
1 0.6125 0.34609375 0.021875 0.04453125
1 0.74453125 0.290625 0.0140625 0.0328125
1 0.6125 0.46328125 0.02734375 0.0671875
1 0.61171875 0.4078125 0.02421875 0.04921875
1 0.6734375 0.38125 0.02109375 0.05234375
1 0.6625 0.35078125 0.01796875 0.040625
1 0.71015625 0.3671875 0.01953125 0.04609375
1 0.72421875 0.496875 0.03125 0.08671875
1 0.65703125 0.48828125 0.0359375 0.06015625
1 0.79609375 0.4515625 0.0265625 0.05234375
1 0.7359375 0.42578125 0.021875 0.04609375
1 0.85859375 0.5390625 0.03125 0.065625
1 0.8703125 0.47890625 0.028125 0.0625
1 0.93046875 0.47421875 0.02890625 0.065625
1 0.884375 0.38125 0.02109375 0.05234375
1 0.83203125 0.3734375 0.02109375 0.04921875
1 0.85859375 0.34453125 0.01484375 0.0421875
1 0.86171875 0.315625 0.01484375 0.0328125
1 0.83828125 0.3171875 0.01640625 0.0359375
1 0.7921875 0.2984375 0.01484375 0.03125
1 0.7578125 0.2625 0.01640625 0.03125
1 0.77890625 0.26953125 0.01171875 0.0296875
1 0.78515625 0.2390625 0.0140625 0.03125
1 0.8078125 0.2546875 0.0140625 0.0265625
1 0.79921875 0.24765625 0.01171875 0.028125
1 0.84296875 0.2765625 0.01328125 0.03125
1 0.86484375 0.25625 0.01328125 0.0296875
1 0.87421875 0.28359375 0.01328125 0.040625
1 0.88203125 0.271875 0.01015625 0.03125
1 0.896875 0.26171875 0.0125 0.0359375
1 0.90546875 0.34453125 0.01640625 0.0390625
1 0.9125 0.31796875 0.0125 0.0375
1 0.91796875 0.284375 0.0125 0.0296875
1 0.9359375 0.33203125 0.0140625 0.0390625
1 0.94921875 0.35625 0.01796875 0.04453125
1 0.96015625 0.31328125 0.0125 0.03125
1 0.96015625 0.28359375 0.01171875 0.03125
1 0.93984375 0.3125 0.01484375 0.0375