1 0.2890625 0.41484375 0.05703125 0.12109375
1 0.37265625 0.52265625 0.06484375 0.13984375
1 0.4125 0.20546875 0.02109375 0.04609375
1 0.43125 0.2078125 0.0125 0.03046875
1 0.45078125 0.21484375 0.01484375 0.0375
1 0.478125 0.2390625 0.02109375 0.0359375
1 0.509375 0.23515625 0.021875 0.04453125
1 0.58984375 0.125 0.01796875 0.02890625
1 0.61640625 0.12109375 0.01328125 0.02734375
1 0.64765625 0.13046875 0.01171875 0.02578125
1 0.59609375 0.26015625 0.0234375 0.0390625
1 0.64453125 0.25234375 0.03046875 0.0578125