1 0.19609375 0.35625 0.03984375 0.0734375
1 0.3109375 0.2296875 0.0203125 0.0390625
1 0.32890625 0.19296875 0.01875 0.03515625
1 0.34609375 0.1984375 0.01640625 0.03125
1 0.4140625 0.1921875 0.01640625 0.03671875
1 0.4203125 0.16953125 0.0140625 0.02578125
1 0.4171875 0.15234375 0.0140625 0.02421875
1 0.45234375 0.14765625 0.015625 0.02578125
1 0.4421875 0.20078125 0.0203125 0.03671875
1 0.46875 0.190625 0.01640625 0.03515625
1 0.475 0.21640625 0.021875 0.04609375
1 0.46875 0.1296875 0.01328125 0.02421875
1 0.484375 0.14140625 0.0140625 0.02734375
1 0.50078125 0.1296875 0.01328125 0.02421875
1 0.51015625 0.1109375 0.01328125 0.021875
1 0.51015625 0.153125 0.01171875 0.02578125
1 0.53125 0.146875 0.015625 0.02734375
1 0.53203125 0.1171875 0.01171875 0.0203125
1 0.54296875 0.12421875 0.01171875 0.02421875
1 0.55703125 0.1296875 0.01171875 0.02421875
1 0.56875 0.13125 0.01328125 0.021875
1 0.58046875 0.1109375 0.01328125 0.021875
1 0.565625 0.1734375 0.0140625 0.03359375
1 0.58203125 0.16796875 0.015625 0.03359375
1 0.52890625 0.2640625 0.021875 0.04765625
1 0.59140625 0.2265625 0.01875 0.03671875
1 0.5921875 0.28671875 0.025 0.04609375
1 0.625 0.2875 0.0296875 0.059375
1 0.63359375 0.23359375 0.01875 0.03515625
1 0.63046875 0.19375 0.01953125 0.040625
1 0.6640625 0.20390625 0.01953125 0.03515625
1 0.665625 0.17265625 0.01640625 0.03125
1 0.6921875 0.11796875 0.0125 0.02578125
1 0.7 0.1125 0.0125 0.01875
1 0.6859375 0.1171875 0.01015625 0.01640625
1 0.65625 0.103125 0.01171875 0.021875
1 0.64140625 0.10703125 0.01015625 0.021875
1 0.628125 0.13828125 0.0140625 0.021875
1 0.62734375 0.0953125 0.0125 0.02421875
1 0.609375 0.11796875 0.01171875 0.02578125
1 0.59921875 0.1328125 0.0140625 0.02578125
1 0.709375 0.1828125 0.01640625 0.040625
1 0.7046875 0.15625 0.01328125 0.02421875
1 0.7390625 0.15 0.0140625 0.03125
1 0.75 0.14296875 0.0140625 0.02421875
1 0.7421875 0.1234375 0.0140625 0.02578125
1 0.76328125 0.1265625 0.01171875 0.02734375
1 0.7765625 0.12421875 0.01015625 0.02421875
1 0.7109375 0.25 0.01953125 0.0421875
1 0.690625 0.30625 0.02578125 0.0625
1 0.653125 0.27109375 0.021875 0.04765625
1 0.790625 0.19296875 0.0171875 0.0421875
1 0.7859375 0.16484375 0.015625 0.03125
1 0.80390625 0.16484375 0.01328125 0.03125
1 0.81484375 0.17890625 0.01328125 0.03359375
1 0.82734375 0.16796875 0.01328125 0.0296875
1 0.8328125 0.20390625 0.01640625 0.0390625
1 0.80859375 0.25859375 0.0203125 0.04765625
1 0.7875 0.28203125 0.02265625 0.04765625
1 0.7640625 0.3734375 0.02890625 0.06796875
1 0.82734375 0.3578125 0.0265625 0.06640625
1 0.8453125 0.31796875 0.021875 0.05
1 0.85390625 0.25859375 0.01953125 0.04765625
1 0.909375 0.3828125 0.025 0.06484375
1 0.9203125 0.32578125 0.028125 0.05
1 0.9390625 0.271875 0.02265625 0.0421875
1 0.91328125 0.2296875 0.0171875 0.0390625
1 0.88203125 0.2234375 0.015625 0.03671875
1 0.8859375 0.196875 0.01953125 0.03515625
1 0.86484375 0.17265625 0.01328125 0.03125
1 0.85 0.18359375 0.01640625 0.03125
1 0.85 0.14375 0.0125 0.02578125
1 0.87734375 0.14609375 0.0125 0.02578125
1 0.875 0.15703125 0.01328125 0.02578125
1 0.91484375 0.16484375 0.0140625 0.03515625
1 0.93984375 0.17890625 0.01328125 0.0296875
1 0.93828125 0.20078125 0.0140625 0.0296875