1 0.053125 0.5546875 0.053125 0.10625
1 0.25625 0.26953125 0.0140625 0.0328125
1 0.2734375 0.2734375 0.01796875 0.03671875
1 0.29140625 0.2671875 0.02109375 0.03828125
1 0.31328125 0.27734375 0.01875 0.03515625
1 0.3390625 0.275 0.02109375 0.03671875
1 0.3078125 0.23515625 0.01796875 0.0296875
1 0.340625 0.22734375 0.01640625 0.03515625
1 0.36484375 0.21875 0.01640625 0.0328125
1 0.39765625 0.2921875 0.025 0.0546875
1 0.37578125 0.2125 0.015625 0.03515625
1 0.38515625 0.20078125 0.01484375 0.025
1 0.41015625 0.22421875 0.01640625 0.03828125
1 0.44375 0.2265625 0.0203125 0.03671875
1 0.4640625 0.23671875 0.01953125 0.04609375
1 0.46015625 0.19375 0.01640625 0.0328125
1 0.43671875 0.2 0.01875 0.0296875
1 0.425 0.17734375 0.01796875 0.0328125
1 0.40234375 0.17734375 0.01171875 0.0265625
1 0.45234375 0.16171875 0.01484375 0.021875
1 0.4484375 0.14296875 0.009375 0.025
1 0.4734375 0.1671875 0.01328125 0.0265625
1 0.46953125 0.146875 0.009375 0.01796875
1 0.48046875 0.1359375 0.009375 0.01953125
1 0.50078125 0.1671875 0.01484375 0.0234375
1 0.5265625 0.14140625 0.015625 0.028125
1 0.540625 0.1609375 0.01484375 0.03671875
1 0.565625 0.17421875 0.015625 0.03671875
1 0.5734375 0.15234375 0.0109375 0.0296875
1 0.55390625 0.1125 0.0109375 0.0265625
1 0.578125 0.12578125 0.01171875 0.0234375
1 0.6140625 0.14453125 0.01640625 0.03828125
1 0.5890625 0.10234375 0.01328125 0.0234375
1 0.6046875 0.1234375 0.0109375 0.021875
1 0.61484375 0.10625 0.0109375 0.0234375
1 0.63203125 0.1234375 0.01328125 0.025
1 0.6375 0.10625 0.01484375 0.0234375
1 0.66171875 0.11875 0.0140625 0.028125
1 0.68359375 0.10234375 0.01328125 0.0328125
1 0.4796875 0.30703125 0.02421875 0.0546875
1 0.540625 0.2890625 0.0328125 0.06484375
1 0.50859375 0.2234375 0.01953125 0.03984375
1 0.484375 0.21640625 0.01796875 0.03828125
1 0.5625 0.246875 0.02109375 0.04609375
1 0.6015625 0.21796875 0.0234375 0.04453125
1 0.6125 0.25390625 0.021875 0.04453125
1 0.59296875 0.3578125 0.034375 0.06640625
1 0.66796875 0.3421875 0.03671875 0.078125
1 0.6515625 0.25546875 0.02421875 0.0515625
1 0.65859375 0.20859375 0.021875 0.04296875
1 0.6515625 0.17890625 0.01875 0.03984375
1 0.68046875 0.15078125 0.01953125 0.0328125
1 0.696875 0.17734375 0.01796875 0.04296875
1 0.6921875 0.1453125 0.015625 0.0296875
1 0.70546875 0.13828125 0.0140625 0.03515625
1 0.69921875 0.2234375 0.0234375 0.04609375
1 0.7109375 0.2828125 0.02421875 0.05625
1 0.775 0.296875 0.02890625 0.0578125
1 0.7546875 0.234375 0.02109375 0.0546875
1 0.73203125 0.19921875 0.021875 0.04453125
1 0.73359375 0.16875 0.01796875 0.03984375
1 0.74140625 0.1390625 0.01796875 0.03984375
1 0.72890625 0.128125 0.01484375 0.04453125
1 0.74375 0.10859375 0.015625 0.03515625
1 0.75625 0.12421875 0.01796875 0.03671875
1 0.75546875 0.16484375 0.015625 0.03828125
1 0.7875 0.1390625 0.01328125 0.0328125
1 0.7875 0.12109375 0.01484375 0.0265625
1 0.80234375 0.12890625 0.01484375 0.0328125
1 0.79375 0.1765625 0.01875 0.03828125
1 0.81015625 0.171875 0.01171875 0.0328125
1 0.82265625 0.13828125 0.015625 0.03515625
1 0.83515625 0.184375 0.015625 0.04140625
1 0.8421875 0.15546875 0.01640625 0.03671875
1 0.8546875 0.21953125 0.01875 0.04140625
1 0.8796875 0.20078125 0.015625 0.03125
1 0.909375 0.2875 0.02109375 0.0578125
1 0.91484375 0.196875 0.01640625 0.03984375
1 0.92265625 0.165625 0.0140625 0.0328125
1 0.884375 0.16953125 0.01484375 0.03515625
1 0.89296875 0.1375 0.01640625 0.0328125
1 0.8546875 0.14375 0.01640625 0.0296875
1 0.859375 0.12734375 0.0140625 0.0296875