1 0.134375 0.23203125 0.0734375 0.1109375
1 0.09140625 0.221875 0.0421875 0.103125
1 0.17890625 0.2375 0.04453125 0.08828125
1 0.2625 0.2203125 0.03203125 0.0640625
1 0.3015625 0.21328125 0.05625 0.1078125
1 0.3625 0.19921875 0.0328125 0.0515625
1 0.39609375 0.2203125 0.05 0.1
1 0.4359375 0.21953125 0.04375 0.09140625
1 0.5328125 0.21796875 0.0421875 0.06875
1 0.6125 0.1890625 0.03828125 0.06875
1 0.7265625 0.19375 0.06796875 0.1046875
1 0.796875 0.22734375 0.065625 0.1171875
1 0.83515625 0.1921875 0.0421875 0.08515625
1 0.89609375 0.2140625 0.0625 0.103125
1 0.978125 0.19296875 0.04140625 0.103125