1 0.08984375 0.534375 0.10703125 0.18125
1 0.2234375 0.41171875 0.08984375 0.14375
1 0.2296875 0.31328125 0.06640625 0.10859375
1 0.278125 0.35859375 0.06328125 0.09296875
1 0.2953125 0.2859375 0.05 0.0828125
1 0.21640625 0.253125 0.06015625 0.078125
1 0.0875 0.43203125 0.08203125 0.1234375
1 0.10234375 0.31484375 0.071875 0.115625
1 0.01796875 0.30546875 0.0359375 0.0984375
1 0.0203125 0.4015625 0.03984375 0.11328125
1 0.359375 0.6171875 0.13203125 0.2421875
1 0.4078125 0.465625 0.08515625 0.14609375
1 0.4671875 0.403125 0.08203125 0.13125
1 0.43359375 0.33125 0.06015625 0.103125
1 0.496875 0.3171875 0.05703125 0.1109375
1 0.60546875 0.51484375 0.0984375 0.15390625
1 0.5875 0.37890625 0.06484375 0.11328125
1 0.68515625 0.37265625 0.06640625 0.115625
1 0.76640625 0.34609375 0.06015625 0.103125
1 0.81015625 0.396875 0.08671875 0.13828125
1 0.8703125 0.48359375 0.10703125 0.18125
1 0.92734375 0.375 0.08515625 0.14609375