1 0.2015625 0.48515625 0.03828125 0.0875
1 0.30390625 0.246875 0.0203125 0.0390625
1 0.32578125 0.265625 0.0203125 0.040625
1 0.34375 0.278125 0.01796875 0.0375
1 0.43515625 0.28359375 0.021875 0.046875
1 0.3890625 0.20625 0.015625 0.0328125
1 0.42734375 0.21640625 0.01796875 0.03046875
1 0.45390625 0.215625 0.015625 0.02890625
1 0.4765625 0.21796875 0.0140625 0.02734375
1 0.48203125 0.19375 0.015625 0.02734375
1 0.4546875 0.1859375 0.0140625 0.02734375
1 0.43671875 0.175 0.0140625 0.02890625
1 0.46328125 0.15546875 0.0125 0.02265625
1 0.48203125 0.16640625 0.015625 0.02734375
1 0.50546875 0.16875 0.01328125 0.02890625
1 0.49453125 0.1390625 0.0140625 0.02421875
1 0.5390625 0.14609375 0.01328125 0.02265625
1 0.54609375 0.13125 0.0125 0.02890625
1 0.5671875 0.121875 0.01328125 0.02890625
1 0.56640625 0.1578125 0.01328125 0.02578125
1 0.58828125 0.16328125 0.0140625 0.03046875
1 0.58203125 0.13203125 0.01328125 0.02734375
1 0.61484375 0.1390625 0.0125 0.02421875
1 0.61796875 0.109375 0.0125 0.02421875
1 0.62734375 0.1171875 0.01484375 0.02578125
1 0.65546875 0.0625 0.0109375 0.01796875
1 0.6953125 0.0609375 0.01328125 0.02421875
1 0.4921875 0.3265625 0.028125 0.0484375
1 0.55546875 0.3203125 0.02578125 0.05390625
1 0.62578125 0.31015625 0.02578125 0.06796875
1 0.58046875 0.25390625 0.0203125 0.040625
1 0.61484375 0.2515625 0.0234375 0.0453125
1 0.62734375 0.209375 0.0234375 0.0453125
1 0.6671875 0.26328125 0.02265625 0.0453125
1 0.678125 0.21171875 0.0265625 0.046875
1 0.70859375 0.20625 0.01953125 0.0421875
1 0.7265625 0.28515625 0.0265625 0.05703125
1 0.78828125 0.315625 0.0265625 0.05
1 0.7 0.109375 0.0140625 0.03046875
1 0.6953125 0.1609375 0.01796875 0.0390625
1 0.7265625 0.1421875 0.0171875 0.0375
1 0.75703125 0.184375 0.01796875 0.03046875
1 0.7640625 0.1546875 0.01875 0.03046875
1 0.7625 0.121875 0.0125 0.02578125
1 0.75 0.12265625 0.01796875 0.0375
1 0.821875 0.13359375 0.0140625 0.03046875
1 0.83828125 0.1546875 0.0140625 0.03046875
1 0.8125 0.19296875 0.0171875 0.02890625
1 0.86171875 0.18984375 0.01484375 0.0390625
1 0.8828125 0.2296875 0.01796875 0.04375
1 0.8984375 0.19375 0.01875 0.040625
1 0.93671875 0.20390625 0.01875 0.040625