1 0.065625 0.421875 0.09765625 0.1890625
1 0.25703125 0.33515625 0.06953125 0.159375
1 0.34140625 0.2640625 0.03984375 0.0796875
1 0.36796875 0.25546875 0.03359375 0.0703125
1 0.41171875 0.296875 0.04375 0.08671875
1 0.44921875 0.26640625 0.0375 0.078125
1 0.5046875 0.23828125 0.03046875 0.06875
1 0.44296875 0.48125 0.11484375 0.25546875
1 0.61171875 0.346875 0.06328125 0.1390625
1 0.58125 0.2546875 0.03515625 0.071875
1 0.59921875 0.21875 0.02890625 0.06328125
1 0.63359375 0.29609375 0.040625 0.1
1 0.64921875 0.25859375 0.04296875 0.0796875
1 0.67109375 0.234375 0.02734375 0.06484375
1 0.7609375 0.35 0.090625 0.20390625
1 0.75703125 0.21875 0.0375 0.078125
1 0.76953125 0.19921875 0.03046875 0.0609375
1 0.80546875 0.25078125 0.04140625 0.09453125
1 0.87734375 0.23984375 0.059375 0.128125
1 0.93828125 0.35703125 0.08046875 0.17421875