1 0.0078125 0.53125 0.015625 0.04296875
1 0.01953125 0.52109375 0.025 0.0375
1 0.02109375 0.4890625 0.02578125 0.0390625
1 0.0640625 0.56953125 0.04453125 0.071875
1 0.1359375 0.58984375 0.0453125 0.071875
1 0.11484375 0.5 0.02421875 0.0359375
1 0.1390625 0.50546875 0.0203125 0.0359375
1 0.1609375 0.5234375 0.01953125 0.0359375
1 0.165625 0.503125 0.02109375 0.025
1 0.17421875 0.47109375 0.0171875 0.03359375
1 0.19765625 0.5375 0.03359375 0.05234375
1 0.22109375 0.51875 0.0234375 0.03984375
1 0.21953125 0.48984375 0.0234375 0.03203125
1 0.25703125 0.5109375 0.0234375 0.04140625
1 0.246875 0.5671875 0.0390625 0.0625
1 0.29609375 0.63125 0.04921875 0.0875
1 0.34609375 0.6078125 0.05 0.0828125
1 0.30625 0.53046875 0.0265625 0.05234375
1 0.2953125 0.49453125 0.02109375 0.03359375
1 0.32734375 0.4984375 0.01953125 0.0390625
1 0.3484375 0.5203125 0.02421875 0.04296875
1 0.37265625 0.484375 0.01875 0.034375
1 0.39453125 0.5546875 0.03046875 0.0515625
1 0.41484375 0.5875 0.03984375 0.06953125
1 0.42734375 0.5484375 0.02421875 0.046875
1 0.45078125 0.49140625 0.01640625 0.03359375
1 0.47890625 0.50234375 0.01875 0.03984375
1 0.5015625 0.4859375 0.015625 0.03359375
1 0.49609375 0.5359375 0.0265625 0.05
1 0.55859375 0.578125 0.03125 0.059375
1 0.56640625 0.5109375 0.02109375 0.0390625
1 0.58671875 0.50234375 0.02109375 0.04609375
1 0.60703125 0.54296875 0.0296875 0.05234375
1 0.65625 0.5296875 0.0234375 0.0375
1 0.62890625 0.55546875 0.02109375 0.04453125
1 0.6984375 0.52109375 0.01953125 0.03359375
1 0.8 0.5359375 0.0296875 0.05
1 0.89296875 0.55859375 0.02734375 0.04296875
1 0.78828125 0.79921875 0.16640625 0.2796875