1 0.1015625 0.209375 0.096875 0.18046875
1 0.19375 0.30234375 0.0453125 0.0984375
1 0.2828125 0.23984375 0.03203125 0.065625
1 0.3046875 0.315625 0.04296875 0.07890625
1 0.32421875 0.390625 0.04375 0.10859375
1 0.44375 0.3296875 0.0296875 0.0765625
1 0.3796875 0.23046875 0.0328125 0.06640625
1 0.46875 0.40703125 0.05546875 0.1109375
1 0.478125 0.2109375 0.03203125 0.0640625
1 0.478125 0.14453125 0.03203125 0.06953125
1 0.57265625 0.15390625 0.0265625 0.06953125
1 0.5796875 0.23125 0.03828125 0.07109375
1 0.571875 0.30859375 0.03828125 0.075
1 0.575 0.484375 0.0640625 0.13203125
1 0.6890625 0.321875 0.040625 0.096875
1 0.690625 0.22734375 0.03515625 0.07109375
1 0.678125 0.13984375 0.02734375 0.059375
1 0.5921875 0.08046875 0.028125 0.05546875
1 0.6828125 0.06875 0.02421875 0.059375
1 0.75546875 0.1203125 0.03125 0.0734375
1 0.8015625 0.20625 0.03984375 0.090625
1 0.8140625 0.3359375 0.04921875 0.096875
1 0.7796875 0.465625 0.06015625 0.109375
1 0.9296875 0.59375 0.115625 0.190625
1 0.9765625 0.32265625 0.04609375 0.115625
1 0.9234375 0.2421875 0.04453125 0.0875
1 0.89375 0.14609375 0.0328125 0.078125
1 0.8640625 0.04765625 0.03125 0.05390625
1 0.98671875 0.115625 0.025 0.059375
1 0.98125 0.03984375 0.03671875 0.0765625