1 0.090625 0.440625 0.0515625 0.09609375
1 0.25703125 0.28203125 0.01875 0.03828125
1 0.28359375 0.2703125 0.01953125 0.03828125
1 0.30234375 0.25625 0.0171875 0.03984375
1 0.32109375 0.2796875 0.0171875 0.03984375
1 0.34296875 0.2890625 0.021875 0.04453125
1 0.32265625 0.22109375 0.01484375 0.03125
1 0.3484375 0.21171875 0.01875 0.0328125
1 0.3671875 0.221875 0.0140625 0.0328125
1 0.38125 0.234375 0.01796875 0.04140625
1 0.39453125 0.1984375 0.0125 0.0265625
1 0.4078125 0.1765625 0.01640625 0.028125
1 0.4296875 0.17734375 0.01484375 0.0328125
1 0.4171875 0.22109375 0.01484375 0.03828125
1 0.4328125 0.23203125 0.01640625 0.04609375
1 0.42734375 0.27578125 0.02578125 0.04453125
1 0.4546875 0.14140625 0.0140625 0.028125
1 0.44921875 0.18515625 0.01484375 0.0328125
1 0.475 0.175 0.01875 0.03125
1 0.4734375 0.1484375 0.01484375 0.028125
1 0.49140625 0.13125 0.0109375 0.025
1 0.5015625 0.165625 0.0140625 0.0328125
1 0.48046875 0.20703125 0.01875 0.03671875
1 0.4796875 0.240625 0.02265625 0.03828125
1 0.484375 0.303125 0.02265625 0.04609375
1 0.5328125 0.13984375 0.01484375 0.03515625
1 0.5515625 0.1640625 0.01484375 0.0328125
1 0.57421875 0.16640625 0.01796875 0.03828125
1 0.56796875 0.115625 0.0109375 0.0265625
1 0.5953125 0.1078125 0.0125 0.0296875
1 0.5859375 0.1328125 0.0140625 0.0265625
1 0.590625 0.15078125 0.01328125 0.0296875
1 0.55546875 0.13671875 0.0140625 0.025
1 0.5375 0.2046875 0.021875 0.03125
1 0.56171875 0.2390625 0.02421875 0.04453125
1 0.5609375 0.29609375 0.02421875 0.059375
1 0.609375 0.3328125 0.02734375 0.06328125
1 0.6046875 0.278125 0.02734375 0.04296875
1 0.61015625 0.21640625 0.021875 0.04453125
1 0.621875 0.1453125 0.0109375 0.03671875
1 0.61796875 0.10859375 0.0140625 0.028125
1 0.63828125 0.10703125 0.0109375 0.025
1 0.63515625 0.12421875 0.01328125 0.0265625
1 0.671875 0.1234375 0.0140625 0.03125
1 0.71171875 0.103125 0.0140625 0.028125
1 0.65234375 0.1765625 0.0171875 0.03828125
1 0.6625 0.20859375 0.01953125 0.04296875
1 0.678125 0.24453125 0.01796875 0.04140625
1 0.690625 0.18515625 0.0171875 0.03671875
1 0.68359375 0.16640625 0.01796875 0.03515625
1 0.71328125 0.1453125 0.0109375 0.0265625
1 0.74609375 0.1078125 0.0125 0.0296875
1 0.74140625 0.13828125 0.01640625 0.03828125
1 0.76640625 0.13125 0.0125 0.03515625
1 0.778125 0.1265625 0.0125 0.025
1 0.76015625 0.165625 0.01640625 0.03984375
1 0.74453125 0.1828125 0.0171875 0.04140625
1 0.7 0.2234375 0.0171875 0.04296875
1 0.7546875 0.26171875 0.0234375 0.053125
1 0.7125 0.2875 0.028125 0.0546875
1 0.675 0.3484375 0.03125 0.07109375
1 0.78515625 0.28984375 0.02265625 0.05625
1 0.8 0.1453125 0.01328125 0.0296875
1 0.815625 0.1328125 0.0109375 0.0265625
1 0.79609375 0.18984375 0.01640625 0.03828125
1 0.82265625 0.1625 0.01328125 0.0296875
1 0.85703125 0.1546875 0.01484375 0.03125
1 0.84296875 0.1515625 0.0140625 0.028125
1 0.853125 0.18125 0.01328125 0.028125
1 0.8625 0.13984375 0.0109375 0.025
1 0.87265625 0.15234375 0.01328125 0.0328125
1 0.884375 0.19609375 0.01484375 0.03828125
1 0.9 0.1328125 0.0109375 0.0328125
1 0.93203125 0.1515625 0.0109375 0.025
1 0.93203125 0.16328125 0.01015625 0.03125
1 0.93359375 0.1890625 0.0125 0.03671875
1 0.89453125 0.1765625 0.0125 0.03515625
1 0.90078125 0.16328125 0.01328125 0.028125
1 0.93203125 0.278125 0.01796875 0.05625
1 0.871875 0.23203125 0.0171875 0.05