1 0.18046875 0.3578125 0.05390625 0.08984375
1 0.31640625 0.228125 0.01015625 0.03359375
1 0.62109375 0.09765625 0.01171875 0.0265625
1 0.6328125 0.1 0.0125 0.0203125
1 0.659375 0.1046875 0.0125 0.0296875
1 0.590625 0.10390625 0.01328125 0.02421875
1 0.553125 0.11875 0.01484375 0.03203125
1 0.51328125 0.10546875 0.01328125 0.02421875
1 0.70078125 0.11640625 0.015625 0.0265625
1 0.475 0.12421875 0.01171875 0.028125
1 0.4140625 0.15625 0.01484375 0.028125
1 0.3484375 0.19921875 0.0171875 0.0359375
1 0.32109375 0.203125 0.0171875 0.028125
1 0.4125 0.196875 0.0171875 0.0296875
1 0.44609375 0.20234375 0.01875 0.0296875
1 0.48984375 0.1515625 0.01796875 0.03359375
1 0.5125 0.146875 0.01796875 0.0390625
1 0.53671875 0.14296875 0.0203125 0.03203125
1 0.57578125 0.13203125 0.0203125 0.0359375
1 0.55859375 0.18046875 0.0234375 0.04296875
1 0.60390625 0.140625 0.01796875 0.0375
1 0.6421875 0.14296875 0.0171875 0.0359375
1 0.67265625 0.1375 0.01796875 0.03203125
1 0.4859375 0.21171875 0.025 0.0484375
1 0.7609375 0.14453125 0.0171875 0.03359375
1 0.78515625 0.13125 0.0171875 0.0296875
1 0.5265625 0.2703125 0.0328125 0.05078125
1 0.58515625 0.2796875 0.021875 0.0578125
1 0.603125 0.3 0.04296875 0.075
1 0.62109375 0.253125 0.0265625 0.05234375
1 0.640625 0.1953125 0.02109375 0.04296875
1 0.66875 0.20625 0.02734375 0.05625
1 0.7125 0.18046875 0.0203125 0.0390625
1 0.721875 0.225 0.021875 0.0484375
1 0.684375 0.259375 0.02734375 0.05078125
1 0.7 0.3203125 0.03046875 0.075
1 0.7375 0.3859375 0.03046875 0.05234375
1 0.8015625 0.2078125 0.02421875 0.04140625
1 0.8 0.165625 0.0171875 0.03203125
1 0.77421875 0.1875 0.02109375 0.0375
1 0.84453125 0.14921875 0.015625 0.0359375
1 0.88203125 0.15078125 0.01484375 0.0359375
1 0.9171875 0.16640625 0.01484375 0.0375
1 0.94296875 0.16875 0.0125 0.04140625
1 0.8578125 0.196875 0.0171875 0.0453125
1 0.8046875 0.2828125 0.03046875 0.0671875
1 0.8328125 0.2265625 0.02734375 0.05234375
1 0.88359375 0.1890625 0.0203125 0.04140625
1 0.93984375 0.22265625 0.02421875 0.0453125
1 0.87578125 0.25859375 0.01875 0.05234375
1 0.8265625 0.353125 0.03125 0.06171875
1 0.93203125 0.28671875 0.02421875 0.06328125
1 0.92109375 0.359375 0.025 0.0484375
1 0.89609375 0.41171875 0.0359375 0.07109375
1 0.4625 0.14765625 0.01328125 0.0296875
1 0.53046875 0.121875 0.01796875 0.02265625
1 0.55546875 0.15234375 0.0171875 0.0359375
1 0.61640625 0.11484375 0.0203125 0.04296875
1 0.5921875 0.16796875 0.015625 0.0390625
1 0.7609375 0.12265625 0.01484375 0.028125
1 0.81953125 0.18203125 0.021875 0.05234375
1 0.84765625 0.31015625 0.0296875 0.0578125
1 0.87890625 0.22265625 0.02109375 0.05234375
1 0.9375 0.1953125 0.021875 0.05078125
1 0.4234375 0.1703125 0.01484375 0.0265625
1 0.6578125 0.13359375 0.015625 0.03203125
1 0.59296875 0.234375 0.0234375 0.05234375