1 0.04921875 0.41328125 0.0234375 0.06328125
1 0.0609375 0.4875 0.02421875 0.07109375
1 0.11953125 0.615625 0.03515625 0.0765625
1 0.2078125 0.44296875 0.0265625 0.0671875
1 0.2015625 0.35390625 0.02421875 0.06171875
1 0.23671875 0.296875 0.02109375 0.05234375
1 0.1671875 0.26796875 0.01640625 0.05078125
1 0.11796875 0.1953125 0.01484375 0.04296875
1 0.04296875 0.228125 0.01484375 0.0296875
1 0.15234375 0.14765625 0.0140625 0.0375
1 0.1609375 0.17421875 0.0140625 0.04140625
1 0.18046875 0.19921875 0.01484375 0.046875
1 0.21484375 0.13671875 0.01484375 0.0484375
1 0.2546875 0.125 0.021875 0.04140625
1 0.2828125 0.1859375 0.01484375 0.0390625
1 0.2875 0.15859375 0.0140625 0.04140625
1 0.325 0.2125 0.01796875 0.04296875
1 0.35 0.215625 0.01640625 0.04296875
1 0.38125 0.16640625 0.01484375 0.04453125
1 0.35859375 0.078125 0.0125 0.0375
1 0.39140625 0.08125 0.0109375 0.03203125
1 0.42734375 0.17265625 0.01484375 0.03515625
1 0.46640625 0.27265625 0.0171875 0.05234375
1 0.56015625 0.48046875 0.02890625 0.07109375
1 0.434375 0.07734375 0.0109375 0.03515625
1 0.465625 0.12421875 0.01484375 0.03515625
1 0.4703125 0.16015625 0.01484375 0.0390625
1 0.48203125 0.109375 0.0171875 0.0390625
1 0.48203125 0.05859375 0.01171875 0.028125
1 0.5125 0.09609375 0.01328125 0.028125
1 0.50390625 0.17578125 0.01484375 0.0375
1 0.48203125 0.21953125 0.015625 0.046875
1 0.54453125 0.30078125 0.02109375 0.05234375
1 0.55703125 0.16171875 0.01328125 0.03515625
1 0.5796875 0.19921875 0.01640625 0.046875
1 0.62109375 0.2375 0.01796875 0.04453125
1 0.54375 0.06953125 0.0125 0.0296875
1 0.59765625 0.128125 0.01484375 0.03515625
1 0.584375 0.08671875 0.009375 0.02421875
1 0.62734375 0.10546875 0.01328125 0.03203125
1 0.66328125 0.14140625 0.0109375 0.03515625
1 0.7125 0.20546875 0.01875 0.04453125
1 0.71953125 0.27421875 0.02109375 0.046875
1 0.69140625 0.3390625 0.01953125 0.05390625
1 0.79765625 0.38046875 0.01796875 0.0578125
1 0.78125 0.20390625 0.01640625 0.0375
1 0.82265625 0.22421875 0.015625 0.03359375
1 0.865625 0.275 0.01484375 0.0375
1 0.8859375 0.3 0.01640625 0.046875
1 0.9421875 0.375 0.01875 0.046875