1 0.3671875 0.13515625 0.0203125 0.02890625
1 0.42734375 0.153125 0.0140625 0.02421875
1 0.4 0.26015625 0.01796875 0.04140625
1 0.36171875 0.21875 0.01484375 0.03125
1 0.4734375 0.2140625 0.0203125 0.04296875
1 0.5796875 0.1203125 0.0140625 0.02734375
1 0.6015625 0.11328125 0.01484375 0.02421875
1 0.628125 0.25390625 0.0203125 0.05
1 0.4984375 0.30625 0.02578125 0.04453125
1 0.5484375 0.31875 0.028125 0.0484375
1 0.69921875 0.315625 0.03515625 0.06015625
1 0.69375 0.1796875 0.028125 0.053125
1 0.70234375 0.06015625 0.01640625 0.03125
1 0.75546875 0.11015625 0.02890625 0.04453125
1 0.79140625 0.26171875 0.028125 0.05859375
1 0.85390625 0.290625 0.03125 0.06171875
1 0.9265625 0.2984375 0.02734375 0.06015625
1 0.928125 0.140625 0.01640625 0.02578125
1 0.9546875 0.14921875 0.01171875 0.0328125