1 0.23671875 0.38125 0.053125 0.10703125
1 0.55234375 0.18359375 0.01875 0.04375
1 0.55078125 0.28359375 0.0296875 0.06484375
1 0.63359375 0.1890625 0.021875 0.0453125
1 0.671875 0.1828125 0.0234375 0.0453125
1 0.67890625 0.20390625 0.0265625 0.04765625
1 0.67265625 0.24375 0.03125 0.05703125
1 0.66953125 0.309375 0.03359375 0.06953125
1 0.71328125 0.19765625 0.0234375 0.0515625
1 0.74765625 0.2046875 0.02578125 0.05703125
1 0.75546875 0.234375 0.0203125 0.04921875
1 0.728125 0.2625 0.0265625 0.05546875
1 0.83125 0.359375 0.03125 0.06328125
1 0.91640625 0.38046875 0.034375 0.08125