1 0.178125 0.24921875 0.02265625 0.03828125
1 0.3703125 0.196875 0.01875 0.03125
1 0.4171875 0.21328125 0.01328125 0.0296875
1 0.45390625 0.225 0.0203125 0.028125
1 0.56171875 0.18515625 0.01328125 0.0296875
1 0.57265625 0.15625 0.0140625 0.03515625
1 0.63359375 0.12265625 0.0140625 0.02421875
1 0.6734375 0.175 0.01484375 0.03671875
1 0.6828125 0.21953125 0.02109375 0.03515625
1 0.678125 0.253125 0.02265625 0.0421875
1 0.62421875 0.2171875 0.0203125 0.040625
1 0.62734375 0.265625 0.01796875 0.0421875
1 0.640625 0.30546875 0.02421875 0.059375
1 0.9390625 0.23984375 0.021875 0.03359375