1 0.05234375 0.4015625 0.03828125 0.0734375
1 0.25703125 0.28046875 0.02265625 0.03828125
1 0.28828125 0.26171875 0.0203125 0.03359375
1 0.3015625 0.25703125 0.0203125 0.046875
1 0.3125 0.278125 0.015625 0.0296875
1 0.3203125 0.22109375 0.01875 0.03828125
1 0.3484375 0.21640625 0.01640625 0.03984375
1 0.36484375 0.2234375 0.015625 0.0296875
1 0.3671875 0.2078125 0.015625 0.028125
1 0.375 0.25703125 0.01953125 0.03984375
1 0.38125 0.1984375 0.01796875 0.03671875
1 0.41171875 0.22265625 0.01796875 0.03828125
1 0.4328125 0.2625 0.02109375 0.0453125
1 0.4421875 0.21953125 0.01953125 0.04140625
1 0.43984375 0.18984375 0.01796875 0.03671875
1 0.41875 0.184375 0.01640625 0.028125
1 0.4140625 0.1671875 0.01640625 0.028125
1 0.44609375 0.1484375 0.0140625 0.0265625
1 0.453125 0.16484375 0.01171875 0.0265625
1 0.465625 0.19140625 0.0140625 0.0296875
1 0.475 0.16015625 0.0140625 0.0296875
1 0.4703125 0.14140625 0.0109375 0.0203125
1 0.484375 0.13359375 0.01171875 0.0296875
1 0.50390625 0.16015625 0.015625 0.03671875
1 0.49609375 0.18828125 0.01875 0.03671875
1 0.50390625 0.2203125 0.028125 0.04296875
1 0.5328125 0.2015625 0.02109375 0.03671875
1 0.515625 0.1296875 0.0140625 0.03359375
1 0.53203125 0.1359375 0.01640625 0.03203125
1 0.55625 0.10859375 0.015625 0.0296875
1 0.5515625 0.1515625 0.01796875 0.03671875
1 0.56796875 0.16328125 0.01640625 0.03984375
1 0.58046875 0.146875 0.015625 0.03359375
1 0.5859375 0.11953125 0.01171875 0.028125
1 0.59609375 0.096875 0.01328125 0.0265625
1 0.615625 0.10078125 0.0109375 0.03203125
1 0.6203125 0.1375 0.01484375 0.03515625
1 0.63828125 0.115625 0.0140625 0.028125
1 0.64921875 0.09296875 0.01484375 0.03359375
1 0.67578125 0.109375 0.0140625 0.028125
1 0.69765625 0.096875 0.01328125 0.03671875
1 0.49140625 0.28203125 0.025 0.053125
1 0.53125 0.30859375 0.03046875 0.06015625
1 0.56171875 0.2328125 0.02265625 0.04140625
1 0.60546875 0.25234375 0.0296875 0.0484375
1 0.60703125 0.32578125 0.03359375 0.06171875
1 0.67890625 0.3265625 0.03203125 0.05703125
1 0.6578125 0.2546875 0.0234375 0.046875
1 0.65390625 0.2015625 0.02109375 0.04296875
1 0.62578125 0.18359375 0.02109375 0.04296875
1 0.6609375 0.1640625 0.01484375 0.03828125
1 0.68359375 0.1359375 0.015625 0.03515625
1 0.703125 0.1359375 0.01875 0.03828125
1 0.69609375 0.17734375 0.01796875 0.03515625
1 0.69453125 0.22109375 0.02265625 0.0484375
1 0.7234375 0.29296875 0.03515625 0.05703125
1 0.75546875 0.2171875 0.02265625 0.0484375
1 0.73984375 0.17890625 0.01796875 0.0453125
1 0.725 0.1484375 0.01796875 0.03671875
1 0.73203125 0.121875 0.01796875 0.0265625
1 0.7421875 0.13828125 0.0140625 0.0296875
1 0.7484375 0.103125 0.0109375 0.0265625
1 0.76796875 0.128125 0.01640625 0.03671875
1 0.77890625 0.109375 0.0140625 0.03203125
1 0.7953125 0.1234375 0.01171875 0.0296875
1 0.79375 0.175 0.01796875 0.03984375
1 0.81171875 0.1609375 0.015625 0.03203125
1 0.8140625 0.12265625 0.0140625 0.028125
1 0.8265625 0.1375 0.015625 0.03203125
1 0.84296875 0.18671875 0.01953125 0.04296875
1 0.85703125 0.1546875 0.02109375 0.04296875
1 0.86484375 0.11953125 0.01640625 0.03203125
1 0.88984375 0.12265625 0.01484375 0.03515625
1 0.8875 0.15859375 0.01328125 0.03359375
1 0.8859375 0.190625 0.01796875 0.0453125
1 0.86484375 0.209375 0.01796875 0.03828125
1 0.8078125 0.246875 0.02109375 0.053125
1 0.78203125 0.2921875 0.025 0.05859375
1 0.915625 0.275 0.02265625 0.05
1 0.9203125 0.19609375 0.01796875 0.03828125
1 0.92578125 0.16796875 0.01328125 0.0265625
1 0.9265625 0.15078125 0.01015625 0.028125
1 0.753125 0.1640625 0.01640625 0.03828125