1 0.3515625 0.30859375 0.01875 0.034375
1 0.39140625 0.28828125 0.0265625 0.04765625
1 0.4890625 0.30078125 0.025 0.04921875
1 0.33984375 0.2140625 0.0171875 0.03125
1 0.365625 0.18828125 0.0125 0.01953125
1 0.36796875 0.215625 0.015625 0.028125
1 0.396875 0.225 0.01328125 0.0296875
1 0.453125 0.22734375 0.01796875 0.03828125
1 0.4015625 0.19453125 0.0140625 0.025
1 0.4703125 0.2265625 0.01875 0.03671875
1 0.45859375 0.19453125 0.015625 0.03828125
1 0.4890625 0.19921875 0.0125 0.03125
1 0.54453125 0.13125 0.0203125 0.04140625
1 0.57421875 0.13359375 0.0109375 0.0265625
1 0.63046875 0.2546875 0.02265625 0.04609375
1 0.71015625 0.18828125 0.01796875 0.03671875
1 0.7546875 0.240625 0.021875 0.04765625
1 0.7640625 0.16484375 0.0171875 0.034375
1 0.93671875 0.24375 0.01953125 0.04140625
1 0.475 0.18046875 0.01796875 0.03671875
1 0.40078125 0.178125 0.0140625 0.03671875
1 0.44609375 0.190625 0.015625 0.04140625