1 0.146875 0.26953125 0.01640625 0.03828125
1 0.21171875 0.453125 0.04140625 0.10234375
1 0.253125 0.41796875 0.040625 0.10234375
1 0.5640625 0.053125 0.01640625 0.03203125
1 0.621875 0.04765625 0.01484375 0.02890625
1 0.48671875 0.12890625 0.01875 0.025
1 0.528125 0.1359375 0.01796875 0.03359375
1 0.55703125 0.1484375 0.01875 0.03828125
1 0.5765625 0.15078125 0.01875 0.03203125
1 0.80703125 0.12578125 0.0125 0.0265625
1 0.7046875 0.13828125 0.01484375 0.03203125
1 0.67734375 0.1578125 0.0171875 0.03359375
1 0.73828125 0.14765625 0.02421875 0.040625
1 0.7515625 0.1765625 0.01796875 0.03671875
1 0.79140625 0.18671875 0.01484375 0.03671875
1 0.8671875 0.2265625 0.01796875 0.04375
1 0.50234375 0.28046875 0.0265625 0.06015625
1 0.46953125 0.190625 0.01640625 0.03828125
1 0.4546875 0.1921875 0.0234375 0.0421875
1 0.4640625 0.15703125 0.01875 0.03828125
1 0.53515625 0.19375 0.01484375 0.03515625
1 0.41953125 0.22109375 0.01796875 0.02890625
1 0.3484375 0.25703125 0.01953125 0.040625
1 0.36875 0.2625 0.01953125 0.046875
1 0.42578125 0.284375 0.01875 0.04375
1 0.65 0.25234375 0.021875 0.046875
1 0.71171875 0.284375 0.02734375 0.0640625
1 0.7578125 0.296875 0.028125 0.05859375
1 0.44140625 0.22734375 0.01484375 0.03828125
1 0.515625 0.1578125 0.0171875 0.04375