1 0.06015625 0.35390625 0.021875 0.0421875
1 0.2703125 0.26484375 0.01328125 0.028125
1 0.2609375 0.24609375 0.01484375 0.0296875
1 0.31796875 0.2421875 0.01328125 0.03359375
1 0.3328125 0.24921875 0.01328125 0.03203125
1 0.35 0.25859375 0.01640625 0.03203125
1 0.32265625 0.21015625 0.01328125 0.02578125
1 0.33515625 0.21484375 0.01328125 0.02421875
1 0.35078125 0.2234375 0.01484375 0.028125
1 0.36171875 0.190625 0.0125 0.0296875
1 0.3796875 0.1890625 0.01484375 0.0359375
1 0.396875 0.21328125 0.01484375 0.03203125
1 0.3953125 0.27578125 0.02109375 0.0421875
1 0.4625 0.228125 0.021875 0.0296875
1 0.4546875 0.21875 0.015625 0.03203125
1 0.3890625 0.26875 0.01796875 0.04375
1 0.41640625 0.184375 0.01796875 0.0296875
1 0.44375 0.1890625 0.015625 0.03203125
1 0.471875 0.190625 0.015625 0.021875
1 0.5078125 0.18359375 0.0125 0.03203125
1 0.52890625 0.19296875 0.01640625 0.03203125
1 0.553125 0.15859375 0.01328125 0.0296875
1 0.57265625 0.16328125 0.01484375 0.03203125
1 0.45703125 0.14765625 0.01328125 0.02421875
1 0.47890625 0.1328125 0.01484375 0.021875
1 0.5625 0.11875 0.0109375 0.0296875
1 0.5890625 0.13828125 0.01015625 0.0296875
1 0.60703125 0.14609375 0.01484375 0.02578125
1 0.59921875 0.1265625 0.00859375 0.021875
1 0.603125 0.11484375 0.01015625 0.02578125
1 0.59140625 0.11640625 0.01484375 0.021875
1 0.63515625 0.13359375 0.0109375 0.028125
1 0.63203125 0.115625 0.0125 0.01953125
1 0.675 0.11171875 0.01328125 0.02421875
1 0.49375 0.2890625 0.0265625 0.04765625
1 0.55078125 0.24609375 0.01875 0.0421875
1 0.57421875 0.2890625 0.0234375 0.04765625
1 0.61875 0.30390625 0.02421875 0.0578125
1 0.60546875 0.25703125 0.01796875 0.0359375
1 0.61875 0.2 0.01484375 0.03359375
1 0.6484375 0.2 0.01796875 0.0375
1 0.63984375 0.18359375 0.01328125 0.03203125
1 0.68125 0.14609375 0.0125 0.02578125
1 0.6921875 0.1734375 0.01484375 0.028125
1 0.6953125 0.21484375 0.021875 0.03984375
1 0.66875 0.25 0.0203125 0.04609375
1 0.7109375 0.290625 0.0203125 0.03984375
1 0.76328125 0.2609375 0.021875 0.04765625
1 0.725 0.1984375 0.01640625 0.03359375
1 0.71328125 0.16171875 0.0125 0.028125
1 0.70234375 0.14140625 0.0125 0.03203125
1 0.7265625 0.11484375 0.0109375 0.021875
1 0.7328125 0.14375 0.01328125 0.028125
1 0.7515625 0.1234375 0.01328125 0.03203125
1 0.77109375 0.13359375 0.01484375 0.03203125
1 0.76171875 0.159375 0.0125 0.028125
1 0.75 0.21875 0.01796875 0.0359375
1 0.76015625 0.19609375 0.01484375 0.03359375
1 0.79140625 0.1625 0.0125 0.0296875
1 0.825 0.14921875 0.015625 0.028125
1 0.8375 0.14921875 0.015625 0.0359375
1 0.834375 0.184375 0.01796875 0.03359375
1 0.828125 0.21640625 0.01484375 0.0375
1 0.83671875 0.30859375 0.0234375 0.0515625
1 0.83515625 0.2671875 0.02109375 0.0515625
1 0.90546875 0.271875 0.0203125 0.04609375
1 0.91015625 0.22578125 0.01640625 0.0375
1 0.89609375 0.20390625 0.01875 0.0296875
1 0.8765625 0.17265625 0.015625 0.03359375
1 0.88359375 0.15546875 0.01875 0.03203125