1 0.1765625 0.4796875 0.04140625 0.08203125
1 0.2703125 0.2578125 0.01328125 0.0265625
1 0.3734375 0.2875 0.0234375 0.0359375
1 0.32578125 0.27890625 0.025 0.0328125
1 0.2921875 0.2765625 0.0234375 0.0375
1 0.690625 0.103125 0.015625 0.02265625
1 0.65625 0.1125 0.0140625 0.028125
1 0.625 0.10234375 0.01015625 0.02109375
1 0.60625 0.103125 0.01015625 0.02265625
1 0.58671875 0.121875 0.01484375 0.02265625
1 0.553125 0.12421875 0.01484375 0.028125
1 0.52109375 0.1390625 0.01328125 0.02109375
1 0.50859375 0.14765625 0.01171875 0.02265625
1 0.496875 0.13515625 0.00703125 0.01796875
1 0.47578125 0.1484375 0.01171875 0.028125
1 0.4375 0.18671875 0.015625 0.03125
1 0.41796875 0.17421875 0.0140625 0.02265625
1 0.41484375 0.11171875 0.01328125 0.0265625
1 0.3609375 0.196875 0.01640625 0.0296875
1 0.39453125 0.19765625 0.0171875 0.03125
1 0.44140625 0.24375 0.01953125 0.0375
1 0.47578125 0.2171875 0.0203125 0.04140625
1 0.47578125 0.190625 0.01953125 0.0328125
1 0.51640625 0.178125 0.01484375 0.028125
1 0.5453125 0.1875 0.01640625 0.0359375
1 0.56484375 0.175 0.0171875 0.034375
1 0.60546875 0.14140625 0.01640625 0.0328125
1 0.48671875 0.340625 0.02734375 0.04140625
1 0.52890625 0.35078125 0.0296875 0.05390625
1 0.5734375 0.23203125 0.01953125 0.04140625
1 0.62265625 0.23671875 0.021875 0.0390625
1 0.65078125 0.16796875 0.01953125 0.034375
1 0.7453125 0.11484375 0.015625 0.0328125
1 0.73984375 0.14921875 0.01484375 0.0296875
1 0.77109375 0.12734375 0.01171875 0.028125
1 0.77578125 0.15703125 0.01484375 0.03125
1 0.82890625 0.1265625 0.01171875 0.0296875
1 0.8390625 0.14296875 0.0140625 0.0328125
1 0.85078125 0.15234375 0.0140625 0.04296875
1 0.8609375 0.1234375 0.01015625 0.01953125
1 0.9203125 0.1578125 0.01015625 0.0296875
1 0.909375 0.2046875 0.01484375 0.04140625
1 0.87421875 0.1890625 0.01875 0.0265625
1 0.875 0.2109375 0.015625 0.0375
1 0.91796875 0.22890625 0.01953125 0.04453125
1 0.821875 0.20390625 0.0203125 0.04609375
1 0.77578125 0.19453125 0.021875 0.04140625
1 0.71015625 0.19609375 0.0203125 0.034375
1 0.72265625 0.17578125 0.02109375 0.0328125
1 0.6875 0.1921875 0.01875 0.0359375
1 0.646875 0.22578125 0.021875 0.04453125
1 0.68359375 0.2375 0.021875 0.0375
1 0.66640625 0.31796875 0.025 0.04765625
1 0.7359375 0.26171875 0.02109375 0.05078125
1 0.74375 0.225 0.01953125 0.04609375
1 0.778125 0.26484375 0.02109375 0.04765625
1 0.79765625 0.24765625 0.01875 0.04609375
1 0.73046875 0.33984375 0.03125 0.06875
1 0.8125 0.32109375 0.02890625 0.0640625
1 0.853125 0.2546875 0.01953125 0.04609375
1 0.87109375 0.3453125 0.021875 0.0578125
1 0.896875 0.365625 0.02109375 0.0375
1 0.88984375 0.2796875 0.0171875 0.04453125