1 0.26640625 0.6359375 0.1234375 0.2125
1 0.1890625 0.52109375 0.078125 0.1125
1 0.090625 0.4875 0.06484375 0.0953125
1 0.02734375 0.4625 0.0515625 0.0953125
1 0.05703125 0.4046875 0.03671875 0.05
1 0.1046875 0.40390625 0.046875 0.07265625
1 0.13828125 0.40390625 0.0265625 0.04765625
1 0.18359375 0.42109375 0.046875 0.07734375
1 0.21484375 0.40859375 0.0296875 0.0578125
1 0.25703125 0.44609375 0.05703125 0.0921875
1 0.28828125 0.42265625 0.03984375 0.0796875
1 0.309375 0.40390625 0.03515625 0.0625
1 0.2421875 0.38359375 0.01796875 0.0328125
1 0.3453125 0.38125 0.0234375 0.0375
1 0.33828125 0.35859375 0.0265625 0.0421875
1 0.35859375 0.48984375 0.06015625 0.0953125
1 0.378125 0.4296875 0.04296875 0.0796875
1 0.3765625 0.38515625 0.0296875 0.06015625
1 0.4390625 0.42109375 0.04140625 0.0625
1 0.47421875 0.43515625 0.05859375 0.08984375
1 0.47578125 0.38359375 0.03203125 0.05234375
1 0.50703125 0.40234375 0.0296875 0.0703125
1 0.54296875 0.4859375 0.1 0.14765625
1 0.65703125 0.69609375 0.16015625 0.3125
1 0.8453125 0.6265625 0.08359375 0.1671875
1 0.8640625 0.52890625 0.078125 0.1171875
1 0.9 0.4984375 0.05 0.0921875
1 0.9203125 0.46484375 0.046875 0.08515625
1 0.94140625 0.43359375 0.03671875 0.0625
1 0.85546875 0.41640625 0.03203125 0.05234375
1 0.83203125 0.41484375 0.0296875 0.0546875
1 0.8125 0.4359375 0.03515625 0.0578125
1 0.78203125 0.4453125 0.04296875 0.075
1 0.746875 0.4734375 0.053125 0.0828125
1 0.66015625 0.48515625 0.0703125 0.1046875
1 0.69453125 0.39765625 0.028125 0.0546875
1 0.6640625 0.40234375 0.03515625 0.0546875
1 0.60546875 0.42109375 0.03203125 0.0625
1 0.6171875 0.39375 0.028125 0.0421875
1 0.57265625 0.39765625 0.021875 0.0453125
1 0.54609375 0.4109375 0.03203125 0.0578125
1 0.53984375 0.37734375 0.0265625 0.0296875
1 0.66953125 0.27265625 0.028125 0.0453125