1 0.3296875 0.1859375 0.01640625 0.02734375
1 0.37109375 0.19296875 0.01328125 0.02578125
1 0.37734375 0.1796875 0.0109375 0.021875
1 0.4109375 0.16796875 0.0109375 0.02734375
1 0.434375 0.17890625 0.0125 0.02734375
1 0.43515625 0.14609375 0.0109375 0.02421875
1 0.453125 0.15234375 0.01015625 0.021875
1 0.46328125 0.1640625 0.009375 0.02421875
1 0.4765625 0.16171875 0.01015625 0.021875
1 0.4671875 0.1375 0.00859375 0.021875
1 0.4828125 0.146875 0.00703125 0.01484375
1 0.49296875 0.1671875 0.01015625 0.02578125
1 0.46328125 0.21640625 0.01640625 0.0328125
1 0.5234375 0.18203125 0.0125 0.0328125
1 0.496875 0.13046875 0.00859375 0.01796875
1 0.52421875 0.1265625 0.0109375 0.02578125
1 0.56484375 0.15078125 0.0109375 0.021875
1 0.5578125 0.18515625 0.0125 0.02578125
1 0.540625 0.18515625 0.01328125 0.02578125
1 0.5359375 0.146875 0.0125 0.0296875
1 0.5765625 0.12734375 0.01328125 0.02421875
1 0.59921875 0.11640625 0.0109375 0.02421875
1 0.6015625 0.1546875 0.0125 0.02421875
1 0.59296875 0.228125 0.01953125 0.0421875
1 0.62890625 0.2046875 0.0171875 0.04609375
1 0.665625 0.2109375 0.015625 0.0328125
1 0.65859375 0.18515625 0.015625 0.02578125
1 0.6328125 0.1609375 0.0125 0.02734375
1 0.6265625 0.13359375 0.0109375 0.02578125
1 0.61328125 0.10625 0.00859375 0.01796875
1 0.6546875 0.1359375 0.0140625 0.0328125
1 0.6578125 0.115625 0.00859375 0.021875
1 0.67421875 0.11171875 0.01328125 0.02578125
1 0.71015625 0.11953125 0.0109375 0.01796875
1 0.6921875 0.17890625 0.01328125 0.03125
1 0.715625 0.18515625 0.01015625 0.0328125
1 0.73515625 0.1796875 0.01640625 0.03671875
1 0.7296875 0.146875 0.01015625 0.02578125
1 0.74140625 0.140625 0.0125 0.0203125
1 0.771875 0.175 0.0140625 0.03515625
1 0.7140625 0.259375 0.01953125 0.04609375
1 0.73359375 0.3109375 0.0296875 0.071875
1 0.8 0.20703125 0.0140625 0.0328125
1 0.8125 0.196875 0.01328125 0.03828125
1 0.82890625 0.1875 0.0140625 0.0296875
1 0.8078125 0.15703125 0.0140625 0.02734375
1 0.81953125 0.14140625 0.01328125 0.0296875
1 0.79453125 0.13203125 0.01015625 0.021875
1 0.78828125 0.159375 0.0125 0.02578125
1 0.77265625 0.14765625 0.009375 0.0203125
1 0.76171875 0.1375 0.01015625 0.021875
1 0.85390625 0.13828125 0.009375 0.02421875
1 0.8640625 0.2015625 0.01328125 0.03671875
1 0.88125 0.23671875 0.0140625 0.0328125
1 0.8734375 0.2734375 0.01875 0.04375
1 0.93359375 0.22578125 0.01328125 0.0328125
1 0.9015625 0.20546875 0.0109375 0.0296875
1 0.909375 0.17265625 0.01328125 0.0328125
1 0.8859375 0.1609375 0.0125 0.02734375
1 0.934375 0.18359375 0.01015625 0.0296875
1 0.92734375 0.17890625 0.0109375 0.02734375
1 0.68125 0.14765625 0.015625 0.02734375