1 0.0515625 0.36953125 0.02734375 0.0484375
1 0.25859375 0.27734375 0.01484375 0.03203125
1 0.28125 0.2703125 0.0203125 0.03984375
1 0.30625 0.25234375 0.01640625 0.04140625
1 0.35390625 0.26640625 0.0203125 0.05
1 0.40703125 0.28671875 0.021875 0.05
1 0.34453125 0.215625 0.0140625 0.025
1 0.31953125 0.2140625 0.0140625 0.03203125
1 0.38125 0.2140625 0.01796875 0.03515625
1 0.39375 0.1921875 0.0171875 0.028125
1 0.4171875 0.225 0.0140625 0.0296875
1 0.44140625 0.21796875 0.01796875 0.03671875
1 0.46328125 0.23046875 0.02265625 0.03515625
1 0.41640625 0.1671875 0.0125 0.025
1 0.434375 0.1859375 0.0125 0.028125
1 0.44921875 0.184375 0.01484375 0.03203125
1 0.4671875 0.18984375 0.0171875 0.03984375
1 0.5 0.1875 0.01640625 0.03515625
1 0.55 0.18984375 0.01796875 0.03359375
1 0.54140625 0.15546875 0.0140625 0.03203125
1 0.5375 0.12890625 0.01484375 0.03203125
1 0.5078125 0.16015625 0.01640625 0.0296875
1 0.48203125 0.1625 0.01640625 0.025
1 0.47734375 0.1390625 0.009375 0.025
1 0.4890625 0.1328125 0.01171875 0.025
1 0.45703125 0.1375 0.01484375 0.025
1 0.56953125 0.10078125 0.0125 0.025
1 0.5578125 0.13671875 0.01328125 0.0234375
1 0.58046875 0.15234375 0.01484375 0.03515625
1 0.62421875 0.1296875 0.0125 0.0296875
1 0.59140625 0.12578125 0.01328125 0.025
1 0.609375 0.08984375 0.01015625 0.0234375
1 0.6359375 0.0921875 0.01015625 0.021875
1 0.64921875 0.1 0.01015625 0.0234375
1 0.665625 0.11484375 0.00859375 0.0234375
1 0.68125 0.11015625 0.01328125 0.0234375
1 0.69921875 0.09765625 0.0125 0.028125
1 0.48125 0.2984375 0.021875 0.05
1 0.56640625 0.28671875 0.021875 0.05
1 0.61015625 0.33359375 0.03125 0.05703125
1 0.68203125 0.3265625 0.03046875 0.053125
1 0.56953125 0.2328125 0.01796875 0.03828125
1 0.61171875 0.2546875 0.02109375 0.04296875
1 0.61171875 0.20234375 0.0203125 0.03515625
1 0.67265625 0.25234375 0.02265625 0.04140625
1 0.74140625 0.3078125 0.02734375 0.0484375
1 0.7875 0.284375 0.02578125 0.0515625
1 0.71171875 0.22109375 0.0203125 0.04140625
1 0.6765625 0.1953125 0.01796875 0.03984375
1 0.65859375 0.17578125 0.01640625 0.03515625
1 0.684375 0.14609375 0.01640625 0.03203125
1 0.7 0.175 0.0171875 0.03359375
1 0.73828125 0.1921875 0.01796875 0.03828125
1 0.76640625 0.209375 0.025 0.0453125
1 0.75 0.14921875 0.0140625 0.03203125
1 0.7171875 0.1359375 0.0140625 0.03203125
1 0.74140625 0.11640625 0.01484375 0.0296875
1 0.759375 0.10234375 0.0140625 0.03203125
1 0.77578125 0.12421875 0.0125 0.028125
1 0.7875 0.14921875 0.0171875 0.03515625
1 0.78984375 0.1109375 0.01171875 0.025
1 0.81171875 0.12265625 0.01015625 0.025
1 0.809375 0.1703125 0.0140625 0.03359375
1 0.82734375 0.1625 0.0125 0.028125
1 0.83984375 0.13515625 0.0125 0.0296875
1 0.82265625 0.121875 0.00859375 0.0234375
1 0.85546875 0.17734375 0.0125 0.03828125
1 0.82421875 0.2359375 0.021875 0.0453125
1 0.88203125 0.21015625 0.01796875 0.04296875
1 0.90234375 0.19296875 0.0125 0.0296875
1 0.9375 0.1875 0.0125 0.03203125
1 0.94453125 0.27109375 0.01796875 0.0453125
1 0.9390625 0.15078125 0.01171875 0.025
1 0.90234375 0.1609375 0.01640625 0.028125
1 0.90859375 0.12734375 0.01328125 0.03203125
1 0.875 0.15390625 0.01328125 0.021875
1 0.87265625 0.11796875 0.01328125 0.0296875