1 0.09375 0.55390625 0.05234375 0.11328125
1 0.19921875 0.2921875 0.021875 0.05
1 0.21953125 0.275 0.021875 0.0484375
1 0.2765625 0.23515625 0.02109375 0.046875
1 0.31640625 0.23125 0.0203125 0.0453125
1 0.3328125 0.22734375 0.0203125 0.053125
1 0.32734375 0.190625 0.01640625 0.03984375
1 0.35703125 0.2078125 0.01953125 0.04140625
1 0.36875 0.19296875 0.0171875 0.03515625
1 0.3765625 0.25625 0.0203125 0.0515625
1 0.396875 0.225 0.015625 0.04375
1 0.4171875 0.1703125 0.0140625 0.03671875
1 0.4328125 0.159375 0.01328125 0.03203125
1 0.44375 0.184375 0.01484375 0.04140625
1 0.4609375 0.1609375 0.01875 0.04140625
1 0.471875 0.1328125 0.0125 0.03515625
1 0.484375 0.1671875 0.01640625 0.046875
1 0.4984375 0.14453125 0.01484375 0.03828125
1 0.50390625 0.196875 0.015625 0.03671875
1 0.47734375 0.24296875 0.02109375 0.05546875
1 0.44453125 0.29453125 0.02578125 0.05546875
1 0.553125 0.2203125 0.01640625 0.046875
1 0.53125 0.1546875 0.01640625 0.03828125
1 0.55859375 0.1546875 0.01484375 0.03828125
1 0.56015625 0.13046875 0.01484375 0.03359375
1 0.58828125 0.12890625 0.01484375 0.03671875
1 0.60390625 0.12109375 0.01640625 0.03828125
1 0.5859375 0.19453125 0.01640625 0.04140625
1 0.5859375 0.1640625 0.01328125 0.03515625
1 0.60859375 0.1796875 0.0140625 0.03828125
1 0.628125 0.1875 0.0171875 0.04140625
1 0.6203125 0.15 0.015625 0.03671875
1 0.62578125 0.12421875 0.01640625 0.04140625
1 0.65 0.1359375 0.0140625 0.03828125
1 0.6640625 0.14375 0.01640625 0.04375
1 0.66015625 0.17578125 0.01484375 0.03828125
1 0.69140625 0.15625 0.01875 0.0453125
1 0.69765625 0.12890625 0.0171875 0.04375
1 0.71953125 0.14453125 0.01328125 0.03828125
1 0.7109375 0.20625 0.0171875 0.04140625
1 0.5796875 0.32890625 0.02734375 0.06328125
1 0.61328125 0.303125 0.0265625 0.05859375
1 0.61640625 0.36953125 0.02890625 0.071875
1 0.6640625 0.39921875 0.03046875 0.0765625
1 0.67578125 0.225 0.02421875 0.053125
1 0.72734375 0.25703125 0.025 0.05703125
1 0.7421875 0.20703125 0.01640625 0.05
1 0.76015625 0.22265625 0.02109375 0.0453125
1 0.7671875 0.190625 0.01484375 0.03671875
1 0.77890625 0.17421875 0.01328125 0.03515625
1 0.8171875 0.184375 0.015625 0.0484375
1 0.8390625 0.20703125 0.01640625 0.04375
1 0.82265625 0.23984375 0.01640625 0.0453125
1 0.80078125 0.25078125 0.02109375 0.05
1 0.77265625 0.278125 0.02109375 0.0484375
1 0.8234375 0.29375 0.021875 0.06328125
1 0.73125 0.396875 0.02890625 0.06875
1 0.81015625 0.4609375 0.04140625 0.08046875
1 0.88515625 0.41484375 0.03046875 0.075
1 0.86953125 0.33359375 0.021875 0.053125
1 0.86484375 0.51328125 0.03203125 0.08515625
1 0.878125 0.2265625 0.0140625 0.03828125
1 0.8859375 0.2109375 0.0125 0.03203125
1 0.90703125 0.2296875 0.015625 0.03515625
1 0.90546875 0.28203125 0.021875 0.05703125
1 0.9359375 0.26328125 0.0140625 0.0484375
1 0.928125 0.31875 0.01640625 0.053125
1 0.95234375 0.36953125 0.01953125 0.06484375
1 0.95625 0.45078125 0.0265625 0.0734375
1 0.98125 0.365625 0.01875 0.05703125
1 0.98046875 0.32109375 0.015625 0.0453125
1 0.9796875 0.2875 0.015625 0.03984375
1 0.98828125 0.2671875 0.0125 0.03359375
1 0.95625 0.23828125 0.0140625 0.04140625