1 0.04609375 0.63515625 0.0515625 0.121875
1 0.23125 0.2625 0.01484375 0.04296875
1 0.2484375 0.26484375 0.0171875 0.04765625
1 0.26796875 0.25234375 0.01484375 0.04453125
1 0.32265625 0.24375 0.01875 0.04140625
1 0.3203125 0.21015625 0.0203125 0.0390625
1 0.3578125 0.24609375 0.0203125 0.0359375
1 0.37421875 0.26796875 0.0203125 0.04921875
1 0.359375 0.2140625 0.01640625 0.034375
1 0.37734375 0.19375 0.0171875 0.04296875
1 0.41875 0.18046875 0.015625 0.0359375
1 0.4140625 0.23515625 0.0171875 0.0390625
1 0.4453125 0.30703125 0.01875 0.05234375
1 0.48671875 0.26796875 0.0171875 0.04921875
1 0.49765625 0.20390625 0.0171875 0.04296875
1 0.48125 0.1703125 0.01484375 0.04453125
1 0.471875 0.1546875 0.0125 0.0328125
1 0.49921875 0.15234375 0.01484375 0.04296875
1 0.52109375 0.16328125 0.01640625 0.04765625
1 0.46328125 0.1640625 0.01171875 0.0328125
1 0.53828125 0.16875 0.01171875 0.0390625
1 0.55859375 0.159375 0.015625 0.0328125
1 0.5625 0.1390625 0.01484375 0.0375
1 0.58125 0.13984375 0.015625 0.0328125
1 0.58046875 0.20078125 0.01640625 0.04453125
1 0.56015625 0.2203125 0.01640625 0.04296875
1 0.615625 0.17734375 0.01484375 0.0359375
1 0.6265625 0.209375 0.0171875 0.04140625
1 0.609375 0.14921875 0.01328125 0.0359375
1 0.60546875 0.11953125 0.0125 0.0296875
1 0.58828125 0.17265625 0.015625 0.0359375
1 0.6375 0.12890625 0.0125 0.034375
1 0.66484375 0.12421875 0.0140625 0.034375
1 0.665625 0.18359375 0.0125 0.0265625
1 0.66015625 0.16484375 0.0109375 0.028125
1 0.69140625 0.165625 0.01640625 0.04609375
1 0.6953125 0.13828125 0.01640625 0.0359375
1 0.72109375 0.15234375 0.015625 0.0390625
1 0.69296875 0.2140625 0.01875 0.04453125
1 0.66875 0.228125 0.025 0.059375
1 0.60234375 0.29921875 0.02578125 0.0625
1 0.5765625 0.3328125 0.02421875 0.0609375
1 0.603125 0.36796875 0.025 0.0625
1 0.66328125 0.4 0.0296875 0.0640625
1 0.72265625 0.25703125 0.021875 0.0640625
1 0.74609375 0.2296875 0.01640625 0.04921875
1 0.7609375 0.19609375 0.015625 0.0375
1 0.78203125 0.20703125 0.01484375 0.04296875
1 0.77734375 0.18046875 0.01640625 0.0390625
1 0.8140625 0.1921875 0.01640625 0.04609375
1 0.825 0.22578125 0.01796875 0.04453125
1 0.79921875 0.26328125 0.021875 0.05390625
1 0.76796875 0.28828125 0.02109375 0.05390625
1 0.73046875 0.4 0.02734375 0.0640625
1 0.8 0.45234375 0.0328125 0.07734375
1 0.86796875 0.50390625 0.028125 0.08203125
1 0.88203125 0.4171875 0.02578125 0.07578125
1 0.86484375 0.3375 0.021875 0.0578125
1 0.8171875 0.30546875 0.021875 0.059375
1 0.87421875 0.23125 0.01796875 0.0390625
1 0.9 0.22265625 0.015625 0.03125
1 0.903125 0.25859375 0.015625 0.04140625
1 0.89609375 0.2796875 0.0171875 0.05078125
1 0.925 0.34453125 0.0203125 0.04921875
1 0.9390625 0.4078125 0.0234375 0.0671875
1 0.94375 0.37109375 0.01875 0.04609375
1 0.9765625 0.36640625 0.01796875 0.05234375
1 0.97109375 0.3078125 0.01796875 0.05078125
1 0.9875 0.2671875 0.01484375 0.03125
1 0.93125 0.2640625 0.01640625 0.0390625
1 0.9515625 0.24140625 0.01328125 0.0328125