1 0.23671875 0.440625 0.06015625 0.11640625
1 0.34375 0.27265625 0.01953125 0.0421875
1 0.4109375 0.25234375 0.02109375 0.04921875
1 0.43359375 0.26015625 0.0234375 0.05078125
1 0.3765625 0.20546875 0.0171875 0.04375
1 0.425 0.209375 0.01640625 0.0328125
1 0.44453125 0.209375 0.01640625 0.03984375
1 0.47421875 0.24375 0.02265625 0.05078125
1 0.41015625 0.1828125 0.01640625 0.03828125
1 0.41875 0.175 0.01015625 0.02578125
1 0.4359375 0.18515625 0.01640625 0.03828125
1 0.45703125 0.18203125 0.015625 0.03984375
1 0.47109375 0.21640625 0.01640625 0.03671875
1 0.47734375 0.19453125 0.0171875 0.0328125
1 0.478125 0.1703125 0.01640625 0.02734375
1 0.475 0.14765625 0.01640625 0.02578125
1 0.5109375 0.203125 0.0203125 0.03828125
1 0.5453125 0.203125 0.01796875 0.0421875
1 0.5046875 0.14453125 0.0140625 0.0234375
1 0.50546875 0.1265625 0.0109375 0.02734375
1 0.53828125 0.146875 0.0140625 0.034375
1 0.54921875 0.14296875 0.0109375 0.0234375
1 0.55859375 0.17265625 0.0140625 0.03671875
1 0.58046875 0.14609375 0.015625 0.0328125
1 0.59296875 0.171875 0.0140625 0.03125
1 0.5828125 0.12109375 0.01328125 0.0234375
1 0.609375 0.1328125 0.0125 0.02578125
1 0.61953125 0.11015625 0.0109375 0.02734375
1 0.64140625 0.13671875 0.01328125 0.0328125
1 0.6671875 0.1171875 0.015625 0.03125
1 0.66796875 0.14609375 0.015625 0.03671875
1 0.68984375 0.13671875 0.015625 0.0328125
1 0.71171875 0.12109375 0.01328125 0.03125
1 0.57109375 0.2703125 0.02578125 0.04921875
1 0.61875 0.26015625 0.02421875 0.06171875
1 0.534375 0.18046875 0.015625 0.02890625
1 0.64765625 0.24296875 0.0203125 0.0421875
1 0.63203125 0.30078125 0.02890625 0.065625
1 0.6859375 0.35625 0.03046875 0.0640625
1 0.7296875 0.30546875 0.02578125 0.06015625
1 0.76640625 0.2453125 0.0203125 0.05625
1 0.8046875 0.27265625 0.02734375 0.06015625
1 0.6796875 0.20234375 0.0203125 0.04765625
1 0.70625 0.18046875 0.015625 0.03671875
1 0.71796875 0.19453125 0.0171875 0.04375
1 0.73359375 0.1625 0.0140625 0.03671875
1 0.74140625 0.18515625 0.015625 0.0421875
1 0.7578125 0.2125 0.01953125 0.04921875
1 0.75625 0.14609375 0.01328125 0.0328125
1 0.76484375 0.1625 0.01640625 0.0328125
1 0.7984375 0.13828125 0.0125 0.0328125
1 0.80078125 0.165625 0.01328125 0.0328125
1 0.78828125 0.2 0.01328125 0.03984375
1 0.80390625 0.21953125 0.0171875 0.0421875
1 0.83515625 0.18671875 0.0140625 0.03828125
1 0.846875 0.16875 0.0140625 0.03828125
1 0.85 0.23125 0.015625 0.04765625
1 0.86953125 0.20234375 0.0140625 0.0328125
1 0.8859375 0.1859375 0.0125 0.03671875
1 0.8984375 0.221875 0.01640625 0.04765625
1 0.8890625 0.25390625 0.01796875 0.04921875
1 0.90078125 0.296875 0.01953125 0.06171875
1 0.93203125 0.3125 0.01953125 0.05625
1 0.86328125 0.31484375 0.02578125 0.06171875
1 0.9171875 0.1921875 0.015625 0.0453125
1 0.94921875 0.17578125 0.0109375 0.03125
1 0.9609375 0.2109375 0.015625 0.03671875
1 0.940625 0.24140625 0.015625 0.0421875
1 0.95234375 0.19765625 0.0109375 0.03125