1 0.02734375 0.34609375 0.01328125 0.03125
1 0.17578125 0.4765625 0.03515625 0.0703125
1 0.26796875 0.2484375 0.01484375 0.03125
1 0.28828125 0.24296875 0.01640625 0.03359375
1 0.30859375 0.2515625 0.01796875 0.04140625
1 0.38125 0.2625 0.01796875 0.03359375
1 0.3875 0.22109375 0.01875 0.03359375
1 0.38203125 0.17578125 0.01328125 0.03125
1 0.390625 0.190625 0.01484375 0.0265625
1 0.4125 0.12890625 0.01484375 0.03359375
1 0.421875 0.1734375 0.01796875 0.03125
1 0.44296875 0.221875 0.01640625 0.03671875
1 0.4640625 0.21640625 0.01796875 0.03359375
1 0.44609375 0.146875 0.0125 0.0265625
1 0.49296875 0.18359375 0.01875 0.03125
1 0.51328125 0.20546875 0.01875 0.03671875
1 0.5171875 0.1671875 0.01796875 0.03359375
1 0.53984375 0.16015625 0.01796875 0.02890625
1 0.5140625 0.1375 0.01484375 0.0265625
1 0.4890625 0.08828125 0.01640625 0.0265625
1 0.52265625 0.07890625 0.01328125 0.03125
1 0.55859375 0.0703125 0.01640625 0.02421875
1 0.56953125 0.12734375 0.01484375 0.0265625
1 0.590625 0.13203125 0.01640625 0.0265625
1 0.61015625 0.14296875 0.0125 0.02421875
1 0.63046875 0.05546875 0.01328125 0.02421875
1 0.55 0.2515625 0.021875 0.04140625
1 0.49296875 0.309375 0.02421875 0.05078125
1 0.53671875 0.31796875 0.021875 0.0484375
1 0.6171875 0.29375 0.02265625 0.0484375
1 0.6859375 0.29375 0.02734375 0.05859375
1 0.73125 0.31171875 0.03125 0.065625
1 0.8140625 0.41015625 0.0328125 0.06796875
1 0.77265625 0.27421875 0.02578125 0.05859375
1 0.81328125 0.28359375 0.02421875 0.053125
1 0.725 0.24609375 0.021875 0.05078125
1 0.75234375 0.21875 0.01875 0.04375
1 0.76953125 0.21484375 0.01640625 0.03125
1 0.6984375 0.2171875 0.0203125 0.03125
1 0.6609375 0.21640625 0.01484375 0.02890625
1 0.61875 0.20625 0.01796875 0.03359375
1 0.64140625 0.1625 0.01796875 0.03359375
1 0.65 0.13125 0.01484375 0.02890625
1 0.66328125 0.096875 0.01484375 0.02421875
1 0.6921875 0.096875 0.01640625 0.02890625
1 0.73203125 0.18203125 0.021875 0.04375
1 0.77265625 0.175 0.01875 0.0390625
1 0.73515625 0.140625 0.01796875 0.03359375
1 0.7453125 0.115625 0.01328125 0.0265625
1 0.76015625 0.11640625 0.0109375 0.02421875
1 0.7703125 0.134375 0.0203125 0.04140625
1 0.79375 0.09375 0.01875 0.03671875
1 0.8171875 0.096875 0.01640625 0.0390625
1 0.8328125 0.1140625 0.0125 0.01953125
1 0.84765625 0.153125 0.01796875 0.0390625
1 0.8265625 0.18671875 0.01875 0.04375
1 0.8578125 0.071875 0.01640625 0.03125
1 0.8890625 0.10546875 0.01328125 0.03125
1 0.90078125 0.196875 0.02265625 0.053125
1 0.87734375 0.20625 0.01796875 0.04375
1 0.86484375 0.25625 0.01875 0.04609375
1 0.88515625 0.37265625 0.03359375 0.075
1 0.91171875 0.21640625 0.01640625 0.0390625
1 0.9390625 0.1015625 0.01328125 0.02890625
1 0.69453125 0.1453125 0.01796875 0.03359375