1 0.10078125 0.48359375 0.0453125 0.08828125
1 0.2703125 0.24765625 0.01484375 0.03828125
1 0.27890625 0.2546875 0.015625 0.03515625
1 0.29609375 0.2640625 0.0234375 0.04296875
1 0.35546875 0.26484375 0.02109375 0.0484375
1 0.3828125 0.28671875 0.025 0.053125
1 0.3734375 0.2484375 0.02109375 0.03671875
1 0.3828125 0.20234375 0.01875 0.0328125
1 0.38203125 0.175 0.01953125 0.028125
1 0.41484375 0.171875 0.01796875 0.03515625
1 0.425 0.159375 0.01640625 0.0328125
1 0.44140625 0.2234375 0.01953125 0.03828125
1 0.44921875 0.1859375 0.02109375 0.04296875
1 0.46328125 0.159375 0.015625 0.0328125
1 0.4796875 0.16796875 0.01640625 0.03125
1 0.48828125 0.1875 0.02109375 0.03671875
1 0.490625 0.22578125 0.021875 0.04296875
1 0.503125 0.13828125 0.01328125 0.025
1 0.515625 0.1484375 0.01484375 0.028125
1 0.50625 0.16640625 0.01640625 0.028125
1 0.55078125 0.19375 0.02109375 0.04296875
1 0.57734375 0.165625 0.01796875 0.03984375
1 0.553125 0.11953125 0.015625 0.0296875
1 0.58359375 0.13671875 0.01640625 0.028125
1 0.60234375 0.1359375 0.01640625 0.0328125
1 0.59765625 0.11171875 0.01171875 0.028125
1 0.5953125 0.09609375 0.0109375 0.0265625
1 0.61484375 0.10390625 0.01171875 0.025
1 0.640625 0.13046875 0.0140625 0.025
1 0.640625 0.0953125 0.0140625 0.025
1 0.6625 0.10390625 0.01484375 0.03125
1 0.684375 0.1078125 0.0140625 0.0296875
1 0.55078125 0.1671875 0.01640625 0.0234375
1 0.528125 0.27890625 0.02578125 0.053125
1 0.54140625 0.31484375 0.02421875 0.053125
1 0.5671875 0.2515625 0.0265625 0.0546875
1 0.62109375 0.2453125 0.0234375 0.05625
1 0.63046875 0.20703125 0.0234375 0.04296875
1 0.64765625 0.17734375 0.021875 0.04296875
1 0.66796875 0.20546875 0.021875 0.05
1 0.6875 0.22421875 0.0203125 0.04609375
1 0.6921875 0.16796875 0.02109375 0.04453125
1 0.68125 0.17421875 0.01796875 0.04296875
1 0.7359375 0.11640625 0.01328125 0.03984375
1 0.7421875 0.14609375 0.01640625 0.03671875
1 0.73671875 0.17109375 0.015625 0.0328125
1 0.72734375 0.20625 0.0203125 0.04453125
1 0.7515625 0.2109375 0.02109375 0.05
1 0.778125 0.17890625 0.01953125 0.04609375
1 0.76171875 0.12890625 0.015625 0.03125
1 0.78125 0.1375 0.015625 0.03671875
1 0.803125 0.14296875 0.015625 0.03984375
1 0.7234375 0.25234375 0.03046875 0.06640625
1 0.684375 0.3125 0.0359375 0.06796875
1 0.615625 0.31015625 0.03046875 0.06328125
1 0.75078125 0.33046875 0.03515625 0.075
1 0.78125 0.26875 0.0234375 0.05625
1 0.8046875 0.26015625 0.02109375 0.059375
1 0.8234375 0.20234375 0.0203125 0.053125
1 0.8296875 0.1453125 0.01328125 0.03125
1 0.8296875 0.12265625 0.01328125 0.0265625
1 0.84765625 0.1734375 0.01796875 0.04453125
1 0.85859375 0.13046875 0.01015625 0.021875
1 0.859375 0.1515625 0.01171875 0.028125
1 0.8703125 0.203125 0.02109375 0.0484375
1 0.8828125 0.15859375 0.0140625 0.03515625
1 0.890625 0.1734375 0.01875 0.04453125
1 0.8921875 0.1359375 0.0140625 0.0328125
1 0.79375 0.3953125 0.0390625 0.08125
1 0.83515625 0.3140625 0.02890625 0.06484375
1 0.85703125 0.25546875 0.0265625 0.059375
1 0.890625 0.3515625 0.0390625 0.0828125
1 0.91640625 0.30234375 0.0328125 0.06796875
1 0.90703125 0.253125 0.0203125 0.0484375
1 0.91484375 0.2296875 0.015625 0.04140625
1 0.91640625 0.2015625 0.01484375 0.03125
1 0.93046875 0.1515625 0.009375 0.01796875