1 0.1796875 0.4484375 0.05703125 0.11875
1 0.2890625 0.19921875 0.01640625 0.034375
1 0.3109375 0.20859375 0.01484375 0.03828125
1 0.3265625 0.20703125 0.0140625 0.034375
1 0.3453125 0.20703125 0.01640625 0.034375
1 0.3546875 0.23359375 0.01796875 0.03828125
1 0.37421875 0.19609375 0.0140625 0.0328125
1 0.403125 0.2328125 0.01484375 0.03671875
1 0.41953125 0.23984375 0.01953125 0.05390625
1 0.4203125 0.14765625 0.0109375 0.0265625
1 0.4375 0.14765625 0.0109375 0.034375
1 0.46640625 0.121875 0.01171875 0.02890625
1 0.46015625 0.17109375 0.0125 0.0328125
1 0.4703125 0.1921875 0.0171875 0.04375
1 0.5 0.17109375 0.0125 0.02890625
1 0.52265625 0.16484375 0.0125 0.03046875
1 0.5546875 0.16953125 0.0171875 0.03671875
1 0.56171875 0.14921875 0.01171875 0.034375
1 0.57109375 0.225 0.01953125 0.0515625
1 0.6546875 0.0984375 0.01171875 0.02109375
1 0.6421875 0.1453125 0.01640625 0.034375
1 0.71015625 0.09765625 0.0109375 0.03046875
1 0.62578125 0.19765625 0.01953125 0.03828125
1 0.6375 0.2328125 0.01953125 0.04765625
1 0.665625 0.16640625 0.0125 0.03046875
1 0.66796875 0.2046875 0.0140625 0.0421875
1 0.68828125 0.24140625 0.0203125 0.05
1 0.671875 0.32578125 0.0296875 0.06875
1 0.75234375 0.371875 0.03203125 0.06484375
1 0.70390625 0.15546875 0.01484375 0.03828125
1 0.71796875 0.17109375 0.0171875 0.0328125
1 0.7359375 0.1359375 0.01484375 0.03828125
1 0.74609375 0.1625 0.0140625 0.034375
1 0.76015625 0.11953125 0.01171875 0.0328125
1 0.7828125 0.12265625 0.0078125 0.034375
1 0.75703125 0.18125 0.0140625 0.03984375
1 0.7390625 0.221875 0.01796875 0.0421875
1 0.76484375 0.23671875 0.0203125 0.0515625
1 0.7921875 0.13046875 0.0109375 0.0265625
1 0.80625 0.121875 0.0140625 0.02890625
1 0.828125 0.1171875 0.0125 0.0265625
1 0.8 0.19453125 0.0140625 0.03984375
1 0.8 0.15546875 0.01640625 0.0265625
1 0.796875 0.2765625 0.02265625 0.05546875
1 0.82265625 0.2484375 0.02265625 0.05546875
1 0.834375 0.16484375 0.0140625 0.0265625
1 0.83984375 0.1390625 0.0125 0.0328125
1 0.84375 0.2125 0.01640625 0.04609375
1 0.86875 0.15703125 0.01640625 0.034375
1 0.88046875 0.159375 0.01171875 0.034375
1 0.91328125 0.14921875 0.01484375 0.0265625
1 0.91015625 0.17890625 0.01171875 0.0328125
1 0.896875 0.221875 0.0171875 0.0421875
1 0.93125 0.2484375 0.01953125 0.04765625
1 0.9265625 0.2109375 0.01640625 0.03828125
1 0.940625 0.19140625 0.01171875 0.034375
1 0.9515625 0.17890625 0.009375 0.025
1 0.9234375 0.3375 0.02265625 0.0578125
1 0.81796875 0.19375 0.0140625 0.03828125
1 0.8578125 0.20859375 0.01796875 0.03828125
1 0.59375 0.14375 0.01171875 0.03046875
1 0.60390625 0.14296875 0.0140625 0.03671875
1 0.6046875 0.09609375 0.009375 0.02265625
1 0.6125 0.1 0.00859375 0.02265625
1 0.62109375 0.11953125 0.01171875 0.02890625
1 0.62578125 0.1015625 0.0125 0.0265625
1 0.65703125 0.1234375 0.0109375 0.02890625
1 0.67734375 0.11796875 0.0140625 0.0328125
1 0.53828125 0.13125 0.0125 0.02890625
1 0.50546875 0.13203125 0.0125 0.03046875
1 0.4828125 0.13671875 0.0125 0.0328125
1 0.48984375 0.14375 0.01171875 0.03046875
1 0.4171875 0.17421875 0.0140625 0.03046875
1 0.41484375 0.203125 0.01796875 0.03828125
1 0.39140625 0.15 0.01484375 0.025
1 0.39765625 0.16640625 0.01640625 0.03046875
1 0.34296875 0.16484375 0.01171875 0.034375
1 0.34140625 0.1796875 0.0140625 0.034375