1 0.0953125 0.41875 0.05859375 0.109375
1 0.1421875 0.37421875 0.05859375 0.09921875
1 0.2 0.36953125 0.0609375 0.0953125
1 0.22734375 0.42421875 0.05859375 0.10625
1 0.2984375 0.42734375 0.065625 0.10625
1 0.40703125 0.3671875 0.0515625 0.09921875
1 0.49140625 0.4171875 0.05625 0.0921875
1 0.565625 0.36953125 0.05390625 0.10234375
1 0.6109375 0.4484375 0.04921875 0.0921875
1 0.6796875 0.38515625 0.05625 0.09921875
1 0.7484375 0.471875 0.05625 0.10234375
1 0.8046875 0.45546875 0.05625 0.09921875
1 0.76484375 0.3515625 0.05625 0.109375
1 0.9109375 0.3625 0.0703125 0.11640625