1 0.046875 0.40234375 0.03046875 0.06328125
1 0.2609375 0.28125 0.01953125 0.0296875
1 0.28984375 0.26953125 0.01953125 0.0296875
1 0.3078125 0.25703125 0.015625 0.03515625
1 0.35078125 0.28125 0.015625 0.03359375
1 0.33359375 0.25234375 0.01484375 0.03125
1 0.321875 0.21640625 0.01171875 0.0234375
1 0.3453125 0.21640625 0.015625 0.0265625
1 0.38125 0.2171875 0.01484375 0.03125
1 0.4125 0.22734375 0.01640625 0.03125
1 0.390625 0.19765625 0.015625 0.0296875
1 0.415625 0.16953125 0.0109375 0.0234375
1 0.39453125 0.2953125 0.025 0.03828125
1 0.4421875 0.2265625 0.01796875 0.03671875
1 0.47890625 0.234375 0.01640625 0.04296875
1 0.4625 0.209375 0.01640625 0.03671875
1 0.4453125 0.18671875 0.01796875 0.0265625
1 0.43203125 0.196875 0.01328125 0.03125
1 0.44453125 0.1578125 0.01015625 0.0265625
1 0.48984375 0.19453125 0.01484375 0.0296875
1 0.48359375 0.16328125 0.01328125 0.0296875
1 0.4609375 0.178125 0.01328125 0.0234375
1 0.509375 0.1671875 0.01484375 0.028125
1 0.50390625 0.15390625 0.015625 0.03515625
1 0.4890625 0.13203125 0.0109375 0.025
1 0.47265625 0.14609375 0.01171875 0.0203125
1 0.51640625 0.13359375 0.01015625 0.028125
1 0.53125 0.12890625 0.01171875 0.028125
1 0.540625 0.20234375 0.015625 0.03515625
1 0.5375 0.16328125 0.01875 0.03671875
1 0.5703125 0.16640625 0.01484375 0.03671875
1 0.553125 0.14921875 0.01328125 0.03828125
1 0.56328125 0.1078125 0.009375 0.0265625
1 0.59609375 0.12109375 0.01328125 0.0265625
1 0.5921875 0.1 0.01171875 0.0296875
1 0.6203125 0.12421875 0.01015625 0.021875
1 0.61640625 0.1046875 0.01171875 0.0234375
1 0.64140625 0.103125 0.015625 0.0265625
1 0.63828125 0.125 0.0109375 0.0265625
1 0.49296875 0.28515625 0.0234375 0.0484375
1 0.5390625 0.30859375 0.02578125 0.05859375
1 0.596875 0.3359375 0.0265625 0.053125
1 0.565625 0.24609375 0.02109375 0.046875
1 0.60859375 0.25703125 0.02421875 0.0484375
1 0.6625 0.2609375 0.02109375 0.05
1 0.67421875 0.3390625 0.03046875 0.06640625
1 0.71953125 0.28125 0.0296875 0.046875
1 0.78515625 0.27734375 0.02421875 0.0546875
1 0.7484375 0.2296875 0.02421875 0.053125
1 0.66953125 0.20234375 0.0234375 0.04140625
1 0.696875 0.22890625 0.02265625 0.0453125
1 0.609375 0.2078125 0.01640625 0.03671875
1 0.6484375 0.178125 0.01640625 0.03984375
1 0.62734375 0.15078125 0.01328125 0.03125
1 0.67734375 0.15 0.01328125 0.03359375
1 0.690625 0.18046875 0.01640625 0.03828125
1 0.73984375 0.178125 0.01640625 0.03671875
1 0.8203125 0.2296875 0.02109375 0.05
1 0.86953125 0.221875 0.015625 0.03828125
1 0.92265625 0.28359375 0.02109375 0.0453125
1 0.6734375 0.11484375 0.01484375 0.0265625
1 0.68828125 0.096875 0.01484375 0.0296875
1 0.7109375 0.13359375 0.01875 0.028125
1 0.728125 0.12265625 0.0140625 0.028125
1 0.7484375 0.109375 0.0140625 0.028125
1 0.74296875 0.13125 0.01171875 0.0265625
1 0.7640625 0.159375 0.01796875 0.0296875
1 0.7359375 0.1515625 0.01484375 0.0265625
1 0.77421875 0.11953125 0.0109375 0.0296875
1 0.7828125 0.115625 0.01328125 0.03125
1 0.79765625 0.13671875 0.01328125 0.03359375
1 0.80859375 0.128125 0.01328125 0.0265625
1 0.8046875 0.18203125 0.01796875 0.04140625
1 0.81484375 0.165625 0.01484375 0.028125
1 0.828125 0.1328125 0.01328125 0.03671875
1 0.85 0.1828125 0.01875 0.03984375
1 0.8609375 0.153125 0.0140625 0.0265625
1 0.865625 0.12578125 0.015625 0.03125
1 0.8890625 0.2 0.0140625 0.03359375
1 0.90078125 0.13046875 0.01640625 0.03828125
1 0.928125 0.153125 0.01171875 0.0265625
1 0.928125 0.19921875 0.0109375 0.03125
1 0.92265625 0.17734375 0.0109375 0.021875