1 0.1890625 0.421875 0.0390625 0.07578125
1 0.2640625 0.2640625 0.01328125 0.025
1 0.2921875 0.27890625 0.01796875 0.03125
1 0.2875 0.24921875 0.01875 0.03125
1 0.3359375 0.284375 0.01953125 0.034375
1 0.37734375 0.27734375 0.015625 0.034375
1 0.359375 0.23359375 0.0140625 0.0296875
1 0.37109375 0.19765625 0.01484375 0.0296875
1 0.3953125 0.19921875 0.0140625 0.0234375
1 0.3921875 0.2265625 0.01875 0.03125
1 0.396875 0.16796875 0.0140625 0.0234375
1 0.4296875 0.17890625 0.01640625 0.028125
1 0.44765625 0.2328125 0.01640625 0.03125
1 0.48828125 0.21875 0.015625 0.0359375
1 0.45703125 0.18515625 0.01328125 0.028125
1 0.4484375 0.1515625 0.0109375 0.0265625
1 0.47421875 0.153125 0.01171875 0.01953125
1 0.515625 0.20234375 0.0140625 0.0359375
1 0.5171875 0.14296875 0.01328125 0.0234375
1 0.52890625 0.16953125 0.0109375 0.0265625
1 0.50859375 0.13125 0.01015625 0.025
1 0.49140625 0.18671875 0.01171875 0.025
1 0.50078125 0.1625 0.01328125 0.028125
1 0.55859375 0.16875 0.01484375 0.028125
1 0.58125 0.1703125 0.015625 0.028125
1 0.5859375 0.1453125 0.0140625 0.0234375
1 0.60390625 0.15078125 0.015625 0.025
1 0.5890625 0.11796875 0.01328125 0.02109375
1 0.56875 0.1265625 0.01015625 0.0265625
1 0.55625 0.12578125 0.0109375 0.025
1 0.65234375 0.13828125 0.01171875 0.0265625
1 0.66640625 0.11640625 0.01328125 0.025
1 0.70703125 0.10390625 0.009375 0.0296875
1 0.63046875 0.1109375 0.01015625 0.01796875
1 0.61953125 0.1015625 0.01015625 0.025
1 0.63984375 0.1390625 0.0109375 0.02109375
1 0.50546875 0.315625 0.0265625 0.04453125
1 0.528125 0.34765625 0.02109375 0.04921875
1 0.559375 0.25859375 0.01953125 0.04296875
1 0.6265625 0.24765625 0.01640625 0.04453125
1 0.6296875 0.2109375 0.01796875 0.0359375
1 0.66875 0.21640625 0.01796875 0.03828125
1 0.66796875 0.165625 0.01484375 0.03125
1 0.69609375 0.18359375 0.01875 0.04453125
1 0.6953125 0.1546875 0.0140625 0.0234375
1 0.72890625 0.16640625 0.0140625 0.0328125
1 0.740625 0.115625 0.0140625 0.0296875
1 0.60625 0.30859375 0.0234375 0.0578125
1 0.69296875 0.3125 0.02890625 0.05078125
1 0.728125 0.25078125 0.01875 0.04609375
1 0.7015625 0.23984375 0.01875 0.034375
1 0.7296875 0.20390625 0.01328125 0.0328125
1 0.75 0.15546875 0.0140625 0.025
1 0.775 0.1328125 0.01015625 0.028125
1 0.784375 0.1390625 0.01328125 0.028125
1 0.81171875 0.1578125 0.01328125 0.0296875
1 0.83359375 0.140625 0.01171875 0.025
1 0.8671875 0.128125 0.01015625 0.0234375
1 0.76953125 0.2078125 0.01796875 0.0328125
1 0.7515625 0.2375 0.01875 0.04296875
1 0.7484375 0.3390625 0.02890625 0.065625
1 0.79296875 0.284375 0.01875 0.04765625
1 0.8078125 0.25859375 0.01875 0.03984375
1 0.8296875 0.20703125 0.01640625 0.04140625
1 0.85625 0.14296875 0.01171875 0.0234375
1 0.8515625 0.17890625 0.01171875 0.028125
1 0.8875 0.16796875 0.01015625 0.0234375
1 0.896875 0.18359375 0.01171875 0.028125
1 0.928125 0.16015625 0.01015625 0.0265625
1 0.91875 0.2140625 0.01484375 0.0234375
1 0.921875 0.2484375 0.01640625 0.0359375
1 0.90078125 0.29609375 0.021875 0.0578125
1 0.87890625 0.36875 0.0265625 0.0625
1 0.8140625 0.3375 0.0296875 0.059375
1 0.83671875 0.3015625 0.021875 0.05625
1 0.8640625 0.26640625 0.01796875 0.04453125
1 0.8734375 0.2078125 0.015625 0.04609375