1 0.12578125 0.3703125 0.03359375 0.06328125
1 0.12734375 0.31875 0.0328125 0.0578125
1 0.18046875 0.31328125 0.0328125 0.06484375
1 0.1609375 0.3765625 0.034375 0.06328125
1 0.18515625 0.38828125 0.04765625 0.08984375
1 0.23828125 0.29375 0.03203125 0.053125
1 0.29453125 0.29375 0.03203125 0.0703125
1 0.29140625 0.26171875 0.03046875 0.0453125
1 0.31875 0.24453125 0.03515625 0.0671875
1 0.346875 0.3421875 0.03984375 0.08046875
1 0.3671875 0.3875 0.05 0.08828125
1 0.425 0.29765625 0.0328125 0.08046875