1 0.315625 0.19453125 0.02265625 0.046875
1 0.35 0.2140625 0.0234375 0.05625
1 0.4046875 0.21953125 0.01171875 0.0265625
1 0.41640625 0.25625 0.02265625 0.046875
1 0.4421875 0.21796875 0.01796875 0.03359375
1 0.5109375 0.22421875 0.02265625 0.0390625
1 0.5203125 0.1359375 0.0140625 0.028125
1 0.5890625 0.1046875 0.0125 0.0265625
1 0.61171875 0.1 0.0109375 0.0203125
1 0.62265625 0.11328125 0.009375 0.0203125
1 0.653125 0.10234375 0.0140625 0.02421875
1 0.5921875 0.24296875 0.02109375 0.04296875
1 0.63671875 0.2375 0.02578125 0.05078125