1 0.34453125 0.23515625 0.01640625 0.03828125
1 0.3703125 0.26953125 0.0234375 0.03828125
1 0.41328125 0.15625 0.015625 0.0296875
1 0.45625 0.21953125 0.02109375 0.04453125
1 0.4828125 0.30859375 0.02734375 0.05390625
1 0.53671875 0.31796875 0.03125 0.05859375
1 0.58359375 0.3828125 0.03203125 0.06015625
1 0.63046875 0.24296875 0.0234375 0.05390625
1 0.67421875 0.2046875 0.01953125 0.046875
1 0.5515625 0.121875 0.0171875 0.0328125
1 0.5671875 0.12578125 0.0125 0.03125
1 0.5859375 0.11328125 0.01328125 0.0296875
1 0.7671875 0.27890625 0.02890625 0.0640625
1 0.8328125 0.3046875 0.02734375 0.07109375
1 0.89609375 0.14296875 0.0125 0.02734375
1 0.92421875 0.15234375 0.01171875 0.03125