1 0.22265625 0.34921875 0.05078125 0.109375
1 0.33984375 0.25546875 0.02421875 0.04453125
1 0.3703125 0.1640625 0.01875 0.03828125
1 0.38203125 0.1875 0.01953125 0.03828125
1 0.38984375 0.21953125 0.021875 0.04140625
1 0.41328125 0.24140625 0.021875 0.0515625
1 0.39453125 0.14375 0.01875 0.03984375
1 0.42265625 0.18046875 0.0140625 0.03359375
1 0.41484375 0.1625 0.01640625 0.0265625
1 0.41328125 0.1390625 0.015625 0.03125
1 0.44375 0.15078125 0.015625 0.03515625
1 0.45859375 0.18359375 0.01875 0.03125
1 0.46640625 0.2203125 0.0234375 0.04296875
1 0.4515625 0.13515625 0.0140625 0.028125
1 0.46875 0.15625 0.01796875 0.03828125
1 0.4625 0.1234375 0.0140625 0.028125
1 0.4765625 0.121875 0.01484375 0.03125
1 0.48984375 0.09375 0.01171875 0.025
1 0.496875 0.16953125 0.02265625 0.05
1 0.52890625 0.17265625 0.01796875 0.03828125
1 0.53203125 0.13203125 0.015625 0.03125
1 0.5234375 0.11875 0.0140625 0.028125
1 0.5359375 0.11171875 0.0125 0.028125
1 0.54765625 0.15234375 0.01796875 0.03671875
1 0.58125 0.1421875 0.01484375 0.03359375
1 0.5734375 0.11796875 0.01484375 0.0328125
1 0.58671875 0.1203125 0.015625 0.028125
1 0.57265625 0.08984375 0.01484375 0.0265625
1 0.59921875 0.10234375 0.01484375 0.03359375
1 0.6109375 0.07578125 0.01171875 0.028125
1 0.61953125 0.11640625 0.01953125 0.03515625
1 0.653125 0.08515625 0.0140625 0.028125
1 0.65859375 0.11171875 0.0140625 0.0296875
1 0.68671875 0.09453125 0.01484375 0.0296875
1 0.69921875 0.084375 0.01484375 0.0296875
1 0.55625 0.240625 0.0234375 0.05625
1 0.6109375 0.22109375 0.02578125 0.059375
1 0.62890625 0.209375 0.025 0.046875
1 0.67578125 0.1765625 0.021875 0.0484375
1 0.634375 0.278125 0.03046875 0.06015625
1 0.6921875 0.328125 0.02890625 0.06640625
1 0.71640625 0.275 0.0328125 0.06640625
1 0.759375 0.215625 0.02890625 0.06171875
1 0.6953125 0.14921875 0.01875 0.03828125
1 0.71640625 0.15703125 0.0171875 0.03359375
1 0.71953125 0.1296875 0.01640625 0.0328125
1 0.73046875 0.1578125 0.01875 0.03515625
1 0.7578125 0.1734375 0.0203125 0.03671875
1 0.75859375 0.1421875 0.0171875 0.03671875
1 0.74765625 0.11796875 0.01484375 0.0296875
1 0.77421875 0.10546875 0.01640625 0.03671875
1 0.7890625 0.13359375 0.01328125 0.03671875
1 0.77890625 0.16484375 0.01640625 0.04140625
1 0.796875 0.19375 0.01796875 0.04296875
1 0.83046875 0.15546875 0.015625 0.03671875
1 0.84296875 0.134375 0.0140625 0.03515625
1 0.84375 0.19765625 0.01640625 0.03828125
1 0.865625 0.16484375 0.01640625 0.03984375
1 0.8828125 0.153125 0.015625 0.03828125
1 0.846875 0.25546875 0.02421875 0.053125
1 0.8671875 0.2984375 0.0296875 0.06328125
1 0.878125 0.2515625 0.02265625 0.0546875
1 0.896875 0.2109375 0.02109375 0.04140625
1 0.90390625 0.1828125 0.01875 0.03828125
1 0.940625 0.1796875 0.01640625 0.03515625
1 0.93671875 0.215625 0.01796875 0.046875
1 0.93671875 0.2890625 0.02578125 0.06484375
1 0.94453125 0.1421875 0.01171875 0.028125
1 0.94609375 0.165625 0.0109375 0.021875