1 0.3171875 0.825 0.08359375 0.13359375
1 0.0828125 0.71953125 0.06640625 0.10234375
1 0.08828125 0.659375 0.053125 0.05625
1 0.140625 0.63671875 0.03125 0.04765625
1 0.18203125 0.64921875 0.03203125 0.05625
1 0.16484375 0.69765625 0.03828125 0.075
1 0.17578125 0.59609375 0.028125 0.04609375
1 0.234375 0.584375 0.03125 0.04375
1 0.22734375 0.64375 0.028125 0.04609375
1 0.26640625 0.653125 0.03828125 0.06015625
1 0.30625 0.62421875 0.0296875 0.03984375
1 0.29921875 0.58984375 0.021875 0.0375
1 0.3421875 0.65 0.025 0.05
1 0.36484375 0.6875 0.0296875 0.06640625
1 0.36640625 0.625 0.0265625 0.04609375
1 0.365625 0.57265625 0.01875 0.04609375
1 0.39765625 0.64609375 0.03125 0.0625
1 0.43125 0.62265625 0.0296875 0.05
1 0.471875 0.63359375 0.03515625 0.04609375
1 0.45703125 0.68046875 0.03203125 0.06015625
1 0.5234375 0.63203125 0.03203125 0.06484375
1 0.54140625 0.67265625 0.0296875 0.05390625
1 0.5640625 0.61953125 0.03125 0.05234375
1 0.5734375 0.515625 0.0234375 0.04375
1 0.62734375 0.67578125 0.03125 0.05234375
1 0.59765625 0.653125 0.028125 0.04765625
1 0.61640625 0.59296875 0.0296875 0.04375
1 0.665625 0.628125 0.03671875 0.04765625
1 0.67734375 0.590625 0.03125 0.04375
1 0.6984375 0.66640625 0.0265625 0.05390625
1 0.73828125 0.61875 0.03203125 0.04140625
1 0.7265625 0.584375 0.0265625 0.03984375
1 0.7796875 0.60390625 0.0296875 0.05390625
1 0.80859375 0.63125 0.0296875 0.05390625
1 0.78515625 0.67265625 0.03203125 0.05859375
1 0.85859375 0.68359375 0.04375 0.05859375
1 0.9171875 0.678125 0.03984375 0.04765625