1 0.04140625 0.703125 0.0828125 0.246875
1 0.04375 0.52421875 0.0875 0.1703125
1 0.08515625 0.4734375 0.06640625 0.12890625
1 0.16640625 0.42890625 0.0484375 0.0984375
1 0.1921875 0.390625 0.04140625 0.07265625
1 0.2484375 0.36953125 0.03515625 0.0578125
1 0.27109375 0.3609375 0.02578125 0.05078125
1 0.2828125 0.35859375 0.01640625 0.040625
1 0.2953125 0.34453125 0.0171875 0.04375
1 0.30859375 0.33984375 0.01484375 0.03671875
1 0.70546875 0.56171875 0.08828125 0.153125
1 0.67265625 0.33125 0.02890625 0.06015625
1 0.5328125 0.5140625 0.04921875 0.11796875
1 0.465625 0.41640625 0.04140625 0.084375
1 0.4359375 0.39921875 0.028125 0.06875
1 0.42265625 0.36796875 0.02421875 0.04375
1 0.409375 0.35 0.0171875 0.040625
1 0.4265625 0.33515625 0.01484375 0.03203125