1 0.20390625 0.35078125 0.0390625 0.0828125
1 0.28515625 0.25078125 0.0171875 0.03671875
1 0.31171875 0.22109375 0.0140625 0.0265625
1 0.34375 0.2234375 0.01640625 0.03046875
1 0.31640625 0.26875 0.01640625 0.040625
1 0.3375 0.2765625 0.01640625 0.028125
1 0.3703125 0.20625 0.01171875 0.0203125
1 0.3828125 0.19765625 0.0171875 0.028125
1 0.37578125 0.22734375 0.0171875 0.0265625
1 0.42265625 0.2140625 0.01484375 0.028125
1 0.42578125 0.175 0.01640625 0.03046875
1 0.4375 0.1953125 0.0171875 0.03046875
1 0.45859375 0.20625 0.0171875 0.03671875
1 0.45390625 0.16953125 0.01484375 0.028125
1 0.4484375 0.15234375 0.01484375 0.0265625
1 0.4703125 0.1515625 0.01640625 0.028125
1 0.48359375 0.13828125 0.0140625 0.021875
1 0.47734375 0.16640625 0.01640625 0.0265625
1 0.42890625 0.27265625 0.02421875 0.040625
1 0.496875 0.2 0.01484375 0.03203125
1 0.51875 0.20625 0.0171875 0.03203125
1 0.5484375 0.165625 0.0171875 0.03671875
1 0.56875 0.17578125 0.01484375 0.02421875
1 0.58046875 0.1546875 0.01484375 0.0265625
1 0.56640625 0.1390625 0.01484375 0.02421875
1 0.55546875 0.11796875 0.01171875 0.01796875
1 0.52578125 0.1453125 0.0140625 0.02421875
1 0.5328125 0.13046875 0.0140625 0.01796875
1 0.58203125 0.1234375 0.01484375 0.02421875
1 0.590625 0.1 0.0125 0.021875
1 0.615625 0.09921875 0.01171875 0.0203125
1 0.61171875 0.11484375 0.0125 0.0203125
1 0.63203125 0.1203125 0.01484375 0.021875
1 0.640625 0.09921875 0.0125 0.0203125
1 0.61875 0.14375 0.01484375 0.028125
1 0.6890625 0.096875 0.01171875 0.028125
1 0.6671875 0.121875 0.01171875 0.021875
1 0.65625 0.16796875 0.0140625 0.03203125
1 0.60625 0.21328125 0.01953125 0.03828125
1 0.6671875 0.20390625 0.0140625 0.028125
1 0.6953125 0.1828125 0.01484375 0.03046875
1 0.6875 0.15546875 0.01484375 0.028125
1 0.70859375 0.1375 0.0140625 0.02421875
1 0.7328125 0.1234375 0.01484375 0.028125
1 0.75625 0.10703125 0.0125 0.02421875
1 0.74375 0.13828125 0.0125 0.021875
1 0.7671875 0.13125 0.0140625 0.028125
1 0.7359375 0.1625 0.0125 0.0265625
1 0.74609375 0.19375 0.01484375 0.03203125
1 0.759375 0.18515625 0.0140625 0.021875
1 0.7984375 0.18203125 0.0140625 0.028125
1 0.80390625 0.14140625 0.0125 0.0203125
1 0.8078125 0.1265625 0.0140625 0.021875
1 0.8296875 0.140625 0.0140625 0.0265625
1 0.84453125 0.14921875 0.01171875 0.0203125
1 0.821875 0.171875 0.01171875 0.028125
1 0.84140625 0.1859375 0.01484375 0.03671875
1 0.865625 0.1421875 0.0140625 0.034375
1 0.87734375 0.1890625 0.0125 0.034375
1 0.86953125 0.22734375 0.0171875 0.0421875
1 0.8984375 0.13828125 0.009375 0.0265625
1 0.89375 0.165625 0.0140625 0.03203125
1 0.9234375 0.15546875 0.01015625 0.028125
1 0.92890625 0.15546875 0.01015625 0.0203125
1 0.92265625 0.18515625 0.01484375 0.0421875
1 0.9140625 0.2796875 0.01953125 0.0546875
1 0.76875 0.2890625 0.02265625 0.05234375
1 0.71484375 0.2875 0.02265625 0.04609375
1 0.67734375 0.328125 0.0265625 0.05859375
1 0.6625 0.2546875 0.021875 0.0484375
1 0.7 0.2234375 0.01953125 0.03828125
1 0.60390625 0.26484375 0.02109375 0.04453125
1 0.6015625 0.33125 0.0265625 0.05234375
1 0.54453125 0.30234375 0.02421875 0.05078125
1 0.55859375 0.24921875 0.01953125 0.03828125
1 0.48984375 0.29921875 0.02265625 0.04453125