1 0.2734375 0.6296875 0.07421875 0.11015625
1 0.2046875 0.5421875 0.03828125 0.06328125
1 0.11875 0.565625 0.03984375 0.065625
1 0.06328125 0.5046875 0.03125 0.04765625
1 0.02421875 0.4875 0.02890625 0.05703125
1 0.059375 0.47265625 0.03671875 0.0421875
1 0.06484375 0.446875 0.0203125 0.0296875
1 0.09453125 0.48046875 0.0234375 0.03515625
1 0.11015625 0.471875 0.015625 0.0265625
1 0.10859375 0.4421875 0.01640625 0.028125
1 0.14140625 0.47890625 0.02578125 0.040625
1 0.13984375 0.45078125 0.015625 0.0265625
1 0.1484375 0.39453125 0.01953125 0.028125
1 0.16953125 0.496875 0.025 0.04453125
1 0.18515625 0.47734375 0.01875 0.03515625
1 0.20859375 0.4703125 0.015625 0.03515625
1 0.24140625 0.49296875 0.02578125 0.04921875
1 0.25234375 0.478125 0.025 0.03671875
1 0.25 0.4421875 0.01640625 0.028125
1 0.29453125 0.47890625 0.03046875 0.04609375
1 0.29765625 0.453125 0.0171875 0.025
1 0.28515625 0.43125 0.015625 0.0234375
1 0.31796875 0.44375 0.01640625 0.0265625
1 0.3234375 0.43515625 0.0140625 0.01953125
1 0.3453125 0.446875 0.01640625 0.0296875
1 0.37109375 0.50390625 0.034375 0.04921875
1 0.40078125 0.51171875 0.0453125 0.07265625
1 0.415625 0.6015625 0.06953125 0.1234375
1 0.459375 0.50078125 0.0359375 0.05859375
1 0.42109375 0.46171875 0.0234375 0.0390625
1 0.40078125 0.453125 0.01953125 0.03046875
1 0.3921875 0.42578125 0.01640625 0.0296875
1 0.38046875 0.4359375 0.01640625 0.03203125
1 0.36484375 0.44921875 0.02109375 0.03046875
1 0.36484375 0.43515625 0.01640625 0.028125
1 0.43359375 0.43359375 0.01171875 0.01640625
1 0.44609375 0.44296875 0.015625 0.028125
1 0.4765625 0.46796875 0.021875 0.03203125
1 0.5234375 0.46328125 0.0265625 0.04765625
1 0.5171875 0.4421875 0.0171875 0.028125
1 0.50625 0.43515625 0.01484375 0.028125
1 0.50078125 0.38984375 0.0140625 0.025
1 0.46171875 0.434375 0.00703125 0.01796875
1 0.55703125 0.48359375 0.028125 0.05
1 0.54296875 0.575 0.06328125 0.09765625
1 0.596875 0.5671875 0.05234375 0.0796875
1 0.5265625 0.41953125 0.0109375 0.02265625
1 0.54609375 0.43828125 0.0109375 0.0265625
1 0.56484375 0.4484375 0.02109375 0.03203125
1 0.5703125 0.4203125 0.0140625 0.0234375
1 0.59140625 0.4265625 0.01328125 0.02265625
1 0.6046875 0.4390625 0.01484375 0.025
1 0.60234375 0.45859375 0.01875 0.03046875
1 0.596875 0.48828125 0.021875 0.0390625
1 0.6359375 0.47578125 0.0234375 0.0390625
1 0.63125 0.44296875 0.0140625 0.028125
1 0.63359375 0.428125 0.0109375 0.01953125
1 0.65625 0.434375 0.0109375 0.02109375
1 0.66875 0.45546875 0.0140625 0.0296875
1 0.665625 0.49296875 0.03046875 0.04609375
1 0.71484375 0.43359375 0.01953125 0.028125
1 0.73828125 0.4421875 0.01875 0.03671875
1 0.73515625 0.48828125 0.02578125 0.04765625
1 0.7234375 0.471875 0.01875 0.03203125
1 0.7625 0.425 0.0140625 0.02265625
1 0.7640625 0.44765625 0.01328125 0.028125
1 0.77578125 0.45625 0.0171875 0.03671875
1 0.80625 0.4484375 0.01953125 0.0375
1 0.81875 0.41875 0.01640625 0.0234375
1 0.81015625 0.40703125 0.01328125 0.02265625
1 0.83046875 0.41015625 0.0109375 0.01953125
1 0.8328125 0.4375 0.015625 0.03046875
1 0.8296875 0.4703125 0.028125 0.04296875
1 0.84609375 0.51796875 0.03984375 0.06328125
1 0.85859375 0.46484375 0.025 0.04296875
1 0.8640625 0.43515625 0.01875 0.03046875
1 0.85546875 0.4046875 0.01484375 0.0265625
1 0.87890625 0.43125 0.01484375 0.03203125
1 0.89765625 0.453125 0.01953125 0.03046875
1 0.9015625 0.42890625 0.01640625 0.03515625
1 0.9203125 0.4484375 0.015625 0.0375
1 0.9296875 0.48359375 0.03359375 0.053125
1 0.90625 0.51015625 0.0359375 0.0640625
1 0.93671875 0.4453125 0.01953125 0.03515625
1 0.95859375 0.44375 0.01640625 0.0296875
1 0.98046875 0.4359375 0.01875 0.03515625
1 0.98828125 0.478125 0.021875 0.05