1 0.8140625 0.26171875 0.01171875 0.0265625
1 0.83046875 0.2609375 0.0109375 0.028125
1 0.83515625 0.27734375 0.01171875 0.03046875
1 0.84765625 0.2546875 0.009375 0.02421875
1 0.87421875 0.2828125 0.0109375 0.03515625
1 0.90625 0.27109375 0.00859375 0.0265625
1 0.90703125 0.30703125 0.01015625 0.03046875
1 0.8703125 0.32265625 0.0109375 0.03359375
1 0.86484375 0.353125 0.01484375 0.04609375
1 0.88359375 0.38828125 0.01796875 0.04765625
1 0.89765625 0.33984375 0.0140625 0.03515625
1 0.9078125 0.353125 0.0140625 0.05078125
1 0.8796875 0.45390625 0.0265625 0.06015625
1 0.8265625 0.30703125 0.0140625 0.03359375
1 0.80703125 0.3375 0.01484375 0.040625
1 0.78828125 0.359375 0.01796875 0.04921875
1 0.834375 0.4078125 0.01640625 0.04453125
1 0.82265625 0.44921875 0.02109375 0.0515625
1 0.7859375 0.5390625 0.0265625 0.071875
1 0.71796875 0.39609375 0.0203125 0.0515625
1 0.74921875 0.42890625 0.01875 0.053125
1 0.73671875 0.28984375 0.0125 0.0375
1 0.73046875 0.2296875 0.01015625 0.0265625
1 0.75703125 0.2375 0.0109375 0.0265625
1 0.75078125 0.26796875 0.0125 0.03671875
1 0.78203125 0.2984375 0.0125 0.03359375
1 0.78984375 0.278125 0.01328125 0.03515625
1 0.68828125 0.259375 0.0125 0.03046875
1 0.70234375 0.2859375 0.0140625 0.03671875
1 0.71484375 0.25546875 0.01171875 0.03046875
1 0.659375 0.265625 0.0140625 0.0296875
1 0.67109375 0.34921875 0.01796875 0.04765625
1 0.6328125 0.33125 0.0171875 0.0390625
1 0.62890625 0.38671875 0.02265625 0.05625
1 0.5984375 0.384375 0.01875 0.053125
1 0.62265625 0.45390625 0.028125 0.06875
1 0.68984375 0.47265625 0.03046875 0.07265625
1 0.56796875 0.4265625 0.02734375 0.06171875
1 0.534375 0.40703125 0.02265625 0.053125
1 0.54921875 0.34609375 0.01796875 0.040625
1 0.58359375 0.325 0.01796875 0.040625
1 0.56328125 0.2796875 0.0125 0.03515625
1 0.59921875 0.20546875 0.009375 0.02421875
1 0.6125 0.21328125 0.009375 0.01953125
1 0.63671875 0.21328125 0.0078125 0.025
1 0.55078125 0.21796875 0.0109375 0.02421875
1 0.55859375 0.24296875 0.0109375 0.025
1 0.55078125 0.25859375 0.0125 0.0296875
1 0.58046875 0.24765625 0.01171875 0.03203125
1 0.62421875 0.24765625 0.01171875 0.0265625
1 0.6515625 0.23671875 0.0109375 0.025
1 0.66015625 0.23125 0.0109375 0.028125
1 0.44375 0.25 0.0109375 0.025
1 0.46328125 0.26640625 0.0109375 0.03046875
1 0.490625 0.2640625 0.0109375 0.03046875
1 0.5078125 0.2796875 0.01171875 0.03515625
1 0.51171875 0.23984375 0.01171875 0.028125
1 0.5234375 0.2515625 0.0125 0.03203125
1 0.49296875 0.31875 0.01328125 0.03671875
1 0.45625 0.3125 0.01484375 0.03046875
1 0.4375 0.33828125 0.01875 0.04453125
1 0.42734375 0.309375 0.015625 0.0375
1 0.44765625 0.409375 0.02421875 0.06171875
1 0.40390625 0.26171875 0.0109375 0.03203125
1 0.39375 0.26875 0.0140625 0.03515625
1 0.41953125 0.27421875 0.01328125 0.0296875
1 0.39921875 0.303125 0.01171875 0.03046875
1 0.39765625 0.334375 0.01640625 0.040625
1 0.37734375 0.33125 0.015625 0.03359375
1 0.3515625 0.29375 0.01171875 0.0296875
1 0.346875 0.3265625 0.0140625 0.03046875
1 0.32734375 0.3671875 0.01875 0.04453125
1 0.2265625 0.3390625 0.0125 0.03671875
1 0.259375 0.34609375 0.015625 0.040625
1 0.2859375 0.3046875 0.0125 0.03359375
1 0.28359375 0.3671875 0.0140625 0.0421875
1 0.09921875 0.4828125 0.03671875 0.07734375
1 0.6125 0.3078125 0.0140625 0.040625
1 0.559375 0.21875 0.009375 0.02265625