1 0.0515625 0.4109375 0.034375 0.06640625
1 0.25 0.26640625 0.0140625 0.03515625
1 0.28046875 0.26328125 0.01875 0.028125
1 0.31875 0.24375 0.015625 0.0296875
1 0.33359375 0.215625 0.01640625 0.0296875
1 0.3625 0.22109375 0.02109375 0.03515625
1 0.3625 0.1859375 0.01875 0.03515625
1 0.38984375 0.18515625 0.01796875 0.03359375
1 0.41015625 0.1921875 0.0140625 0.03671875
1 0.39765625 0.28359375 0.0296875 0.04375
1 0.36015625 0.2609375 0.021875 0.028125
1 0.33984375 0.2578125 0.0203125 0.03515625
1 0.4390625 0.2265625 0.021875 0.03203125
1 0.47265625 0.23125 0.01953125 0.03203125
1 0.46328125 0.1484375 0.01640625 0.0203125
1 0.4890625 0.1265625 0.015625 0.0265625
1 0.52109375 0.2109375 0.01875 0.0484375
1 0.4921875 0.196875 0.01953125 0.0296875
1 0.56484375 0.24140625 0.02578125 0.05546875
1 0.5734375 0.1703125 0.0203125 0.03359375
1 0.54296875 0.16328125 0.01796875 0.0296875
1 0.4984375 0.30078125 0.0296875 0.05
1 0.540625 0.30546875 0.0234375 0.06015625
1 0.6109375 0.309375 0.0359375 0.0515625
1 0.61328125 0.26484375 0.021875 0.04140625
1 0.63046875 0.1984375 0.01640625 0.03359375
1 0.66796875 0.25625 0.028125 0.04140625
1 0.696875 0.28828125 0.02578125 0.0484375
1 0.66484375 0.20625 0.01953125 0.03828125
1 0.6890625 0.21796875 0.0234375 0.04140625
1 0.7 0.17890625 0.01953125 0.03671875
1 0.71640625 0.16171875 0.0203125 0.03671875
1 0.74921875 0.23671875 0.021875 0.03984375
1 0.78984375 0.26015625 0.0265625 0.053125
1 0.8359375 0.32421875 0.025 0.05703125
1 0.85625 0.265625 0.0203125 0.05
1 0.9203125 0.2703125 0.02421875 0.04375
1 0.90703125 0.2234375 0.015625 0.03671875
1 0.825 0.2203125 0.021875 0.03984375
1 0.77578125 0.19140625 0.01953125 0.03828125
1 0.7515625 0.1625 0.01953125 0.028125
1 0.7359375 0.20390625 0.02421875 0.0296875
1 0.73828125 0.11640625 0.0140625 0.021875
1 0.7875 0.1484375 0.0203125 0.0296875
1 0.80703125 0.12578125 0.0203125 0.021875
1 0.8328125 0.14296875 0.015625 0.028125
1 0.83359375 0.18203125 0.01875 0.04375
1 0.86171875 0.15546875 0.0109375 0.03984375
1 0.89375 0.1484375 0.01171875 0.0296875
1 0.8890625 0.203125 0.0109375 0.03828125
1 0.64140625 0.14609375 0.01796875 0.021875
1 0.678125 0.1109375 0.01328125 0.028125
1 0.68984375 0.14609375 0.01171875 0.025
1 0.66953125 0.171875 0.01796875 0.0203125
1 0.5875 0.13671875 0.01640625 0.0234375
1 0.56015625 0.13203125 0.015625 0.0234375
1 0.6109375 0.1421875 0.01640625 0.0265625
1 0.63828125 0.11796875 0.01328125 0.021875
1 0.6125 0.1140625 0.01328125 0.01875
1 0.7640625 0.13515625 0.0140625 0.0234375