1 0.165625 0.61171875 0.08515625 0.07109375
1 0.3859375 0.53515625 0.07109375 0.04921875
1 0.3453125 0.4578125 0.07109375 0.04765625
1 0.49140625 0.43671875 0.04140625 0.02890625
1 0.525 0.41640625 0.0359375 0.02890625
1 0.6765625 0.45390625 0.07109375 0.03828125
1 0.73125 0.428125 0.0546875 0.034375
1 0.64921875 0.62578125 0.109375 0.06171875
1 0.3859375 0.859375 0.13125 0.09609375
1 0.89453125 0.86484375 0.16171875 0.12890625
1 0.746875 0.5390625 0.06328125 0.0453125
1 0.834375 0.47578125 0.0578125 0.0421875
1 0.94375 0.45546875 0.0578125 0.0421875