1 0.84375 0.26015625 0.0078125 0.0265625
1 0.8625 0.28125 0.01328125 0.034375
1 0.86015625 0.321875 0.0125 0.0390625
1 0.87578125 0.32734375 0.0125 0.0375
1 0.90234375 0.2828125 0.009375 0.0265625
1 0.9015625 0.30625 0.01015625 0.02890625
1 0.8890625 0.321875 0.0109375 0.034375
1 0.90390625 0.36875 0.015625 0.05390625
1 0.88046875 0.4640625 0.02578125 0.05859375
1 0.83125 0.37265625 0.0203125 0.05390625
1 0.8390625 0.35234375 0.01796875 0.0484375
1 0.81796875 0.459375 0.025 0.05546875
1 0.78671875 0.48125 0.021875 0.0625
1 0.78359375 0.36015625 0.01796875 0.04609375
1 0.79453125 0.340625 0.015625 0.04609375
1 0.8078125 0.309375 0.0140625 0.0390625
1 0.81171875 0.25625 0.01171875 0.02890625
1 0.8234375 0.2796875 0.0109375 0.034375
1 0.8328125 0.27578125 0.0109375 0.034375
1 0.7921875 0.2828125 0.0125 0.0375
1 0.78515625 0.29765625 0.01484375 0.0375
1 0.73203125 0.234375 0.009375 0.02890625
1 0.7359375 0.2625 0.01015625 0.028125
1 0.74609375 0.28359375 0.01171875 0.0390625
1 0.7546875 0.2484375 0.009375 0.028125
1 0.77109375 0.2484375 0.01171875 0.028125
1 0.67265625 0.22578125 0.01015625 0.0234375
1 0.67734375 0.26015625 0.0125 0.03203125
1 0.68671875 0.3015625 0.015625 0.0390625
1 0.70859375 0.2515625 0.01015625 0.03046875
1 0.7125 0.265625 0.0109375 0.02890625
1 0.6453125 0.28359375 0.0140625 0.0359375
1 0.65234375 0.23203125 0.009375 0.028125
1 0.6390625 0.22265625 0.009375 0.0234375
1 0.66015625 0.31875 0.01640625 0.0375
1 0.6625 0.3671875 0.01796875 0.0484375
1 0.690625 0.41796875 0.025 0.0640625
1 0.615625 0.2296875 0.0109375 0.0265625
1 0.61640625 0.25546875 0.0140625 0.03046875
1 0.5890625 0.21015625 0.00859375 0.0234375
1 0.58125 0.23203125 0.009375 0.025
1 0.5796875 0.25234375 0.01015625 0.0234375
1 0.5546875 0.221875 0.009375 0.0234375
1 0.5390625 0.2296875 0.00859375 0.0234375
1 0.56171875 0.265625 0.0109375 0.03203125
1 0.55234375 0.28671875 0.0140625 0.034375
1 0.578125 0.33671875 0.01796875 0.04296875
1 0.61171875 0.309375 0.015625 0.0359375
1 0.52734375 0.2484375 0.01328125 0.028125
1 0.50859375 0.25546875 0.01171875 0.03359375
1 0.490625 0.271875 0.01484375 0.03359375
1 0.44375 0.2515625 0.01015625 0.028125
1 0.48828125 0.3203125 0.0140625 0.040625
1 0.428125 0.26875 0.01328125 0.03203125
1 0.43515625 0.34296875 0.01640625 0.04453125
1 0.390625 0.30390625 0.0109375 0.028125
1 0.41640625 0.2515625 0.01015625 0.025
1 0.39453125 0.34921875 0.0203125 0.04296875
1 0.3703125 0.3390625 0.01484375 0.0359375
1 0.3390625 0.30234375 0.0140625 0.03203125
1 0.32421875 0.3609375 0.01953125 0.046875
1 0.24921875 0.36484375 0.01640625 0.04296875
1 0.28515625 0.36328125 0.01796875 0.040625
1 0.2734375 0.31484375 0.01484375 0.03203125
1 0.21640625 0.34609375 0.01484375 0.03359375
1 0.4515625 0.3203125 0.01640625 0.034375
1 0.52421875 0.35859375 0.01875 0.053125
1 0.45078125 0.41875 0.02109375 0.05703125
1 0.50703125 0.440625 0.03046875 0.05390625
1 0.565625 0.4484375 0.02734375 0.0640625
1 0.565625 0.39296875 0.02265625 0.05
1 0.74609375 0.43515625 0.0234375 0.059375
1 0.675 0.5421875 0.03203125 0.0734375
1 0.615625 0.47421875 0.02578125 0.065625
1 0.63671875 0.371875 0.02109375 0.05703125
1 0.45 0.24140625 0.009375 0.021875
1 0.4984375 0.284375 0.015625 0.034375
1 0.33359375 0.34375 0.01640625 0.03203125
1 0.12890625 0.5296875 0.0375 0.0765625