1 0.0859375 0.27734375 0.02421875 0.0484375
1 0.27890625 0.228125 0.01953125 0.02578125
1 0.296875 0.22734375 0.01640625 0.034375
1 0.33125 0.18828125 0.01484375 0.02734375
1 0.35390625 0.1921875 0.01640625 0.0296875
1 0.35703125 0.22734375 0.01953125 0.03828125
1 0.37890625 0.234375 0.01484375 0.03125
1 0.4109375 0.23984375 0.01953125 0.034375
1 0.37578125 0.2 0.01171875 0.0203125
1 0.38359375 0.16953125 0.0140625 0.02578125
1 0.4046875 0.16953125 0.01796875 0.02578125
1 0.42109375 0.17421875 0.0140625 0.02421875
1 0.42421875 0.20546875 0.015625 0.02734375
1 0.459375 0.21484375 0.01875 0.0328125
1 0.446875 0.2515625 0.0234375 0.03125
1 0.44296875 0.16171875 0.01796875 0.02421875
1 0.39296875 0.20859375 0.01875 0.02421875
1 0.503125 0.18203125 0.01484375 0.0296875
1 0.52578125 0.178125 0.015625 0.0359375
1 0.4984375 0.153125 0.0140625 0.0203125
1 0.4859375 0.1515625 0.01171875 0.02421875
1 0.50234375 0.128125 0.00859375 0.02265625
1 0.5203125 0.13671875 0.0140625 0.02265625
1 0.54765625 0.12421875 0.01015625 0.02734375
1 0.53984375 0.159375 0.01171875 0.0296875
1 0.56015625 0.1859375 0.0109375 0.03125
1 0.56953125 0.15859375 0.0109375 0.02421875
1 0.575 0.13515625 0.01015625 0.015625
1 0.5953125 0.228125 0.0203125 0.0328125
1 0.6390625 0.246875 0.01953125 0.034375
1 0.62421875 0.209375 0.0234375 0.0359375
1 0.60625 0.16328125 0.01171875 0.0296875
1 0.64296875 0.15625 0.0125 0.02265625
1 0.6703125 0.18125 0.0140625 0.03125
1 0.625 0.13984375 0.0109375 0.02734375
1 0.640625 0.1203125 0.015625 0.02421875
1 0.66328125 0.12265625 0.01171875 0.0203125
1 0.68046875 0.134375 0.01171875 0.02421875
1 0.7078125 0.11796875 0.0109375 0.02265625
1 0.6875 0.11015625 0.00859375 0.0140625
1 0.68125 0.21875 0.015625 0.02421875
1 0.68984375 0.25625 0.01796875 0.03984375
1 0.6953125 0.3109375 0.0265625 0.05703125
1 0.74765625 0.38125 0.02421875 0.05859375
1 0.79296875 0.29296875 0.015625 0.0484375
1 0.76875 0.24453125 0.01640625 0.0484375
1 0.734375 0.2359375 0.01953125 0.04140625
1 0.7171875 0.18671875 0.015625 0.0328125
1 0.73671875 0.17421875 0.01171875 0.03125
1 0.75546875 0.19765625 0.015625 0.0359375
1 0.73515625 0.14765625 0.0125 0.02265625
1 0.70234375 0.18125 0.01484375 0.0203125
1 0.7609375 0.13671875 0.01171875 0.0296875
1 0.6140625 0.12734375 0.01015625 0.02421875
1 0.77890625 0.13203125 0.00859375 0.02265625
1 0.7875 0.1484375 0.00859375 0.02421875
1 0.80390625 0.140625 0.01171875 0.0296875
1 0.79453125 0.1703125 0.0125 0.02421875
1 0.8328125 0.13984375 0.01171875 0.02421875
1 0.8546875 0.15703125 0.01171875 0.02421875
1 0.87421875 0.1671875 0.0140625 0.02734375
1 0.83203125 0.178125 0.0125 0.02265625
1 0.81796875 0.20546875 0.0125 0.0203125
1 0.78828125 0.23359375 0.01875 0.0328125
1 0.82265625 0.26640625 0.01640625 0.03984375
1 0.8421875 0.22578125 0.0125 0.04140625
1 0.8890625 0.23359375 0.01796875 0.0359375
1 0.90078125 0.1859375 0.01484375 0.02734375
1 0.93671875 0.21328125 0.0125 0.02578125
1 0.953125 0.1984375 0.0125 0.02734375
1 0.921875 0.259375 0.01875 0.0328125
1 0.91484375 0.3296875 0.02421875 0.0484375
1 0.86640625 0.190625 0.0140625 0.0296875
1 0.85625 0.2234375 0.0109375 0.0328125
1 0.91328125 0.153125 0.0109375 0.03125