1 0.121875 0.4140625 0.05390625 0.10703125
1 0.290625 0.20234375 0.0140625 0.03359375
1 0.30859375 0.209375 0.01171875 0.03359375
1 0.32421875 0.20859375 0.0140625 0.03125
1 0.340625 0.23203125 0.01875 0.040625
1 0.34609375 0.20078125 0.01484375 0.03671875
1 0.34140625 0.1640625 0.0125 0.03359375
1 0.3515625 0.184375 0.01171875 0.03359375
1 0.36875 0.2 0.01484375 0.03515625
1 0.38828125 0.2 0.01640625 0.03828125
1 0.4 0.246875 0.01953125 0.0453125
1 0.39921875 0.1625 0.015625 0.03125
1 0.39609375 0.153125 0.01640625 0.0265625
1 0.41875 0.14921875 0.0125 0.02421875
1 0.434375 0.1546875 0.015625 0.0265625
1 0.428125 0.17890625 0.0140625 0.03125
1 0.4390625 0.190625 0.01875 0.03125
1 0.46171875 0.19453125 0.015625 0.03515625
1 0.46171875 0.121875 0.01171875 0.0296875
1 0.48046875 0.1375 0.009375 0.0296875
1 0.503125 0.1890625 0.01875 0.03125
1 0.4984375 0.17265625 0.01640625 0.03671875
1 0.49765625 0.13828125 0.01484375 0.028125
1 0.4953125 0.11484375 0.0109375 0.02265625
1 0.5171875 0.1203125 0.0109375 0.01953125
1 0.53203125 0.1234375 0.01171875 0.0265625
1 0.5296875 0.1578125 0.01640625 0.03125
1 0.5515625 0.175 0.01484375 0.0421875
1 0.553125 0.14375 0.0140625 0.028125
1 0.54453125 0.115625 0.0109375 0.028125
1 0.571875 0.12734375 0.01171875 0.0296875
1 0.59921875 0.15 0.01640625 0.03359375
1 0.6203125 0.125 0.0140625 0.0265625
1 0.63828125 0.146875 0.0125 0.02421875
1 0.65859375 0.1640625 0.0125 0.0296875
1 0.64453125 0.10625 0.01171875 0.0296875
1 0.60078125 0.0984375 0.00859375 0.02109375
1 0.6265625 0.1109375 0.0109375 0.02265625
1 0.559375 0.22734375 0.021875 0.05234375
1 0.634375 0.23671875 0.021875 0.0421875
1 0.6234375 0.2015625 0.015625 0.03828125
1 0.6578125 0.2328125 0.01640625 0.0453125
1 0.68359375 0.2515625 0.021875 0.04765625
1 0.66875 0.32734375 0.028125 0.0703125
1 0.746875 0.37265625 0.0265625 0.06328125
1 0.79453125 0.2796875 0.02265625 0.05078125
1 0.76015625 0.2421875 0.02265625 0.04375
1 0.73515625 0.2296875 0.01875 0.03828125
1 0.7140625 0.17890625 0.01640625 0.0421875
1 0.6984375 0.16953125 0.01484375 0.03125
1 0.68359375 0.10625 0.01171875 0.0296875
1 0.68125 0.0953125 0.01171875 0.0296875
1 0.6984375 0.1 0.01171875 0.02421875
1 0.7328125 0.13515625 0.01171875 0.028125
1 0.73125 0.16484375 0.01171875 0.03515625
1 0.74921875 0.18671875 0.01875 0.040625
1 0.7953125 0.1984375 0.01640625 0.03359375
1 0.78828125 0.159375 0.0140625 0.03125
1 0.7578125 0.1234375 0.009375 0.0296875
1 0.77265625 0.11796875 0.009375 0.0265625
1 0.7875 0.1296875 0.009375 0.02109375
1 0.79765625 0.1203125 0.0109375 0.0296875
1 0.821875 0.13046875 0.0109375 0.0265625
1 0.83671875 0.14375 0.009375 0.03125
1 0.82734375 0.1640625 0.0140625 0.0265625
1 0.8140625 0.1890625 0.01484375 0.03515625
1 0.81953125 0.25078125 0.0171875 0.04921875
1 0.8390625 0.21640625 0.01875 0.04765625
1 0.85078125 0.20703125 0.0140625 0.03515625
1 0.865625 0.16796875 0.0140625 0.03828125
1 0.87265625 0.15859375 0.01484375 0.03671875
1 0.9171875 0.33828125 0.0234375 0.05625
1 0.88984375 0.225 0.01640625 0.040625
1 0.92890625 0.2515625 0.01640625 0.040625
1 0.9296875 0.209375 0.0140625 0.03671875
1 0.93671875 0.19375 0.0140625 0.03671875
1 0.94453125 0.18046875 0.0109375 0.03515625
1 0.89375 0.1765625 0.0109375 0.028125
1 0.9078125 0.178125 0.0109375 0.0265625