1 0.17734375 0.45390625 0.059375 0.11171875
1 0.21953125 0.36875 0.05 0.10234375
1 0.26328125 0.209375 0.0203125 0.04609375
1 0.32890625 0.27890625 0.025 0.05
1 0.34375 0.2609375 0.01953125 0.0421875
1 0.4234375 0.275 0.02421875 0.0421875
1 0.41171875 0.22109375 0.021875 0.0421875
1 0.40546875 0.190625 0.01796875 0.0296875
1 0.43671875 0.22578125 0.0265625 0.04375
1 0.4484375 0.184375 0.015625 0.04375
1 0.45 0.15625 0.01796875 0.03203125
1 0.46484375 0.15625 0.015625 0.0359375
1 0.4671875 0.196875 0.021875 0.03828125
1 0.47890625 0.134375 0.0125 0.028125
1 0.503125 0.178125 0.021875 0.04375
1 0.5328125 0.20703125 0.02734375 0.05390625
1 0.52421875 0.1390625 0.01796875 0.034375
1 0.55234375 0.14921875 0.01796875 0.034375
1 0.55703125 0.11484375 0.015625 0.034375
1 0.5875 0.125 0.0203125 0.0421875
1 0.6546875 0.08203125 0.015625 0.0359375
1 0.6953125 0.0703125 0.01953125 0.03203125
1 0.68828125 0.1 0.01328125 0.03203125
1 0.67890625 0.159375 0.02265625 0.05
1 0.61484375 0.234375 0.028125 0.04765625
1 0.65 0.24921875 0.025 0.05
1 0.47734375 0.32578125 0.0390625 0.0796875
1 0.709375 0.2796875 0.02734375 0.05625
1 0.7671875 0.2671875 0.028125 0.0578125
1 0.7203125 0.16328125 0.01953125 0.0421875
1 0.70625 0.14609375 0.0203125 0.0359375
1 0.73671875 0.14921875 0.0171875 0.0421875
1 0.7453125 0.11015625 0.01484375 0.0359375
1 0.74765625 0.17265625 0.01953125 0.03828125
1 0.7890625 0.18828125 0.01796875 0.03984375
1 0.803125 0.13203125 0.015625 0.028125
1 0.85 0.18203125 0.01796875 0.0359375
1 0.8625 0.22421875 0.01796875 0.04765625