1 0.078125 0.39375 0.03046875 0.06796875
1 0.37890625 0.184375 0.0140625 0.0265625
1 0.40078125 0.2546875 0.01328125 0.03125
1 0.42421875 0.1546875 0.0125 0.028125
1 0.46953125 0.21640625 0.01875 0.03828125
1 0.49375 0.13125 0.0125 0.0234375
1 0.53046875 0.1140625 0.01171875 0.0234375
1 0.5640625 0.11328125 0.01171875 0.028125
1 0.57578125 0.171875 0.01484375 0.03515625
1 0.57734375 0.12109375 0.01015625 0.0265625
1 0.59765625 0.115625 0.01015625 0.025
1 0.8 0.2953125 0.021875 0.059375
1 0.85625 0.303125 0.0265625 0.06328125
1 0.9421875 0.2078125 0.01484375 0.04453125
1 0.921875 0.3 0.025 0.059375
1 0.715625 0.175 0.02578125 0.06484375
1 0.66953125 0.21328125 0.01875 0.04140625
1 0.675 0.3296875 0.03125 0.06328125
1 0.62578125 0.2484375 0.02109375 0.05
1 0.4859375 0.3234375 0.02578125 0.04609375
1 0.54921875 0.31953125 0.0265625 0.0546875
1 0.8796875 0.11328125 0.01015625 0.028125
1 0.921875 0.13828125 0.01171875 0.025
1 0.9484375 0.14765625 0.009375 0.0265625
1 0.39609375 0.21953125 0.0171875 0.028125