1 0.253125 0.228125 0.0203125 0.04296875
1 0.32109375 0.20234375 0.01640625 0.03125
1 0.3703125 0.20078125 0.015625 0.03125
1 0.37265625 0.1796875 0.01796875 0.0296875
1 0.41484375 0.1671875 0.01328125 0.02734375
1 0.4390625 0.175 0.01875 0.03515625
1 0.440625 0.14921875 0.0109375 0.0234375
1 0.4609375 0.17109375 0.015625 0.03125
1 0.471875 0.17109375 0.01328125 0.03125
1 0.4625 0.2109375 0.01875 0.04140625
1 0.48203125 0.15546875 0.015625 0.02734375
1 0.478125 0.12890625 0.015625 0.021875
1 0.50234375 0.178125 0.01875 0.0375
1 0.4953125 0.1265625 0.0125 0.02578125
1 0.5359375 0.2203125 0.01796875 0.02734375
1 0.53828125 0.14765625 0.01796875 0.03125
1 0.575 0.18671875 0.01796875 0.03515625
1 0.56796875 0.1359375 0.0140625 0.03125
1 0.58203125 0.1234375 0.0125 0.01953125
1 0.590625 0.14140625 0.0140625 0.02734375
1 0.61640625 0.17109375 0.0125 0.0234375
1 0.615625 0.10625 0.0125 0.01953125
1 0.62421875 0.13046875 0.0125 0.021875
1 0.6625 0.134375 0.01328125 0.0296875
1 0.6609375 0.11484375 0.01015625 0.01796875
1 0.67421875 0.11171875 0.01015625 0.0234375
1 0.71171875 0.11875 0.0109375 0.021875
1 0.68671875 0.16875 0.01640625 0.03515625
1 0.63203125 0.209375 0.02109375 0.04921875
1 0.66015625 0.2265625 0.021875 0.0453125
1 0.659375 0.18984375 0.01796875 0.03359375
1 0.709375 0.21796875 0.0203125 0.05078125
1 0.70703125 0.18984375 0.0203125 0.03359375
1 0.72265625 0.1484375 0.015625 0.0296875
1 0.7328125 0.17265625 0.015625 0.0390625
1 0.73828125 0.14921875 0.01328125 0.0234375
1 0.7578125 0.1359375 0.0140625 0.02734375
1 0.76171875 0.18203125 0.0140625 0.03359375
1 0.80390625 0.20859375 0.01875 0.03515625
1 0.77421875 0.14921875 0.0140625 0.03515625
1 0.79296875 0.1578125 0.0125 0.0296875
1 0.79375 0.13828125 0.01328125 0.02578125
1 0.80859375 0.15625 0.0140625 0.0296875
1 0.82578125 0.1328125 0.01328125 0.0296875
1 0.82421875 0.18359375 0.0140625 0.0375
1 0.8515625 0.21015625 0.01875 0.03515625
1 0.86484375 0.27109375 0.021875 0.04296875
1 0.88046875 0.23046875 0.01875 0.04140625
1 0.91640625 0.26484375 0.02109375 0.046875
1 0.93359375 0.228125 0.01796875 0.0390625
1 0.9046875 0.1828125 0.01328125 0.03515625
1 0.8890625 0.20859375 0.01796875 0.03125
1 0.8703125 0.159375 0.01328125 0.03125
1 0.84921875 0.14921875 0.01328125 0.02734375
1 0.93828125 0.17421875 0.0140625 0.0296875
1 0.9359375 0.20078125 0.01328125 0.0234375