1 0.18359375 0.459375 0.04296875 0.07890625
1 0.1671875 0.2765625 0.02421875 0.0453125
1 0.265625 0.2671875 0.0203125 0.0421875
1 0.30625 0.22265625 0.015625 0.03046875
1 0.3234375 0.23203125 0.01640625 0.03359375
1 0.3421875 0.2234375 0.015625 0.03515625
1 0.35703125 0.19296875 0.02265625 0.03828125
1 0.38828125 0.19375 0.0140625 0.02734375
1 0.3796875 0.209375 0.015625 0.03515625
1 0.415625 0.2171875 0.01953125 0.03515625
1 0.46796875 0.2046875 0.0140625 0.03984375
1 0.46015625 0.18515625 0.01171875 0.03203125
1 0.47578125 0.184375 0.01875 0.03671875
1 0.584375 0.10234375 0.01796875 0.03984375
1 0.6046875 0.05546875 0.01328125 0.03046875
1 0.6375 0.13984375 0.0125 0.02578125
1 0.65234375 0.1421875 0.0125 0.02109375
1 0.6546875 0.11875 0.0109375 0.02578125
1 0.65859375 0.07578125 0.009375 0.01953125
1 0.72421875 0.08125 0.0109375 0.02421875
1 0.73125 0.08046875 0.0125 0.02578125
1 0.74609375 0.0765625 0.01015625 0.02734375
1 0.7578125 0.0703125 0.01015625 0.01796875
1 0.76015625 0.0890625 0.01328125 0.02109375
1 0.74609375 0.14140625 0.01328125 0.02890625
1 0.8203125 0.253125 0.0203125 0.04375
1 0.88828125 0.26171875 0.01875 0.03203125
1 0.915625 0.25859375 0.01796875 0.0421875
1 0.8640625 0.18984375 0.01640625 0.03515625
1 0.934375 0.1890625 0.015625 0.03359375