1 0.04609375 0.4 0.02890625 0.065625
1 0.259375 0.28125 0.02265625 0.03828125
1 0.2890625 0.265625 0.01953125 0.0421875
1 0.3078125 0.259375 0.01875 0.0421875
1 0.3140625 0.2375 0.01796875 0.03203125
1 0.34375 0.2625 0.02109375 0.0421875
1 0.34609375 0.2171875 0.021875 0.03515625
1 0.38359375 0.2109375 0.01875 0.03828125
1 0.3921875 0.190625 0.01640625 0.03203125
1 0.3984375 0.296875 0.02734375 0.05
1 0.41640625 0.22421875 0.01875 0.03203125
1 0.41640625 0.16015625 0.0171875 0.03203125
1 0.44140625 0.22734375 0.01953125 0.03828125
1 0.4453125 0.196875 0.0171875 0.03828125
1 0.45703125 0.184375 0.0140625 0.03359375
1 0.4671875 0.20390625 0.01640625 0.03515625
1 0.49375 0.2171875 0.01953125 0.03828125
1 0.4921875 0.18359375 0.01953125 0.03828125
1 0.48515625 0.15859375 0.01328125 0.03203125
1 0.4765625 0.146875 0.0109375 0.03203125
1 0.4578125 0.134375 0.01484375 0.03359375
1 0.4890625 0.1328125 0.01328125 0.03046875
1 0.5125 0.1609375 0.0125 0.0265625
1 0.52421875 0.1328125 0.01328125 0.03359375
1 0.53515625 0.125 0.01328125 0.03203125
1 0.5390625 0.15390625 0.01640625 0.03203125
1 0.55546875 0.146875 0.0171875 0.03515625
1 0.57421875 0.15625 0.01796875 0.03671875
1 0.540625 0.19453125 0.01875 0.03671875
1 0.56328125 0.11171875 0.01328125 0.025
1 0.58359375 0.128125 0.0171875 0.03203125
1 0.5953125 0.09453125 0.01484375 0.03203125
1 0.5984375 0.1171875 0.0109375 0.03359375
1 0.621875 0.115625 0.0125 0.0265625
1 0.63046875 0.14375 0.01640625 0.03515625
1 0.64296875 0.12421875 0.0125 0.03046875
1 0.64375 0.10078125 0.01328125 0.0265625
1 0.6171875 0.0984375 0.0125 0.025
1 0.678125 0.1109375 0.0109375 0.0265625
1 0.69296875 0.09453125 0.0125 0.02890625
1 0.69765625 0.05625 0.0125 0.021875
1 0.49765625 0.290625 0.02734375 0.05703125
1 0.54453125 0.30859375 0.03203125 0.06015625
1 0.56875 0.24296875 0.0234375 0.04375
1 0.6125 0.24375 0.02421875 0.0484375
1 0.61328125 0.20390625 0.02109375 0.0421875
1 0.65546875 0.1734375 0.01796875 0.0421875
1 0.6765625 0.20234375 0.02265625 0.0484375
1 0.66875 0.25703125 0.02578125 0.046875
1 0.6796875 0.334375 0.03515625 0.06171875
1 0.68359375 0.1484375 0.0171875 0.03515625
1 0.69921875 0.17109375 0.01796875 0.040625
1 0.7015625 0.225 0.0234375 0.046875
1 0.72734375 0.29453125 0.028125 0.0484375
1 0.75078125 0.2265625 0.02265625 0.05390625
1 0.74296875 0.17734375 0.01640625 0.03515625
1 0.73671875 0.1453125 0.01484375 0.03515625
1 0.71640625 0.13515625 0.01484375 0.03828125
1 0.73984375 0.1171875 0.01328125 0.03671875
1 0.7484375 0.128125 0.01484375 0.03203125
1 0.75390625 0.10234375 0.01484375 0.03359375
1 0.7921875 0.11328125 0.0125 0.02890625
1 0.7859375 0.1296875 0.0125 0.02890625
1 0.76484375 0.1546875 0.0171875 0.03671875
1 0.803125 0.16640625 0.01796875 0.03671875
1 0.79921875 0.13515625 0.0125 0.02890625
1 0.8140625 0.1203125 0.01328125 0.03515625
1 0.8359375 0.13671875 0.01484375 0.03828125
1 0.825 0.1578125 0.01640625 0.040625
1 0.82421875 0.228125 0.02109375 0.05703125
1 0.79453125 0.2734375 0.02421875 0.05390625
1 0.878125 0.209375 0.02109375 0.046875
1 0.85625 0.1734375 0.01953125 0.0453125
1 0.86953125 0.15078125 0.01328125 0.03046875
1 0.871875 0.125 0.0140625 0.02890625
1 0.9078125 0.12578125 0.0125 0.03046875
1 0.8984375 0.16015625 0.01796875 0.03515625
1 0.89609375 0.19765625 0.01640625 0.040625
1 0.93515625 0.28359375 0.0234375 0.06015625
1 0.93203125 0.184375 0.0171875 0.040625
1 0.93671875 0.15390625 0.01328125 0.02890625
1 0.60546875 0.334375 0.03125 0.071875