1 0.05234375 0.3140625 0.025 0.04765625
1 0.31484375 0.23046875 0.01875 0.03828125
1 0.3171875 0.18984375 0.01640625 0.03125
1 0.34609375 0.196875 0.015625 0.03125
1 0.409375 0.15859375 0.01328125 0.03125
1 0.40078125 0.2046875 0.01875 0.03125
1 0.4421875 0.2125 0.01953125 0.03671875
1 0.4375 0.16484375 0.0171875 0.0328125
1 0.44453125 0.1515625 0.015625 0.02734375
1 0.4625 0.12734375 0.0140625 0.02734375
1 0.4859375 0.13515625 0.009375 0.01640625
1 0.49921875 0.11796875 0.0125 0.02421875
1 0.515625 0.12578125 0.015625 0.02421875
1 0.54765625 0.12109375 0.01328125 0.02578125
1 0.5859375 0.109375 0.0125 0.02734375
1 0.609375 0.1015625 0.0125 0.02734375
1 0.628125 0.0953125 0.0125 0.0296875
1 0.49140625 0.22421875 0.02578125 0.04375
1 0.47109375 0.16171875 0.01640625 0.0328125
1 0.49921875 0.1578125 0.01875 0.0328125
1 0.53359375 0.1546875 0.01328125 0.03125
1 0.56171875 0.15625 0.01953125 0.0296875
1 0.55703125 0.1859375 0.025 0.03515625
1 0.52578125 0.26796875 0.02578125 0.0515625
1 0.57265625 0.290625 0.02578125 0.04609375
1 0.615625 0.2890625 0.025 0.053125
1 0.675 0.321875 0.03359375 0.06796875
1 0.58984375 0.23671875 0.0203125 0.040625
1 0.63359375 0.20546875 0.021875 0.04375
1 0.58203125 0.17265625 0.01875 0.040625
1 0.596875 0.1390625 0.0171875 0.02578125
1 0.625 0.14375 0.015625 0.02734375
1 0.6359375 0.1171875 0.0109375 0.02578125
1 0.65078125 0.12265625 0.01328125 0.02578125
1 0.65859375 0.1109375 0.01015625 0.02421875
1 0.68046875 0.11015625 0.0125 0.02578125
1 0.68359375 0.1265625 0.0140625 0.02578125
1 0.70078125 0.12109375 0.0125 0.02578125
1 0.70625 0.1578125 0.015625 0.0328125
1 0.7203125 0.13515625 0.015625 0.03125
1 0.75078125 0.1296875 0.0171875 0.03125
1 0.75859375 0.12734375 0.01015625 0.0203125
1 0.78125 0.13515625 0.01640625 0.03125
1 0.74140625 0.1671875 0.015625 0.0296875
1 0.76953125 0.18203125 0.01875 0.03671875
1 0.7 0.20859375 0.01640625 0.03125
1 0.71875 0.228125 0.0234375 0.0421875
1 0.66328125 0.21015625 0.021875 0.03828125
1 0.675 0.24375 0.02265625 0.040625
1 0.7953125 0.19375 0.01875 0.03828125
1 0.80625 0.16328125 0.0109375 0.021875
1 0.81328125 0.1859375 0.0171875 0.03125
1 0.8234375 0.17265625 0.01328125 0.0328125
1 0.84453125 0.14609375 0.01328125 0.02734375
1 0.83671875 0.18515625 0.015625 0.03671875
1 0.8609375 0.1796875 0.0125 0.0328125
1 0.871875 0.15703125 0.0140625 0.03125
1 0.87890625 0.14921875 0.01328125 0.02734375
1 0.89921875 0.1578125 0.0125 0.0328125
1 0.9078125 0.171875 0.01640625 0.02734375
1 0.89375 0.178125 0.015625 0.0296875
1 0.93359375 0.1984375 0.0171875 0.04375
1 0.9453125 0.18359375 0.01328125 0.0328125
1 0.88671875 0.20859375 0.015625 0.02421875
1 0.875 0.23671875 0.02265625 0.0546875
1 0.85234375 0.22109375 0.0171875 0.03828125
1 0.92578125 0.275 0.0203125 0.04375
1 0.90234375 0.3296875 0.025 0.05703125
1 0.84296875 0.3046875 0.0203125 0.0515625
1 0.83125 0.35703125 0.02890625 0.0609375
1 0.77890625 0.26875 0.0234375 0.053125
1 0.81015625 0.2609375 0.02265625 0.05859375
1 0.73359375 0.4140625 0.03515625 0.0609375
1 0.63984375 0.26640625 0.028125 0.0515625