1 0.065625 0.2984375 0.02265625 0.04609375
1 0.2890625 0.21953125 0.0171875 0.03515625
1 0.303125 0.23828125 0.01640625 0.0328125
1 0.328125 0.24375 0.0171875 0.03671875
1 0.378125 0.24765625 0.0171875 0.03671875
1 0.40859375 0.24296875 0.01953125 0.0421875
1 0.3296875 0.175 0.0125 0.02734375
1 0.34765625 0.1859375 0.01328125 0.03125
1 0.37265625 0.19296875 0.01640625 0.0328125
1 0.4171875 0.190625 0.015625 0.0328125
1 0.42421875 0.16328125 0.01328125 0.0296875
1 0.43984375 0.17265625 0.01328125 0.0296875
1 0.44453125 0.2125 0.01640625 0.0296875
1 0.475 0.22421875 0.01875 0.03671875
1 0.47421875 0.1875 0.015625 0.0328125
1 0.52109375 0.178125 0.0140625 0.0296875
1 0.553125 0.18203125 0.01328125 0.0328125
1 0.58828125 0.16796875 0.01328125 0.02734375
1 0.56484375 0.15390625 0.0109375 0.021875
1 0.55 0.1546875 0.0140625 0.0203125
1 0.546875 0.13046875 0.0140625 0.021875
1 0.521875 0.13359375 0.0109375 0.021875
1 0.49140625 0.1609375 0.0140625 0.02421875
1 0.46953125 0.15703125 0.0140625 0.02421875
1 0.471875 0.1359375 0.0125 0.021875
1 0.48828125 0.1328125 0.0125 0.02421875
1 0.49921875 0.125 0.0125 0.021875
1 0.61640625 0.153125 0.015625 0.02734375
1 0.61640625 0.128125 0.0125 0.021875
1 0.6078125 0.11640625 0.0109375 0.02421875
1 0.58515625 0.11953125 0.0125 0.02578125
1 0.63828125 0.1109375 0.0109375 0.02734375
1 0.65546875 0.12265625 0.0109375 0.02578125
1 0.66875 0.10078125 0.009375 0.021875
1 0.68515625 0.1171875 0.0109375 0.021875
1 0.6921875 0.1 0.009375 0.0203125
1 0.7125 0.10703125 0.0125 0.02734375
1 0.4828125 0.275 0.02265625 0.0515625
1 0.5421875 0.28984375 0.0265625 0.04765625
1 0.59453125 0.34609375 0.02421875 0.053125
1 0.68203125 0.3640625 0.02734375 0.05703125
1 0.74765625 0.3796875 0.0296875 0.0625
1 0.80625 0.4421875 0.0265625 0.0625
1 0.8953125 0.425 0.02890625 0.075
1 0.58671875 0.2453125 0.01875 0.0421875
1 0.62421875 0.21796875 0.0171875 0.0328125
1 0.628125 0.2640625 0.02265625 0.040625
1 0.68203125 0.2484375 0.021875 0.053125
1 0.690625 0.178125 0.01640625 0.0328125
1 0.68984375 0.16171875 0.0140625 0.0296875
1 0.71875 0.17578125 0.0140625 0.0296875
1 0.7046875 0.16875 0.0109375 0.0296875
1 0.746875 0.13359375 0.0140625 0.0296875
1 0.7796875 0.12734375 0.0125 0.03125
1 0.79375 0.15234375 0.01328125 0.02578125
1 0.74375 0.19375 0.0140625 0.03515625
1 0.725 0.22265625 0.01640625 0.03828125
1 0.7234375 0.303125 0.0203125 0.040625
1 0.83046875 0.35390625 0.0234375 0.0515625
1 0.77265625 0.32421875 0.02265625 0.053125
1 0.77109375 0.2390625 0.0203125 0.0421875
1 0.80625 0.20703125 0.015625 0.04375
1 0.81796875 0.22421875 0.0171875 0.040625
1 0.86328125 0.2671875 0.0171875 0.0421875
1 0.86953125 0.2140625 0.0171875 0.0421875
1 0.93046875 0.2125 0.01640625 0.0328125
1 0.91953125 0.29140625 0.015625 0.040625
1 0.91171875 0.3453125 0.021875 0.05859375