1 0.19140625 0.3671875 0.04453125 0.08984375
1 0.28359375 0.2125 0.0171875 0.03671875
1 0.30390625 0.225 0.01796875 0.03671875
1 0.32109375 0.2203125 0.01875 0.04296875
1 0.346875 0.23125 0.01875 0.04609375
1 0.36953125 0.2453125 0.0203125 0.04453125
1 0.41484375 0.24765625 0.02109375 0.04609375
1 0.328125 0.1765625 0.01796875 0.03828125
1 0.35078125 0.18671875 0.01796875 0.03671875
1 0.36875 0.18203125 0.01875 0.03984375
1 0.384375 0.19453125 0.0203125 0.03984375
1 0.4171875 0.19296875 0.01875 0.03671875
1 0.446875 0.23046875 0.0234375 0.04140625
1 0.41640625 0.15703125 0.0171875 0.03515625
1 0.43203125 0.16875 0.01875 0.03671875
1 0.453125 0.14375 0.0171875 0.03046875
1 0.46796875 0.17421875 0.021875 0.03984375
1 0.49609375 0.21484375 0.0234375 0.04453125
1 0.49921875 0.17578125 0.01875 0.03671875
1 0.48515625 0.15546875 0.01875 0.03515625
1 0.4671875 0.12734375 0.01328125 0.02734375
1 0.484375 0.12890625 0.01328125 0.02421875
1 0.5359375 0.1765625 0.0171875 0.03828125
1 0.52421875 0.1546875 0.015625 0.03671875
1 0.5046875 0.1390625 0.0125 0.03203125
1 0.5015625 0.11953125 0.0125 0.03046875
1 0.52421875 0.11953125 0.01484375 0.03046875
1 0.54609375 0.1625 0.0171875 0.03046875
1 0.54453125 0.13828125 0.01328125 0.02734375
1 0.546875 0.11328125 0.01328125 0.03046875
1 0.56171875 0.14453125 0.01171875 0.02890625
1 0.57265625 0.12890625 0.0125 0.03046875
1 0.578125 0.178125 0.021875 0.03515625
1 0.58046875 0.10859375 0.01171875 0.02890625
1 0.5921875 0.128125 0.01328125 0.03203125
1 0.60234375 0.146875 0.01328125 0.02734375
1 0.5984375 0.1078125 0.0125 0.03046875
1 0.61953125 0.14765625 0.01484375 0.03203125
1 0.621875 0.11953125 0.015625 0.02734375
1 0.628125 0.10703125 0.0125 0.02890625
1 0.64375 0.09765625 0.01484375 0.02578125
1 0.65390625 0.12578125 0.015625 0.03046875
1 0.6578125 0.11015625 0.01171875 0.02421875
1 0.67890625 0.11796875 0.0125 0.03046875
1 0.6765625 0.1015625 0.0125 0.02421875
1 0.7015625 0.10859375 0.01328125 0.03203125
1 0.4984375 0.271875 0.025 0.0625
1 0.571875 0.2796875 0.025 0.059375
1 0.60234375 0.31015625 0.0296875 0.075
1 0.58515625 0.23515625 0.0265625 0.053125
1 0.61875 0.2453125 0.02421875 0.0546875
1 0.621875 0.19765625 0.01796875 0.03984375
1 0.6625 0.26171875 0.021875 0.05
1 0.6734375 0.34453125 0.03203125 0.0734375
1 0.6671875 0.1890625 0.01796875 0.04140625
1 0.69765625 0.15625 0.0171875 0.04296875
1 0.7109375 0.1859375 0.01640625 0.04140625
1 0.725 0.2828125 0.025 0.05625
1 0.72734375 0.2140625 0.0234375 0.04609375
1 0.75546875 0.19765625 0.0203125 0.04609375
1 0.73671875 0.1421875 0.015625 0.03046875
1 0.7453125 0.153125 0.0171875 0.03671875
1 0.75078125 0.13046875 0.0171875 0.03359375
1 0.76328125 0.153125 0.01328125 0.03671875
1 0.778125 0.13046875 0.01328125 0.02734375
1 0.8046875 0.15234375 0.015625 0.02890625
1 0.7875 0.21484375 0.0203125 0.04453125
1 0.77265625 0.2375 0.02109375 0.0515625
1 0.78515625 0.2859375 0.021875 0.0625
1 0.77265625 0.3546875 0.0296875 0.065625
1 0.821875 0.38203125 0.03359375 0.07890625
1 0.828125 0.3015625 0.02265625 0.0640625
1 0.83125 0.23984375 0.021875 0.053125
1 0.85546875 0.26796875 0.01875 0.04453125
1 0.8828125 0.22890625 0.01875 0.04453125
1 0.91640625 0.3296875 0.0265625 0.0625
1 0.86875 0.4203125 0.03359375 0.07890625
1 0.921875 0.284375 0.0234375 0.03984375
1 0.92578125 0.23125 0.0171875 0.03984375