1 0.1015625 0.5640625 0.04140625 0.10625
1 0.23515625 0.26796875 0.015625 0.0421875
1 0.2375 0.29140625 0.02265625 0.04375
1 0.28828125 0.24375 0.0171875 0.0375
1 0.31953125 0.21171875 0.01640625 0.03359375
1 0.315625 0.246875 0.02109375 0.040625
1 0.34140625 0.23828125 0.01640625 0.04375
1 0.3640625 0.21328125 0.01640625 0.0375
1 0.38515625 0.190625 0.01484375 0.0390625
1 0.38046875 0.2671875 0.02109375 0.05078125
1 0.41796875 0.23125 0.01484375 0.0390625
1 0.421875 0.18125 0.0140625 0.03359375
1 0.43515625 0.1609375 0.01328125 0.03046875
1 0.44296875 0.1921875 0.0140625 0.0390625
1 0.47734375 0.14609375 0.0125 0.03203125
1 0.4828125 0.1734375 0.01796875 0.0421875
1 0.5015625 0.15546875 0.01171875 0.03359375
1 0.53828125 0.16171875 0.01484375 0.03515625
1 0.521875 0.17421875 0.01796875 0.04375
1 0.5078125 0.2125 0.01796875 0.03515625
1 0.4859375 0.25703125 0.02109375 0.04375
1 0.440625 0.31953125 0.02265625 0.05078125
1 0.56328125 0.140625 0.0125 0.02734375
1 0.565625 0.16640625 0.01328125 0.02890625
1 0.5640625 0.22578125 0.015625 0.0390625
1 0.5875 0.2015625 0.015625 0.03359375
1 0.58671875 0.14140625 0.01328125 0.03203125
1 0.60625 0.1328125 0.0125 0.02890625
1 0.6140625 0.15546875 0.01328125 0.02734375
1 0.6203125 0.1828125 0.01328125 0.03359375
1 0.62578125 0.2046875 0.015625 0.040625
1 0.61875 0.07734375 0.0125 0.03203125
1 0.6453125 0.13125 0.01171875 0.03203125
1 0.66171875 0.1296875 0.0140625 0.02890625
1 0.6609375 0.15625 0.0125 0.02890625
1 0.66875 0.18203125 0.0125 0.03203125
1 0.6953125 0.15703125 0.01328125 0.0375
1 0.70078125 0.14140625 0.0125 0.03203125
1 0.72421875 0.15859375 0.01328125 0.03203125
1 0.70625 0.22109375 0.0171875 0.0390625
1 0.6640625 0.26328125 0.01796875 0.0421875
1 0.72109375 0.28203125 0.02109375 0.04921875
1 0.746875 0.24609375 0.01640625 0.0390625
1 0.7671875 0.20859375 0.01328125 0.03203125
1 0.784375 0.18828125 0.01484375 0.03515625
1 0.7859375 0.21875 0.0140625 0.03515625
1 0.81640625 0.19609375 0.01328125 0.03359375
1 0.825 0.225 0.0171875 0.0375
1 0.803125 0.26171875 0.01640625 0.0453125
1 0.76328125 0.29765625 0.02109375 0.040625
1 0.80859375 0.315625 0.01953125 0.05234375
1 0.728125 0.415625 0.025 0.065625
1 0.80078125 0.47109375 0.02890625 0.0796875
1 0.66640625 0.4140625 0.025 0.059375
1 0.8796875 0.2375 0.0125 0.03203125
1 0.91015625 0.2328125 0.015625 0.0390625
1 0.90859375 0.2640625 0.015625 0.040625
1 0.8953125 0.29296875 0.0171875 0.04765625
1 0.87265625 0.346875 0.0171875 0.04375
1 0.878125 0.396875 0.02265625 0.07265625
1 0.8671875 0.4984375 0.0296875 0.0828125
1 0.95546875 0.45 0.01953125 0.0640625
1 0.95390625 0.38359375 0.01875 0.05234375
1 0.93125 0.35859375 0.0140625 0.04765625
1 0.93828125 0.26953125 0.01328125 0.03515625
1 0.95546875 0.25078125 0.0125 0.0375
1 0.98671875 0.2625 0.0109375 0.0375
1 0.978125 0.32265625 0.0125 0.0421875
1 0.9859375 0.309375 0.0109375 0.03359375
1 0.98359375 0.36796875 0.01484375 0.04921875
1 0.62421875 0.2859375 0.02265625 0.05390625
1 0.58515625 0.33828125 0.02109375 0.05390625
1 0.603125 0.38125 0.025 0.0625