1 0.02578125 0.3890625 0.02265625 0.065625
1 0.25859375 0.2640625 0.01796875 0.0421875
1 0.28515625 0.2625 0.02265625 0.0453125
1 0.3234375 0.23984375 0.0234375 0.03359375
1 0.309375 0.28203125 0.02265625 0.03828125
1 0.3515625 0.2203125 0.02109375 0.03515625
1 0.346875 0.2609375 0.02109375 0.046875
1 0.38046875 0.22890625 0.0234375 0.03515625
1 0.375 0.1984375 0.0171875 0.021875
1 0.3921875 0.190625 0.01796875 0.03671875
1 0.40703125 0.28984375 0.02734375 0.04375
1 0.42109375 0.22109375 0.02109375 0.03671875
1 0.42734375 0.15859375 0.01640625 0.021875
1 0.4390625 0.1890625 0.01953125 0.03359375
1 0.45625 0.16328125 0.01640625 0.03515625
1 0.4765625 0.15078125 0.0140625 0.03359375
1 0.490625 0.11953125 0.01171875 0.021875
1 0.46484375 0.190625 0.02265625 0.03671875
1 0.46796875 0.23359375 0.02109375 0.03828125
1 0.50390625 0.1984375 0.028125 0.03828125
1 0.5359375 0.1234375 0.021875 0.028125
1 0.51328125 0.1578125 0.021875 0.03671875
1 0.54140625 0.1609375 0.0234375 0.03359375
1 0.55 0.2015625 0.021875 0.03203125
1 0.5703125 0.16484375 0.01875 0.0453125
1 0.56953125 0.10625 0.01484375 0.028125
1 0.5953125 0.0984375 0.01875 0.0265625
1 0.5890625 0.134375 0.021875 0.03359375
1 0.61484375 0.15390625 0.01953125 0.046875
1 0.61640625 0.1171875 0.0125 0.0265625
1 0.64453125 0.1015625 0.0140625 0.03515625
1 0.65546875 0.11328125 0.01640625 0.03515625
1 0.6734375 0.11953125 0.01640625 0.03828125
1 0.70546875 0.096875 0.01953125 0.03984375
1 0.5734375 0.23671875 0.02578125 0.03828125
1 0.496875 0.2890625 0.03046875 0.0484375
1 0.55078125 0.3 0.03125 0.06328125
1 0.59921875 0.20234375 0.01953125 0.03984375
1 0.61015625 0.25234375 0.03046875 0.05859375
1 0.609375 0.325 0.03125 0.05390625
1 0.66171875 0.17109375 0.021875 0.03359375
1 0.67109375 0.21015625 0.028125 0.0484375
1 0.6625 0.253125 0.028125 0.05
1 0.69296875 0.153125 0.01640625 0.03203125
1 0.709375 0.1390625 0.0265625 0.04375
1 0.70703125 0.1859375 0.0171875 0.03671875
1 0.68125 0.33359375 0.028125 0.0703125
1 0.71328125 0.28359375 0.03046875 0.05859375
1 0.7140625 0.20859375 0.02734375 0.05546875
1 0.7515625 0.1015625 0.01796875 0.03203125
1 0.74140625 0.1125 0.0140625 0.03046875
1 0.75 0.134375 0.01875 0.03359375
1 0.73984375 0.1578125 0.0171875 0.03984375
1 0.7546875 0.17890625 0.02265625 0.046875
1 0.76796875 0.22421875 0.03046875 0.05390625
1 0.78203125 0.2890625 0.0234375 0.05859375
1 0.78984375 0.1125 0.01640625 0.03046875
1 0.775 0.1328125 0.01875 0.03828125
1 0.77734375 0.1703125 0.01640625 0.03515625
1 0.82578125 0.11328125 0.01640625 0.03515625
1 0.8078125 0.1375 0.0171875 0.03046875
1 0.8046875 0.18828125 0.01796875 0.0421875
1 0.821875 0.16484375 0.01796875 0.028125
1 0.83984375 0.13671875 0.01640625 0.028125
1 0.853125 0.18359375 0.021875 0.0421875
1 0.8578125 0.14453125 0.01328125 0.03828125
1 0.87734375 0.12578125 0.0171875 0.0234375
1 0.87734375 0.15 0.01640625 0.025
1 0.87109375 0.21640625 0.0234375 0.04375
1 0.884375 0.1890625 0.01953125 0.03984375
1 0.90703125 0.1234375 0.02109375 0.0453125
1 0.9 0.1703125 0.0140625 0.0453125
1 0.93125 0.18515625 0.01796875 0.0421875
1 0.94140625 0.15234375 0.0171875 0.03671875
1 0.92734375 0.271875 0.02421875 0.0453125
1 0.5 0.15078125 0.01796875 0.03671875
1 0.62734375 0.09375 0.01015625 0.03046875