1 0.0828125 0.8 0.115625 0.19921875
1 0.05234375 0.68515625 0.0796875 0.12890625
1 0.18359375 0.76953125 0.0796875 0.12421875
1 0.21953125 0.64765625 0.0703125 0.11015625
1 0.296875 0.8234375 0.153125 0.26484375
1 0.37578125 0.75078125 0.0953125 0.17578125
1 0.39140625 0.6765625 0.0796875 0.13125
1 0.51171875 0.46640625 0.0640625 0.121875
1 0.47109375 0.73046875 0.0734375 0.15
1 0.5484375 0.80703125 0.1 0.20390625
1 0.55546875 0.68359375 0.0984375 0.1453125
1 0.64375 0.68359375 0.0625 0.1171875
1 0.68515625 0.70390625 0.0796875 0.12890625
1 0.6890625 0.81171875 0.15625 0.18984375
1 0.7015625 0.915625 0.146875 0.1640625
1 0.8703125 0.91015625 0.19375 0.17578125
1 0.840625 0.77734375 0.128125 0.1921875
1 0.85625 0.67109375 0.065625 0.11484375
1 0.81328125 0.659375 0.0546875 0.10546875
1 0.8984375 0.7515625 0.084375 0.1734375