1 0.01953125 0.2953125 0.0390625 0.096875
1 0.14921875 0.3359375 0.09375 0.153125
1 0.12890625 0.240625 0.05859375 0.09375
1 0.24375 0.3078125 0.0625 0.103125
1 0.21875 0.259375 0.05390625 0.0875
1 0.29140625 0.2421875 0.05 0.096875
1 0.37421875 0.3328125 0.06875 0.121875
1 0.38046875 0.25625 0.05625 0.09375
1 0.503125 0.334375 0.07734375 0.125
1 0.48671875 0.234375 0.05234375 0.0875
1 0.58515625 0.3140625 0.06640625 0.109375
1 0.653125 0.5015625 0.12265625 0.196875
1 0.6875 0.3265625 0.0625 0.115625
1 0.72265625 0.2890625 0.04609375 0.084375
1 0.7 0.246875 0.05390625 0.075
1 0.609375 0.25625 0.05625 0.0875
1 0.64609375 0.2046875 0.0375 0.078125
1 0.79140625 0.2078125 0.04140625 0.078125
1 0.82578125 0.28125 0.04765625 0.10625
1 0.85234375 0.253125 0.04140625 0.08125
1 0.92421875 0.5328125 0.12734375 0.253125
1 0.91640625 0.4171875 0.10390625 0.159375
1 0.92265625 0.278125 0.05390625 0.1
1 0.95625 0.2296875 0.04140625 0.071875