1 0.2140625 0.33984375 0.01640625 0.0328125
1 0.23984375 0.375 0.01953125 0.04296875
1 0.278125 0.36796875 0.01953125 0.04296875
1 0.27109375 0.30625 0.015625 0.03203125
1 0.315625 0.36328125 0.02109375 0.0390625
1 0.3015625 0.33515625 0.01875 0.0375
1 0.3390625 0.29375 0.0171875 0.0328125
1 0.340625 0.33359375 0.01640625 0.034375
1 0.365625 0.32578125 0.01640625 0.034375
1 0.39296875 0.34296875 0.0203125 0.0421875
1 0.38828125 0.303125 0.01640625 0.034375
1 0.37265625 0.26328125 0.01484375 0.03046875
1 0.3890625 0.26953125 0.01484375 0.03203125
1 0.41875 0.30625 0.01875 0.0359375
1 0.4125 0.25 0.015625 0.03203125
1 0.43203125 0.26171875 0.01484375 0.0328125
1 0.4515625 0.2390625 0.015625 0.03046875
1 0.45625 0.2703125 0.01484375 0.03046875
1 0.45703125 0.30625 0.0171875 0.02890625
1 0.48203125 0.3234375 0.01796875 0.0375
1 0.4359375 0.33046875 0.01953125 0.04296875
1 0.51640625 0.35390625 0.0234375 0.053125
1 0.44609375 0.4125 0.02890625 0.0578125
1 0.4859375 0.26328125 0.015625 0.0328125
1 0.50234375 0.2765625 0.0171875 0.0390625
1 0.53359375 0.28515625 0.0171875 0.0359375
1 0.52890625 0.2484375 0.015625 0.03203125
1 0.54140625 0.225 0.01171875 0.02578125
1 0.55703125 0.2203125 0.01171875 0.021875
1 0.55625 0.24140625 0.0140625 0.02734375
1 0.5625 0.2640625 0.01484375 0.034375
1 0.5796875 0.246875 0.01640625 0.02890625
1 0.58359375 0.22265625 0.01328125 0.03046875
1 0.59296875 0.20859375 0.01484375 0.03046875
1 0.609375 0.2203125 0.01484375 0.0359375
1 0.61796875 0.24453125 0.01484375 0.02734375
1 0.621875 0.225 0.015625 0.02890625
1 0.64140625 0.2109375 0.01640625 0.02890625
1 0.64296875 0.23984375 0.01484375 0.02890625
1 0.659375 0.26796875 0.01796875 0.0359375
1 0.66015625 0.23984375 0.01640625 0.03203125
1 0.68125 0.22421875 0.0140625 0.03046875
1 0.68515625 0.25390625 0.01640625 0.034375
1 0.5796875 0.33359375 0.0203125 0.04296875
1 0.61875 0.3 0.01953125 0.04609375
1 0.59453125 0.36328125 0.02578125 0.0515625
1 0.52890625 0.40625 0.034375 0.05625
1 0.575 0.453125 0.03515625 0.075
1 0.625 0.471875 0.0359375 0.06953125
1 0.6390625 0.37109375 0.028125 0.04921875
1 0.628125 0.34921875 0.01640625 0.034375
1 0.6703125 0.35390625 0.0203125 0.04453125
1 0.6703125 0.3203125 0.02265625 0.0375
1 0.7078125 0.2875 0.015625 0.034375
1 0.73125 0.2546875 0.0125 0.03046875
1 0.725 0.24375 0.0140625 0.0234375
1 0.74140625 0.23671875 0.01484375 0.034375
1 0.7546875 0.284375 0.0171875 0.040625
1 0.77265625 0.246875 0.015625 0.0375
1 0.76015625 0.246875 0.0125 0.02890625
1 0.80234375 0.2703125 0.01484375 0.03046875
1 0.81875 0.25546875 0.01328125 0.034375
1 0.79765625 0.303125 0.0171875 0.040625
1 0.82109375 0.31328125 0.0171875 0.0375
1 0.82734375 0.34375 0.0203125 0.04609375
1 0.8453125 0.37421875 0.01953125 0.05625
1 0.8546875 0.340625 0.01875 0.040625
1 0.86640625 0.3171875 0.0171875 0.0375
1 0.8375 0.2859375 0.01484375 0.03203125
1 0.85546875 0.25 0.01328125 0.034375
1 0.878125 0.2890625 0.0171875 0.0421875
1 0.725 0.415625 0.02734375 0.04921875
1 0.69375 0.4859375 0.03828125 0.075
1 0.76640625 0.42890625 0.02734375 0.0578125
1 0.79375 0.36328125 0.01796875 0.05078125
1 0.8109375 0.52890625 0.0375 0.0734375
1 0.83046875 0.4671875 0.02734375 0.0609375
1 0.89609375 0.48828125 0.028125 0.07109375
1 0.9 0.3265625 0.01640625 0.04453125
1 0.921875 0.35390625 0.01796875 0.04453125
1 0.91484375 0.30625 0.01328125 0.03046875
1 0.91953125 0.2796875 0.01484375 0.0234375