1 0.19765625 0.40625 0.04140625 0.08046875
1 0.2609375 0.2703125 0.01484375 0.0359375
1 0.2953125 0.24296875 0.01328125 0.02578125
1 0.3 0.25703125 0.01328125 0.02578125
1 0.32421875 0.2484375 0.01484375 0.02890625
1 0.32421875 0.21171875 0.01484375 0.02734375
1 0.3421875 0.20859375 0.0125 0.02578125
1 0.3546875 0.2484375 0.01640625 0.0359375
1 0.38359375 0.2625 0.01953125 0.04140625
1 0.41640625 0.275 0.0203125 0.04453125
1 0.3828125 0.2015625 0.01484375 0.0359375
1 0.40703125 0.17578125 0.0125 0.02578125
1 0.41875 0.1828125 0.01484375 0.0328125
1 0.4375 0.16171875 0.01328125 0.034375
1 0.459375 0.1578125 0.01328125 0.03125
1 0.46484375 0.146875 0.0109375 0.02265625
1 0.478125 0.1390625 0.01328125 0.02734375
1 0.48125 0.215625 0.01640625 0.0359375
1 0.42890625 0.24296875 0.0203125 0.0328125
1 0.49765625 0.1890625 0.01796875 0.034375
1 0.50703125 0.12265625 0.01171875 0.02578125
1 0.521875 0.13125 0.01328125 0.02265625
1 0.5265625 0.20703125 0.01796875 0.0359375
1 0.55859375 0.1390625 0.0109375 0.03125
1 0.57734375 0.13046875 0.01484375 0.0203125
1 0.5875 0.1375 0.0125 0.0203125
1 0.59921875 0.103125 0.01328125 0.0203125
1 0.6234375 0.11015625 0.0125 0.0203125
1 0.6265625 0.134375 0.01484375 0.03125
1 0.61328125 0.1515625 0.0171875 0.03125
1 0.6453125 0.11484375 0.01484375 0.02421875
1 0.66484375 0.12109375 0.0125 0.02265625
1 0.65390625 0.16015625 0.01796875 0.034375
1 0.61796875 0.19765625 0.0171875 0.04140625
1 0.57109375 0.17109375 0.01484375 0.0359375
1 0.53671875 0.17890625 0.01953125 0.03125
1 0.5015625 0.29140625 0.021875 0.05703125
1 0.55078125 0.3125 0.02734375 0.0484375
1 0.57265625 0.2359375 0.02109375 0.04296875
1 0.6078125 0.25390625 0.021875 0.0484375
1 0.65625 0.2015625 0.01953125 0.03984375
1 0.6671875 0.246875 0.01796875 0.04609375
1 0.68125 0.303125 0.025 0.0703125
1 0.70390625 0.21875 0.015625 0.03984375
1 0.72265625 0.253125 0.0203125 0.05
1 0.74140625 0.3328125 0.03203125 0.06328125
1 0.77734375 0.28671875 0.021875 0.0515625
1 0.746875 0.240625 0.0171875 0.0375
1 0.7453125 0.20078125 0.01796875 0.0375
1 0.71640625 0.19296875 0.01796875 0.0359375
1 0.69609375 0.15234375 0.015625 0.0359375
1 0.7296875 0.15 0.01328125 0.0359375
1 0.74765625 0.1515625 0.01640625 0.034375
1 0.771875 0.12578125 0.0125 0.03125
1 0.765625 0.17265625 0.0109375 0.0328125
1 0.80078125 0.12890625 0.01328125 0.034375
1 0.79296875 0.184375 0.01640625 0.03984375
1 0.8109375 0.16953125 0.015625 0.0359375
1 0.79765625 0.15625 0.01484375 0.034375
1 0.8390625 0.1375 0.0125 0.034375
1 0.8734375 0.14140625 0.01328125 0.0359375
1 0.8453125 0.18203125 0.015625 0.0375
1 0.83984375 0.21875 0.01953125 0.04296875
1 0.82109375 0.23359375 0.01953125 0.0484375
1 0.89375 0.196875 0.0171875 0.03984375
1 0.88125 0.24375 0.01953125 0.06171875
1 0.9171875 0.27109375 0.01953125 0.0484375