1 0.19921875 0.40390625 0.04453125 0.07109375
1 0.2796875 0.2546875 0.01640625 0.02265625
1 0.2890625 0.28828125 0.01875 0.028125
1 0.3515625 0.278125 0.01640625 0.0328125
1 0.37265625 0.28671875 0.015625 0.0375
1 0.375 0.23671875 0.015625 0.0296875
1 0.38046875 0.18828125 0.0109375 0.025
1 0.40625 0.19375 0.0109375 0.02265625
1 0.42265625 0.18671875 0.01171875 0.025
1 0.41171875 0.175 0.0109375 0.02109375
1 0.4484375 0.16484375 0.01171875 0.01953125
1 0.44609375 0.1921875 0.01328125 0.0296875
1 0.43984375 0.23671875 0.015625 0.0359375
1 0.4640625 0.23046875 0.0171875 0.0359375
1 0.35078125 0.2453125 0.0140625 0.0265625
1 0.51875 0.20546875 0.01640625 0.0359375
1 0.48828125 0.2078125 0.01640625 0.034375
1 0.47890625 0.18515625 0.01640625 0.028125
1 0.4703125 0.15859375 0.0140625 0.025
1 0.4625 0.14609375 0.01171875 0.02265625
1 0.50390625 0.134375 0.00703125 0.01796875
1 0.50859375 0.17421875 0.0171875 0.0328125
1 0.5140625 0.153125 0.01328125 0.0265625
1 0.5375 0.1546875 0.01640625 0.0265625
1 0.54453125 0.190625 0.01171875 0.0265625
1 0.5765625 0.178125 0.01328125 0.025
1 0.58359375 0.15234375 0.0109375 0.025
1 0.55625 0.1375 0.01015625 0.01796875
1 0.55390625 0.11796875 0.009375 0.01484375
1 0.58671875 0.125 0.0109375 0.02265625
1 0.58984375 0.1125 0.009375 0.02109375
1 0.6125 0.11328125 0.01171875 0.01953125
1 0.61015625 0.15390625 0.01171875 0.025
1 0.64140625 0.14296875 0.0109375 0.02265625
1 0.64609375 0.12734375 0.009375 0.01796875
1 0.65703125 0.12265625 0.01015625 0.02109375
1 0.640625 0.10546875 0.00859375 0.01953125
1 0.69296875 0.115625 0.01015625 0.02109375
1 0.49609375 0.284375 0.01953125 0.0359375
1 0.53671875 0.3265625 0.01640625 0.034375
1 0.62734375 0.3109375 0.02109375 0.04921875
1 0.56484375 0.26171875 0.01640625 0.0359375
1 0.61875 0.25859375 0.015625 0.04296875
1 0.63203125 0.221875 0.015625 0.0296875
1 0.6484375 0.17734375 0.01640625 0.0328125
1 0.66328125 0.21953125 0.01875 0.034375
1 0.67890625 0.3390625 0.021875 0.04921875
1 0.6859375 0.1625 0.009375 0.01953125
1 0.696875 0.1765625 0.01328125 0.03125
1 0.7203125 0.171875 0.01171875 0.02109375
1 0.74453125 0.15234375 0.015625 0.025
1 0.74140625 0.121875 0.009375 0.01953125
1 0.7578125 0.1359375 0.01171875 0.025
1 0.778125 0.16953125 0.01171875 0.0265625
1 0.74609375 0.23203125 0.01640625 0.0359375
1 0.7265625 0.20546875 0.01484375 0.0359375
1 0.7125 0.275 0.01953125 0.04296875
1 0.6921875 0.23828125 0.01171875 0.0296875
1 0.753125 0.35390625 0.025 0.059375
1 0.76484375 0.3015625 0.0203125 0.04765625
1 0.80703125 0.25 0.01484375 0.0359375
1 0.77109375 0.21171875 0.0171875 0.0375
1 0.8140625 0.15234375 0.01015625 0.028125
1 0.82265625 0.140625 0.0109375 0.02109375
1 0.82890625 0.12421875 0.01015625 0.025
1 0.803125 0.41015625 0.025 0.0578125
1 0.83046875 0.31875 0.01953125 0.04296875
1 0.8890625 0.37109375 0.0265625 0.0609375
1 0.90390625 0.31953125 0.0203125 0.04140625
1 0.86875 0.26796875 0.01484375 0.03984375
1 0.90390625 0.26796875 0.01484375 0.0328125
1 0.82421875 0.21328125 0.015625 0.04453125
1 0.87890625 0.20625 0.01171875 0.03125
1 0.91484375 0.22578125 0.0109375 0.028125
1 0.8890625 0.175 0.00859375 0.01796875
1 0.89375 0.14140625 0.009375 0.01953125
1 0.846875 0.17265625 0.01015625 0.0265625
1 0.85390625 0.1515625 0.009375 0.02265625
1 0.86328125 0.13515625 0.009375 0.01953125