1 0.20234375 0.39609375 0.04140625 0.09296875
1 0.24765625 0.26796875 0.02109375 0.0375
1 0.2765625 0.25859375 0.0203125 0.0359375
1 0.309375 0.2375 0.0171875 0.03125
1 0.3203125 0.253125 0.0203125 0.04765625
1 0.33359375 0.2140625 0.015625 0.03359375
1 0.34296875 0.22890625 0.015625 0.03125
1 0.36328125 0.26953125 0.01875 0.04140625
1 0.3828125 0.28359375 0.0203125 0.0375
1 0.35703125 0.24375 0.015625 0.0296875
1 0.3625 0.19765625 0.01484375 0.03125
1 0.37890625 0.1828125 0.0171875 0.03359375
1 0.384375 0.21875 0.015625 0.0375
1 0.459375 0.24140625 0.0203125 0.04375
1 0.43359375 0.22890625 0.0203125 0.03984375
1 0.40625 0.1875 0.01484375 0.03125
1 0.44140625 0.1859375 0.01328125 0.0359375
1 0.44140625 0.16484375 0.01328125 0.0296875
1 0.45546875 0.18515625 0.01328125 0.03359375
1 0.47421875 0.196875 0.01484375 0.0296875
1 0.4734375 0.159375 0.015625 0.02578125
1 0.503125 0.18984375 0.0171875 0.0359375
1 0.496875 0.16875 0.015625 0.0296875
1 0.48125 0.13515625 0.0125 0.0296875
1 0.52265625 0.20078125 0.0171875 0.0375
1 0.534375 0.1578125 0.015625 0.0359375
1 0.57578125 0.16875 0.0171875 0.03359375
1 0.55390625 0.14921875 0.01484375 0.0296875
1 0.5546875 0.121875 0.0171875 0.0296875
1 0.57265625 0.14140625 0.01484375 0.0296875
1 0.57890625 0.128125 0.015625 0.0234375
1 0.609375 0.14296875 0.0171875 0.0296875
1 0.6296875 0.11953125 0.01484375 0.0296875
1 0.6703125 0.115625 0.01484375 0.0296875
1 0.4875 0.30859375 0.02890625 0.0515625
1 0.5546875 0.2328125 0.02578125 0.05546875
1 0.5640625 0.2796875 0.0265625 0.05703125
1 0.59765625 0.328125 0.03125 0.075
1 0.615625 0.23828125 0.025 0.053125
1 0.6515625 0.2125 0.025 0.04921875
1 0.646875 0.1765625 0.02109375 0.03359375
1 0.675 0.15 0.015625 0.03125
1 0.6828125 0.1828125 0.01796875 0.04921875
1 0.71015625 0.21328125 0.02265625 0.03984375
1 0.6671875 0.253125 0.025 0.04765625
1 0.72109375 0.26484375 0.02265625 0.04765625
1 0.76171875 0.28828125 0.028125 0.05546875
1 0.83125 0.32109375 0.0328125 0.06953125
1 0.75234375 0.228125 0.02578125 0.04921875
1 0.72734375 0.19765625 0.02578125 0.04765625
1 0.71015625 0.171875 0.015625 0.0359375
1 0.7 0.14296875 0.01328125 0.0296875
1 0.7328125 0.115625 0.01484375 0.02578125
1 0.7578125 0.13203125 0.01796875 0.0359375
1 0.74140625 0.1390625 0.015625 0.03359375
1 0.753125 0.1703125 0.0171875 0.0359375
1 0.77265625 0.19921875 0.0203125 0.04765625
1 0.77578125 0.15 0.015625 0.0359375
1 0.79375 0.1765625 0.01796875 0.0375
1 0.79609375 0.12421875 0.01328125 0.02734375
1 0.82578125 0.1375 0.01484375 0.03359375
1 0.83203125 0.18515625 0.01796875 0.04140625
1 0.84453125 0.1640625 0.01484375 0.0359375
1 0.8171875 0.2203125 0.0171875 0.04140625
1 0.85078125 0.2453125 0.01875 0.0515625
1 0.90234375 0.26171875 0.025 0.05703125
1 0.91015625 0.22734375 0.01796875 0.04375
1 0.8765625 0.19453125 0.0171875 0.0375
1 0.88046875 0.1671875 0.01328125 0.0296875
1 0.8828125 0.15234375 0.01484375 0.02734375