1 0.2015625 0.4296875 0.04609375 0.06796875
1 0.30625 0.2171875 0.01875 0.0421875
1 0.33203125 0.22734375 0.01640625 0.03828125
1 0.3578125 0.234375 0.01875 0.0453125
1 0.409375 0.24453125 0.0234375 0.03359375
1 0.41640625 0.209375 0.01875 0.040625
1 0.46640625 0.19609375 0.02265625 0.03515625
1 0.41953125 0.153125 0.0125 0.0296875
1 0.43359375 0.15625 0.0125 0.03828125
1 0.46796875 0.15390625 0.02421875 0.03828125
1 0.496875 0.15234375 0.01640625 0.03515625
1 0.54296875 0.153125 0.02109375 0.040625
1 0.55859375 0.18828125 0.02265625 0.03671875
1 0.63203125 0.2328125 0.01875 0.05234375
1 0.6703125 0.2328125 0.0265625 0.03828125
1 0.640625 0.04765625 0.0125 0.03125
1 0.73125 0.14609375 0.02265625 0.040625
1 0.90390625 0.196875 0.01640625 0.040625
1 0.89296875 0.24375 0.0234375 0.059375
1 0.91015625 0.334375 0.0328125 0.0703125
1 0.9234375 0.24609375 0.0203125 0.05078125
1 0.93984375 0.2 0.015625 0.0421875
1 0.96328125 0.1859375 0.01484375 0.03515625
1 0.39765625 0.2078125 0.0171875 0.03671875
1 0.64375 0.2046875 0.01875 0.0421875