1 0.08515625 0.57421875 0.04609375 0.10546875
1 0.1828125 0.30078125 0.01875 0.053125
1 0.2125 0.29375 0.02265625 0.053125
1 0.25546875 0.2515625 0.02109375 0.0390625
1 0.29609375 0.2296875 0.0203125 0.04765625
1 0.296875 0.2546875 0.02109375 0.04375
1 0.31796875 0.2375 0.01796875 0.04609375
1 0.33828125 0.221875 0.015625 0.03515625
1 0.353125 0.20859375 0.0203125 0.03359375
1 0.3796875 0.1984375 0.01796875 0.040625
1 0.37734375 0.25390625 0.01796875 0.03515625
1 0.35703125 0.27734375 0.02265625 0.04765625
1 0.4296875 0.32421875 0.02421875 0.05625
1 0.425 0.20234375 0.015625 0.0390625
1 0.43125 0.1734375 0.01328125 0.04375
1 0.44609375 0.175 0.015625 0.0296875
1 0.46328125 0.1625 0.01640625 0.040625
1 0.484375 0.1640625 0.0140625 0.0421875
1 0.4828125 0.215625 0.01640625 0.040625
1 0.46015625 0.26328125 0.0203125 0.04765625
1 0.5109375 0.1765625 0.0171875 0.04765625
1 0.546875 0.1453125 0.01328125 0.040625
1 0.5703125 0.14296875 0.0140625 0.03515625
1 0.5890625 0.13359375 0.0140625 0.03515625
1 0.59921875 0.1609375 0.015625 0.03359375
1 0.571875 0.20703125 0.01640625 0.040625
1 0.54609375 0.22734375 0.015625 0.0390625
1 0.6234375 0.1328125 0.015625 0.0296875
1 0.615625 0.20703125 0.0140625 0.040625
1 0.59765625 0.20078125 0.01640625 0.0421875
1 0.64921875 0.14609375 0.0140625 0.03515625
1 0.66171875 0.13984375 0.01484375 0.0296875
1 0.65078125 0.18828125 0.01484375 0.03515625
1 0.684375 0.1453125 0.01484375 0.0296875
1 0.68359375 0.17265625 0.0140625 0.0421875
1 0.703125 0.16796875 0.015625 0.03671875
1 0.6890625 0.22109375 0.01640625 0.03671875
1 0.6671875 0.24296875 0.02109375 0.04921875
1 0.6171875 0.30703125 0.02265625 0.04765625
1 0.56640625 0.35859375 0.028125 0.06171875
1 0.6015625 0.3796875 0.02421875 0.0578125
1 0.653125 0.41015625 0.02734375 0.06015625
1 0.71640625 0.415625 0.02421875 0.0703125
1 0.78828125 0.4625 0.02734375 0.07890625
1 0.86328125 0.51171875 0.025 0.07890625
1 0.8859375 0.425 0.0203125 0.0546875
1 0.95234375 0.5046875 0.021875 0.06875
1 0.94375 0.39453125 0.0203125 0.05625
1 0.9734375 0.37890625 0.01640625 0.04921875
1 0.98359375 0.27578125 0.01328125 0.04375
1 0.9453125 0.2546875 0.0140625 0.03359375
1 0.97578125 0.3375 0.01796875 0.04765625
1 0.9296875 0.284375 0.015625 0.04375
1 0.90234375 0.2390625 0.015625 0.03515625
1 0.89921875 0.275 0.01484375 0.03515625
1 0.88671875 0.29765625 0.01484375 0.04609375
1 0.86953125 0.24296875 0.0125 0.0390625
1 0.83984375 0.23203125 0.01796875 0.0421875
1 0.81953125 0.24375 0.015625 0.03671875
1 0.796875 0.23671875 0.01484375 0.03359375
1 0.80703125 0.20078125 0.01640625 0.0390625
1 0.76875 0.196875 0.01484375 0.0421875
1 0.7453125 0.20390625 0.0171875 0.0390625
1 0.7390625 0.24296875 0.01640625 0.0421875
1 0.728125 0.23203125 0.015625 0.03203125
1 0.7484375 0.30078125 0.015625 0.053125
1 0.8125 0.3125 0.0203125 0.05078125
1 0.7859375 0.28046875 0.0171875 0.04765625
1 0.86171875 0.35546875 0.01796875 0.04921875
1 0.86484375 0.325 0.01875 0.05078125
1 0.921875 0.35234375 0.0171875 0.053125