1 0.41171875 0.2078125 0.02109375 0.03671875
1 0.44375 0.234375 0.01953125 0.03203125
1 0.4625 0.16953125 0.01640625 0.028125
1 0.48203125 0.175 0.0140625 0.03046875
1 0.47890625 0.13203125 0.01640625 0.0265625
1 0.5453125 0.1765625 0.01171875 0.0265625
1 0.5609375 0.1859375 0.0125 0.03203125
1 0.6359375 0.33515625 0.01953125 0.04453125
1 0.6171875 0.2828125 0.02109375 0.03671875
1 0.6328125 0.225 0.021875 0.034375
1 0.67890625 0.221875 0.01953125 0.03203125
1 0.69375 0.29296875 0.02421875 0.040625
1 0.7375 0.23359375 0.0171875 0.0421875
1 0.675 0.175 0.01875 0.034375
1 0.63671875 0.13046875 0.0140625 0.034375
1 0.94140625 0.2421875 0.0171875 0.040625