1 0.38671875 0.47734375 0.0359375 0.04375
1 0.9625 0.79296875 0.0734375 0.09921875
1 0.92734375 0.8703125 0.11796875 0.1328125
1 0.49375 0.8640625 0.109375 0.15234375
1 0.63125 0.7671875 0.1015625 0.1234375
1 0.75546875 0.65546875 0.04765625 0.05859375
1 0.725 0.6078125 0.0453125 0.05078125
1 0.63984375 0.6328125 0.05 0.05625
1 0.615625 0.58515625 0.0453125 0.0515625
1 0.5015625 0.6734375 0.06875 0.0828125
1 0.51796875 0.61484375 0.0484375 0.05234375
1 0.5390625 0.571875 0.0453125 0.04375
1 0.36015625 0.59765625 0.046875 0.05078125
1 0.37421875 0.64765625 0.05859375 0.05859375
1 0.29375 0.7078125 0.0796875 0.08515625
1 0.1484375 0.6546875 0.0765625 0.08125
1 0.04296875 0.7796875 0.08359375 0.15859375
1 0.2515625 0.596875 0.0578125 0.065625
1 0.26015625 0.559375 0.04609375 0.040625
1 0.10546875 0.55390625 0.04375 0.0453125
1 0.0375 0.54140625 0.03515625 0.040625
1 0.10234375 0.53046875 0.0390625 0.0390625
1 0.1578125 0.52578125 0.0359375 0.04296875