1 0.1953125 0.45546875 0.04140625 0.06484375
1 0.2953125 0.225 0.0203125 0.03046875
1 0.30859375 0.24375 0.01875 0.040625
1 0.3265625 0.23671875 0.01796875 0.0359375
1 0.3296875 0.19296875 0.015625 0.034375
1 0.340625 0.1953125 0.01796875 0.0390625
1 0.3640625 0.19453125 0.01875 0.034375
1 0.35546875 0.22421875 0.02109375 0.0390625
1 0.375 0.28125 0.02109375 0.040625
1 0.43828125 0.24453125 0.0203125 0.0359375
1 0.3890625 0.20625 0.01875 0.034375
1 0.41171875 0.18515625 0.0171875 0.02890625
1 0.4171875 0.15625 0.015625 0.0328125
1 0.43671875 0.17265625 0.01796875 0.034375
1 0.44765625 0.1515625 0.015625 0.02734375
1 0.47265625 0.16796875 0.01640625 0.0328125
1 0.48203125 0.14453125 0.01328125 0.02890625
1 0.48984375 0.13359375 0.01640625 0.02578125
1 0.50859375 0.12109375 0.01171875 0.02734375
1 0.5296875 0.1203125 0.01328125 0.02578125
1 0.54453125 0.128125 0.0140625 0.02734375
1 0.5078125 0.1390625 0.01640625 0.02890625
1 0.52265625 0.14296875 0.015625 0.02734375
1 0.55859375 0.159375 0.01640625 0.0328125
1 0.5828125 0.1671875 0.01640625 0.034375
1 0.58359375 0.12421875 0.0140625 0.02421875
1 0.58515625 0.11640625 0.01171875 0.02421875
1 0.61171875 0.11953125 0.0125 0.03046875
1 0.6171875 0.15546875 0.0140625 0.034375
1 0.65078125 0.13671875 0.0140625 0.02734375
1 0.66171875 0.11640625 0.0125 0.02421875
1 0.67109375 0.09921875 0.009375 0.02734375
1 0.69140625 0.103125 0.01171875 0.02578125
1 0.7078125 0.10546875 0.0140625 0.02734375
1 0.5546875 0.19375 0.0203125 0.0390625
1 0.50546875 0.19140625 0.0171875 0.03046875
1 0.4796875 0.22734375 0.0203125 0.04453125
1 0.42734375 0.21015625 0.01875 0.02734375
1 0.44375 0.21328125 0.0171875 0.03046875
1 0.5078125 0.284375 0.021875 0.053125
1 0.54375 0.28984375 0.0265625 0.0578125
1 0.56875 0.25390625 0.02265625 0.04453125
1 0.62890625 0.25 0.01796875 0.04921875
1 0.63359375 0.209375 0.0171875 0.0359375
1 0.6828125 0.18515625 0.0203125 0.0359375
1 0.7015625 0.1546875 0.0140625 0.0328125
1 0.728125 0.14765625 0.015625 0.0359375
1 0.7640625 0.13125 0.015625 0.03046875
1 0.78671875 0.13515625 0.01640625 0.02734375
1 0.78515625 0.1578125 0.01875 0.0328125
1 0.8109375 0.15390625 0.01875 0.0375
1 0.75546875 0.17421875 0.015625 0.0375
1 0.74453125 0.20078125 0.0171875 0.0328125
1 0.70625 0.19453125 0.0203125 0.040625
1 0.71640625 0.2296875 0.0171875 0.0390625
1 0.67734375 0.26875 0.02421875 0.04609375
1 0.72578125 0.2828125 0.025 0.04921875
1 0.6625 0.3625 0.034375 0.059375
1 0.59453125 0.3453125 0.0265625 0.06328125
1 0.74765625 0.39140625 0.0265625 0.059375
1 0.7859375 0.31484375 0.02109375 0.04921875
1 0.76953125 0.24375 0.02109375 0.04453125
1 0.80625 0.24921875 0.0171875 0.040625
1 0.80703125 0.20234375 0.015625 0.0390625
1 0.87890625 0.22265625 0.01640625 0.0359375
1 0.9265625 0.23828125 0.015625 0.0359375
1 0.86484375 0.2796875 0.021875 0.04765625
1 0.8375 0.3171875 0.02109375 0.0515625
1 0.8203125 0.40234375 0.02890625 0.06171875
1 0.85625 0.39609375 0.0296875 0.071875
1 0.91171875 0.33984375 0.02421875 0.06796875
1 0.9265625 0.296875 0.02265625 0.04453125
1 0.62421875 0.128125 0.015625 0.02734375