1 0.29609375 0.21171875 0.0203125 0.0359375
1 0.340625 0.2078125 0.01875 0.0359375
1 0.35625 0.2421875 0.015625 0.04296875
1 0.37109375 0.19609375 0.0140625 0.0359375
1 0.41484375 0.2359375 0.03203125 0.05546875
1 0.3859375 0.17265625 0.01796875 0.0359375
1 0.42890625 0.153125 0.01875 0.03203125
1 0.446875 0.2171875 0.0296875 0.05
1 0.44453125 0.178125 0.01328125 0.0359375
1 0.4578125 0.14921875 0.0171875 0.025
1 0.47734375 0.15390625 0.015625 0.03046875
1 0.48671875 0.2265625 0.02890625 0.05546875
1 0.4921875 0.178125 0.0140625 0.0359375
1 0.50546875 0.18515625 0.02109375 0.0359375
1 0.5171875 0.13515625 0.01796875 0.028125
1 0.53671875 0.2046875 0.02421875 0.04296875
1 0.53359375 0.13984375 0.015625 0.03046875
1 0.55625 0.25078125 0.02890625 0.05
1 0.57109375 0.2875 0.02578125 0.0515625
1 0.54921875 0.14375 0.01171875 0.0359375
1 0.5546875 0.14296875 0.0203125 0.03359375
1 0.584375 0.12890625 0.0171875 0.0375
1 0.5859375 0.17421875 0.0171875 0.0359375
1 0.61796875 0.16640625 0.015625 0.03359375
1 0.615625 0.13671875 0.0140625 0.028125
1 0.63046875 0.12109375 0.01484375 0.028125
1 0.63671875 0.1015625 0.0140625 0.028125
1 0.65546875 0.10703125 0.015625 0.03203125
1 0.63359375 0.203125 0.02109375 0.0390625
1 0.62578125 0.25 0.02578125 0.05859375
1 0.6765625 0.10703125 0.01171875 0.028125
1 0.68984375 0.121875 0.01171875 0.0265625
1 0.709375 0.12109375 0.0140625 0.028125
1 0.66015625 0.25703125 0.025 0.04765625
1 0.66796875 0.2203125 0.021875 0.04296875
1 0.69765625 0.1703125 0.0203125 0.040625
1 0.69921875 0.1921875 0.0203125 0.04296875
1 0.70859375 0.23203125 0.0203125 0.04453125
1 0.7609375 0.12421875 0.01875 0.028125
1 0.73671875 0.16484375 0.01796875 0.03359375
1 0.72421875 0.2875 0.02578125 0.05859375
1 0.74765625 0.19296875 0.02265625 0.0375
1 0.759375 0.1609375 0.015625 0.03359375
1 0.76953125 0.2578125 0.02578125 0.05703125
1 0.78125 0.14921875 0.01875 0.04296875
1 0.79140625 0.29609375 0.03203125 0.0625
1 0.83515625 0.31171875 0.02578125 0.06796875
1 0.80546875 0.21875 0.01796875 0.04296875
1 0.79453125 0.153125 0.01328125 0.03203125
1 0.8078125 0.1515625 0.01328125 0.04609375
1 0.83671875 0.23046875 0.02265625 0.0515625
1 0.82421875 0.17734375 0.01484375 0.0375
1 0.82109375 0.14140625 0.0140625 0.03359375
1 0.83984375 0.14765625 0.01484375 0.04296875
1 0.8421875 0.18828125 0.01328125 0.028125
1 0.86796875 0.19921875 0.01875 0.0390625
1 0.88359375 0.15625 0.02265625 0.04296875
1 0.91171875 0.159375 0.01875 0.03046875
1 0.89296875 0.209375 0.015625 0.0265625
1 0.88203125 0.2609375 0.025 0.05546875
1 0.896875 0.34375 0.03359375 0.06015625
1 0.91640625 0.296875 0.025 0.053125
1 0.925 0.21328125 0.01484375 0.0359375
1 0.93671875 0.1796875 0.0171875 0.0359375
1 0.715625 0.1515625 0.02421875 0.0390625
1 0.65625 0.1484375 0.0265625 0.04453125
1 0.49921875 0.13671875 0.02109375 0.0359375
1 0.44296875 0.2546875 0.0359375 0.04609375
1 0.396875 0.23515625 0.0140625 0.04296875
1 0.94453125 0.21953125 0.01484375 0.0375
1 0.39453125 0.19140625 0.01484375 0.03359375