1 0.021875 0.415625 0.02578125 0.0609375
1 0.23671875 0.33671875 0.01328125 0.034375
1 0.265625 0.35 0.01953125 0.05234375
1 0.28828125 0.30625 0.01640625 0.0328125
1 0.28671875 0.36328125 0.01875 0.0453125
1 0.340625 0.36328125 0.01796875 0.0453125
1 0.35703125 0.28984375 0.015625 0.03125
1 0.37109375 0.32421875 0.0171875 0.03515625
1 0.37890625 0.34921875 0.01640625 0.04296875
1 0.38515625 0.25859375 0.01484375 0.028125
1 0.4046875 0.27578125 0.01171875 0.03125
1 0.40546875 0.340625 0.01796875 0.03671875
1 0.409375 0.3015625 0.01484375 0.03515625
1 0.4296875 0.28125 0.0140625 0.03671875
1 0.44296875 0.31015625 0.015625 0.04375
1 0.45078125 0.3453125 0.0203125 0.0484375
1 0.46875 0.31328125 0.01796875 0.03515625
1 0.45703125 0.246875 0.0109375 0.034375
1 0.46875 0.2359375 0.01171875 0.028125
1 0.503125 0.26328125 0.015625 0.03828125
1 0.5171875 0.31171875 0.01796875 0.04140625
1 0.515625 0.2515625 0.01640625 0.03671875
1 0.5484375 0.2890625 0.0171875 0.03828125
1 0.55078125 0.2265625 0.01484375 0.02109375
1 0.57109375 0.2203125 0.01640625 0.02578125
1 0.56328125 0.26328125 0.01640625 0.0296875
1 0.59296875 0.2515625 0.01328125 0.028125
1 0.60625 0.20703125 0.01328125 0.03125
1 0.62265625 0.21796875 0.01171875 0.02109375
1 0.634375 0.2265625 0.009375 0.02109375
1 0.6359375 0.25703125 0.0171875 0.03125
1 0.65 0.21953125 0.01484375 0.02734375
1 0.6671875 0.228125 0.01484375 0.0328125
1 0.68046875 0.22734375 0.0078125 0.01953125
1 0.49921875 0.39609375 0.02578125 0.05703125
1 0.5390625 0.40546875 0.02734375 0.05
1 0.58828125 0.32578125 0.01875 0.04375
1 0.603125 0.37265625 0.02265625 0.05
1 0.62890625 0.29765625 0.015625 0.04140625
1 0.67421875 0.2671875 0.01484375 0.034375
1 0.6953125 0.25390625 0.015625 0.0328125
1 0.60625 0.42578125 0.02421875 0.06953125
1 0.64296875 0.33515625 0.01796875 0.03984375
1 0.66015625 0.38671875 0.02265625 0.046875
1 0.68828125 0.3515625 0.01953125 0.04375
1 0.6609375 0.4453125 0.03203125 0.0640625
1 0.7125 0.50703125 0.034375 0.0765625
1 0.73046875 0.39765625 0.02734375 0.05390625
1 0.78515625 0.4109375 0.02109375 0.05234375
1 0.83515625 0.43671875 0.0328125 0.05
1 0.8234375 0.52734375 0.03359375 0.06796875
1 0.79921875 0.3671875 0.021875 0.05234375
1 0.86484375 0.3703125 0.028125 0.05
1 0.896875 0.471875 0.02109375 0.065625
1 0.90703125 0.4078125 0.0203125 0.0453125
1 0.915625 0.35546875 0.01875 0.046875
1 0.80625 0.2953125 0.015625 0.0453125
1 0.83671875 0.30859375 0.015625 0.03984375
1 0.8625 0.32421875 0.01796875 0.0328125
1 0.75703125 0.284375 0.0171875 0.03671875
1 0.715625 0.29375 0.01640625 0.03671875
1 0.7375 0.22421875 0.01328125 0.034375
1 0.7765625 0.23203125 0.015625 0.0328125
1 0.8015625 0.246875 0.01484375 0.034375
1 0.8390625 0.25703125 0.0109375 0.02578125
1 0.86640625 0.2609375 0.009375 0.02734375
1 0.88515625 0.2890625 0.015625 0.02734375
1 0.925 0.278125 0.01171875 0.02265625
1 0.9140625 0.32265625 0.0171875 0.034375
1 0.740625 0.26953125 0.01171875 0.03125
1 0.53046875 0.25859375 0.0171875 0.028125