1 0.10859375 0.42734375 0.075 0.11796875
1 0.1625 0.3640625 0.04921875 0.05859375
1 0.15 0.33046875 0.03828125 0.05078125
1 0.23984375 0.40625 0.071875 0.08515625
1 0.3140625 0.44296875 0.06640625 0.103125
1 0.31171875 0.3421875 0.0421875 0.06484375
1 0.2890625 0.3265625 0.03515625 0.05625
1 0.4421875 0.38359375 0.06171875 0.0875
1 0.515625 0.38671875 0.05859375 0.08515625
1 0.534375 0.20703125 0.03515625 0.07421875
1 0.45 0.55390625 0.1 0.16875
1 0.62109375 0.76640625 0.14296875 0.23203125
1 0.7046875 0.47421875 0.08828125 0.13359375
1 0.80859375 0.45859375 0.0578125 0.096875
1 0.83828125 0.2046875 0.05625 0.08984375
1 0.96171875 0.4859375 0.07421875 0.1375