1 0.26953125 0.2578125 0.01953125 0.0328125
1 0.28046875 0.26171875 0.01875 0.0390625
1 0.31015625 0.2625 0.01875 0.040625
1 0.3265625 0.27734375 0.0171875 0.0390625
1 0.3484375 0.303125 0.02265625 0.0375
1 0.35 0.23515625 0.01953125 0.0359375
1 0.3828125 0.2125 0.0171875 0.0359375
1 0.396875 0.21015625 0.0171875 0.03046875
1 0.40390625 0.296875 0.025 0.0453125
1 0.41875 0.23515625 0.02265625 0.0359375
1 0.4828125 0.22421875 0.02421875 0.0421875
1 0.4671875 0.1796875 0.0203125 0.0375
1 0.51640625 0.16484375 0.01640625 0.02734375
1 0.53671875 0.184375 0.0203125 0.0375
1 0.52421875 0.21171875 0.0203125 0.034375
1 0.56875 0.19140625 0.02265625 0.0328125
1 0.5671875 0.1609375 0.01953125 0.02890625
1 0.59296875 0.1703125 0.01953125 0.0390625
1 0.60859375 0.12265625 0.01640625 0.02734375
1 0.58046875 0.22578125 0.0203125 0.0390625
1 0.50703125 0.3046875 0.02421875 0.05
1 0.5578125 0.31328125 0.03125 0.05859375
1 0.596875 0.26953125 0.02734375 0.05859375
1 0.62421875 0.21796875 0.0234375 0.04375
1 0.6484375 0.19453125 0.02109375 0.0421875
1 0.66640625 0.34765625 0.0328125 0.07109375
1 0.65703125 0.27109375 0.02890625 0.0515625
1 0.68046875 0.21484375 0.0234375 0.05
1 0.69375 0.18359375 0.0203125 0.0390625
1 0.73046875 0.20234375 0.0203125 0.0375
1 0.7375 0.18046875 0.01953125 0.0359375
1 0.72578125 0.2546875 0.025 0.0484375
1 0.7578125 0.234375 0.02109375 0.04375
1 0.765625 0.1890625 0.0171875 0.034375
1 0.7875 0.2 0.0171875 0.0390625
1 0.77578125 0.14296875 0.015625 0.0328125
1 0.80546875 0.14609375 0.0171875 0.0328125
1 0.8234375 0.17421875 0.01953125 0.034375
1 0.8296875 0.23046875 0.01953125 0.0359375
1 0.81484375 0.25078125 0.028125 0.05703125
1 0.7859375 0.30390625 0.025 0.05546875
1 0.76796875 0.3625 0.0328125 0.06015625
1 0.85859375 0.2953125 0.028125 0.05546875
1 0.871875 0.265625 0.02421875 0.046875
1 0.91015625 0.29140625 0.0265625 0.05390625
1 0.89296875 0.2125 0.01875 0.0421875
1 0.85 0.20234375 0.01640625 0.040625
1 0.86171875 0.16171875 0.01484375 0.03046875