1 0.3171875 0.2328125 0.015625 0.03359375
1 0.35 0.21796875 0.021875 0.03984375
1 0.35546875 0.26015625 0.02578125 0.04453125
1 0.41484375 0.27109375 0.02421875 0.05
1 0.40703125 0.20546875 0.01875 0.03515625
1 0.446875 0.253125 0.02421875 0.03828125
1 0.478125 0.1609375 0.01640625 0.0296875
1 0.49296875 0.20859375 0.01953125 0.03828125
1 0.53359375 0.20546875 0.01796875 0.03828125
1 0.528125 0.15390625 0.021875 0.03515625
1 0.56640625 0.146875 0.01875 0.03515625
1 0.571875 0.18203125 0.01796875 0.03828125
1 0.596875 0.16328125 0.02421875 0.04453125
1 0.5734375 0.29296875 0.03046875 0.0546875
1 0.615625 0.2578125 0.02421875 0.06328125
1 0.6671875 0.315625 0.03203125 0.06953125
1 0.6625 0.26171875 0.02578125 0.0484375
1 0.66171875 0.22421875 0.021875 0.03984375
1 0.67265625 0.175 0.01875 0.03515625
1 0.7140625 0.2296875 0.0234375 0.0484375
1 0.73515625 0.2578125 0.0265625 0.053125
1 0.77109375 0.234375 0.0265625 0.053125
1 0.73984375 0.1703125 0.01953125 0.03828125
1 0.7671875 0.17421875 0.021875 0.03984375
1 0.775 0.13203125 0.0203125 0.028125
1 0.7890625 0.20078125 0.021875 0.04296875
1 0.81484375 0.28359375 0.03046875 0.0546875
1 0.828125 0.24296875 0.02421875 0.0484375
1 0.8390625 0.22578125 0.02578125 0.03984375
1 0.821875 0.18203125 0.01875 0.03515625
1 0.81796875 0.1484375 0.0125 0.025
1 0.86484375 0.1890625 0.0203125 0.03984375
1 0.88671875 0.24765625 0.02265625 0.05
1 0.8953125 0.2265625 0.021875 0.03828125
1 0.890625 0.1984375 0.01484375 0.03125
1 0.89453125 0.13203125 0.01640625 0.03828125
1 0.95546875 0.109375 0.015625 0.03359375