1 0.0984375 0.5734375 0.040625 0.07421875
1 0.18515625 0.3640625 0.0171875 0.0359375
1 0.22578125 0.37265625 0.01953125 0.04375
1 0.25390625 0.33125 0.01953125 0.03203125
1 0.25390625 0.39453125 0.028125 0.0515625
1 0.28828125 0.409375 0.0296875 0.0421875
1 0.315625 0.35546875 0.025 0.0375
1 0.32734375 0.31015625 0.01796875 0.02890625
1 0.3640625 0.35078125 0.01875 0.03046875
1 0.38828125 0.359375 0.025 0.0421875
1 0.37109375 0.2734375 0.01796875 0.02734375
1 0.4125 0.265625 0.0171875 0.02421875
1 0.43671875 0.271875 0.015625 0.02734375
1 0.4484375 0.25546875 0.01640625 0.02421875
1 0.459375 0.2328125 0.0125 0.02109375
1 0.51171875 0.2515625 0.01796875 0.02578125
1 0.4953125 0.28359375 0.01640625 0.02890625
1 0.509375 0.2890625 0.01796875 0.03203125
1 0.54921875 0.2875 0.01875 0.03203125
1 0.5453125 0.2546875 0.01796875 0.0375
1 0.56484375 0.259375 0.0203125 0.02890625
1 0.56328125 0.225 0.0140625 0.02421875
1 0.57734375 0.22421875 0.021875 0.02578125
1 0.61328125 0.215625 0.01953125 0.03203125
1 0.62890625 0.2234375 0.0171875 0.03046875
1 0.64375 0.22890625 0.01171875 0.03203125
1 0.66875 0.21953125 0.0171875 0.02890625
1 0.68515625 0.22578125 0.01640625 0.02890625
1 0.6421875 0.26171875 0.015625 0.03203125
1 0.60078125 0.25859375 0.01796875 0.02421875
1 0.4515625 0.3359375 0.02421875 0.034375
1 0.49296875 0.340625 0.021875 0.0375
1 0.43359375 0.36875 0.025 0.0453125
1 0.3828125 0.31640625 0.01796875 0.02890625
1 0.46015625 0.4296875 0.03125 0.05625
1 0.534375 0.37734375 0.021875 0.0421875
1 0.5375 0.42578125 0.02578125 0.0546875
1 0.5984375 0.3546875 0.02578125 0.0421875
1 0.60390625 0.40546875 0.028125 0.040625
1 0.59296875 0.484375 0.0296875 0.06484375
1 0.6359375 0.50234375 0.03125 0.05859375
1 0.73125 0.4296875 0.02734375 0.053125
1 0.71328125 0.56171875 0.03671875 0.07265625
1 0.790625 0.453125 0.0296875 0.0546875
1 0.84140625 0.53359375 0.03125 0.06953125
1 0.87265625 0.4921875 0.03203125 0.06015625
1 0.94375 0.49921875 0.03359375 0.05859375
1 0.8828125 0.4015625 0.025 0.0546875
1 0.8328125 0.3765625 0.01953125 0.040625
1 0.84609375 0.3546875 0.02265625 0.0421875
1 0.83515625 0.31484375 0.01796875 0.0375
1 0.828125 0.25 0.015625 0.02890625
1 0.8 0.24765625 0.015625 0.02421875
1 0.759375 0.2546875 0.0203125 0.0375
1 0.7828125 0.27578125 0.02578125 0.040625
1 0.72265625 0.31171875 0.025 0.040625
1 0.71640625 0.2671875 0.0171875 0.0359375
1 0.6875 0.33203125 0.02265625 0.0390625
1 0.67734375 0.28515625 0.01796875 0.03359375
1 0.6421875 0.378125 0.02578125 0.053125
1 0.6703125 0.39140625 0.02421875 0.0484375
1 0.7 0.38203125 0.02578125 0.0359375
1 0.6375 0.31796875 0.02734375 0.04375
1 0.8640625 0.2609375 0.0140625 0.02578125
1 0.8796875 0.2875 0.01640625 0.0375
1 0.90234375 0.26484375 0.01796875 0.03203125
1 0.89921875 0.35078125 0.0203125 0.0421875
1 0.8765625 0.34140625 0.02265625 0.0421875
1 0.92109375 0.3484375 0.0171875 0.046875
1 0.9265625 0.31015625 0.01796875 0.02890625
1 0.97109375 0.29765625 0.01171875 0.02421875
1 0.965625 0.33046875 0.0203125 0.03359375
1 0.946875 0.36015625 0.01953125 0.03203125
1 0.9625 0.38984375 0.02265625 0.03359375