1 0.059375 0.38671875 0.046875 0.08828125
1 0.09453125 0.39921875 0.04375 0.0984375
1 0.27734375 0.2796875 0.034375 0.07265625
1 0.32421875 0.18046875 0.01796875 0.046875
1 0.33984375 0.1921875 0.01796875 0.046875
1 0.359375 0.19296875 0.02578125 0.0484375
1 0.396875 0.1609375 0.02109375 0.03984375
1 0.53125 0.12265625 0.02734375 0.06171875
1 0.51484375 0.25234375 0.028125 0.05
1 0.5375 0.265625 0.03203125 0.05859375
1 0.5953125 0.26640625 0.03046875 0.0640625
1 0.603125 0.14296875 0.0234375 0.0515625
1 0.66640625 0.11328125 0.02421875 0.053125
1 0.66953125 0.21875 0.0234375 0.05546875
1 0.70390625 0.1484375 0.02109375 0.0515625