1 0.1359375 0.56484375 0.040625 0.08671875
1 0.234375 0.34375 0.01875 0.03828125
1 0.2609375 0.35078125 0.021875 0.04375
1 0.2859375 0.375 0.02109375 0.0453125
1 0.2890625 0.3078125 0.01796875 0.03984375
1 0.35625 0.35234375 0.02265625 0.046875
1 0.35078125 0.325 0.01484375 0.03359375
1 0.35390625 0.29765625 0.01875 0.03359375
1 0.3859375 0.33515625 0.0171875 0.03671875
1 0.40625 0.334375 0.0203125 0.03984375
1 0.40546875 0.3046875 0.01796875 0.028125
1 0.40546875 0.27890625 0.0171875 0.0265625
1 0.39609375 0.26171875 0.015625 0.0296875
1 0.421875 0.2625 0.01875 0.03359375
1 0.4421875 0.26796875 0.01484375 0.03046875
1 0.43359375 0.30859375 0.01640625 0.03828125
1 0.44375 0.33984375 0.0203125 0.03984375
1 0.471875 0.3109375 0.02109375 0.03359375
1 0.45703125 0.24921875 0.01796875 0.03359375
1 0.46875 0.271875 0.0171875 0.03203125
1 0.46484375 0.2375 0.01484375 0.0296875
1 0.48828125 0.26796875 0.01640625 0.03046875
1 0.50078125 0.2625 0.015625 0.0265625
1 0.5171875 0.24375 0.01484375 0.0296875
1 0.51796875 0.278125 0.01640625 0.03046875
1 0.5390625 0.25 0.0171875 0.0296875
1 0.5515625 0.28671875 0.015625 0.03984375
1 0.5015625 0.33046875 0.02109375 0.04375
1 0.48515625 0.39453125 0.034375 0.05703125
1 0.5609375 0.2203125 0.00859375 0.0234375
1 0.56875 0.2359375 0.01171875 0.028125
1 0.5796875 0.240625 0.01328125 0.0296875
1 0.56640625 0.27421875 0.015625 0.03671875
1 0.5921875 0.25390625 0.015625 0.0296875
1 0.59765625 0.22109375 0.009375 0.03046875
1 0.5921875 0.21328125 0.009375 0.0265625
1 0.61953125 0.2203125 0.0140625 0.03203125
1 0.63359375 0.2265625 0.0109375 0.025
1 0.63515625 0.2484375 0.015625 0.0265625
1 0.6640625 0.234375 0.01328125 0.028125
1 0.68046875 0.23125 0.01484375 0.03359375
1 0.6609375 0.209375 0.01328125 0.025
1 0.59453125 0.3296875 0.021875 0.0515625
1 0.5890625 0.3765625 0.02421875 0.0546875
1 0.54453125 0.4078125 0.025 0.05703125
1 0.525 0.359375 0.02265625 0.04375
1 0.60546875 0.4328125 0.0296875 0.06015625
1 0.6265625 0.475 0.02890625 0.06875
1 0.69296875 0.5515625 0.0359375 0.078125
1 0.6421875 0.34140625 0.0234375 0.0453125
1 0.6265625 0.3078125 0.02109375 0.03984375
1 0.6609375 0.2796875 0.01875 0.04296875
1 0.6859375 0.30546875 0.01875 0.04375
1 0.6984375 0.3078125 0.0171875 0.03984375
1 0.6984375 0.253125 0.0140625 0.03359375
1 0.721875 0.2546875 0.01640625 0.03671875
1 0.72578125 0.2390625 0.01328125 0.0265625
1 0.740625 0.23125 0.0171875 0.03046875
1 0.77265625 0.24140625 0.01328125 0.03046875
1 0.76953125 0.29609375 0.02109375 0.03671875
1 0.76640625 0.26796875 0.015625 0.03046875
1 0.68046875 0.36953125 0.02265625 0.0484375
1 0.65546875 0.38671875 0.0265625 0.06328125
1 0.71796875 0.41015625 0.02578125 0.0484375
1 0.77578125 0.4359375 0.028125 0.06484375
1 0.8046875 0.36484375 0.0234375 0.0546875
1 0.80625 0.30390625 0.015625 0.03515625
1 0.80859375 0.27421875 0.0171875 0.03515625
1 0.8 0.2484375 0.0171875 0.03828125
1 0.83046875 0.26015625 0.01328125 0.03515625
1 0.83828125 0.275 0.01640625 0.03671875
1 0.8484375 0.28203125 0.0140625 0.03203125
1 0.86171875 0.2625 0.015625 0.03515625
1 0.88359375 0.278125 0.0140625 0.03671875
1 0.878125 0.32265625 0.0171875 0.03984375
1 0.85546875 0.3421875 0.02109375 0.046875
1 0.834375 0.3171875 0.0203125 0.04140625
1 0.85 0.38046875 0.0265625 0.06484375
1 0.8171875 0.49609375 0.03125 0.0734375
1 0.83671875 0.46015625 0.02578125 0.06640625
1 0.91015625 0.47265625 0.0328125 0.0734375
1 0.90390625 0.40078125 0.02421875 0.05546875
1 0.91875 0.359375 0.0171875 0.046875
1 0.8984375 0.31015625 0.015625 0.03515625
1 0.921875 0.3125 0.01484375 0.03828125
1 0.92734375 0.275 0.0140625 0.03046875