1 0.0328125 0.39453125 0.021875 0.0578125
1 0.26328125 0.2953125 0.01484375 0.0359375
1 0.29296875 0.284375 0.01796875 0.03046875
1 0.303125 0.26640625 0.01875 0.0359375
1 0.31796875 0.225 0.01484375 0.02890625
1 0.3484375 0.23984375 0.0171875 0.034375
1 0.39140625 0.21015625 0.01875 0.0359375
1 0.375 0.240625 0.02109375 0.03203125
1 0.34140625 0.2921875 0.01796875 0.034375
1 0.4140625 0.18125 0.0140625 0.02578125
1 0.4265625 0.19453125 0.01953125 0.02578125
1 0.45625 0.16015625 0.0171875 0.0234375
1 0.48203125 0.15625 0.0125 0.02734375
1 0.4875 0.17109375 0.01640625 0.02890625
1 0.5078125 0.15546875 0.01328125 0.01875
1 0.53984375 0.1421875 0.01796875 0.02890625
1 0.56015625 0.12265625 0.0125 0.0234375
1 0.6 0.10546875 0.0140625 0.02734375
1 0.5953125 0.125 0.01328125 0.02578125
1 0.6203125 0.1125 0.0140625 0.0234375
1 0.6515625 0.1078125 0.01015625 0.021875
1 0.6484375 0.1328125 0.0171875 0.03046875
1 0.61953125 0.15 0.01953125 0.034375
1 0.578125 0.16875 0.01875 0.034375
1 0.5625 0.1671875 0.021875 0.02578125
1 0.5484375 0.20546875 0.01953125 0.034375
1 0.49453125 0.20546875 0.0171875 0.02734375
1 0.471875 0.20859375 0.0171875 0.03203125
1 0.4625 0.203125 0.0171875 0.03203125
1 0.43046875 0.228125 0.0171875 0.03046875
1 0.43515625 0.27265625 0.021875 0.0421875
1 0.47109375 0.24453125 0.021875 0.0375
1 0.48125 0.31484375 0.02421875 0.040625
1 0.5484375 0.3078125 0.02578125 0.0546875
1 0.61171875 0.34609375 0.03203125 0.04921875
1 0.6859375 0.3421875 0.02421875 0.05078125
1 0.63515625 0.20546875 0.01875 0.0375
1 0.6203125 0.27265625 0.02421875 0.0421875
1 0.56953125 0.2484375 0.028125 0.05078125
1 0.6796875 0.12578125 0.0140625 0.02734375
1 0.70546875 0.103125 0.0125 0.03203125
1 0.74296875 0.128125 0.0140625 0.0359375
1 0.759375 0.11875 0.01484375 0.02734375
1 0.77265625 0.13984375 0.01953125 0.03046875
1 0.78671875 0.12421875 0.0140625 0.0375
1 0.80625 0.13984375 0.01640625 0.03046875
1 0.82734375 0.1265625 0.0125 0.0359375
1 0.840625 0.14453125 0.0140625 0.0375
1 0.87265625 0.1328125 0.01484375 0.02734375
1 0.9046875 0.134375 0.01015625 0.03046875
1 0.8734375 0.16015625 0.01640625 0.0375
1 0.86171875 0.17109375 0.0171875 0.0421875
1 0.8546875 0.20390625 0.02109375 0.040625
1 0.83046875 0.1734375 0.01640625 0.034375
1 0.80546875 0.1859375 0.0171875 0.0359375
1 0.775 0.17265625 0.02265625 0.03203125
1 0.75390625 0.1609375 0.0171875 0.0359375
1 0.934375 0.15078125 0.0109375 0.02890625
1 0.9390625 0.18046875 0.01796875 0.03046875
1 0.93203125 0.21796875 0.02109375 0.0375
1 0.89765625 0.2109375 0.0171875 0.034375
1 0.90546875 0.17578125 0.01953125 0.03203125
1 0.875 0.24140625 0.02265625 0.040625
1 0.93046875 0.2953125 0.0234375 0.059375
1 0.82265625 0.23203125 0.0234375 0.05625
1 0.76484375 0.23203125 0.0234375 0.05234375
1 0.740625 0.20546875 0.0171875 0.04453125
1 0.71640625 0.1484375 0.01484375 0.0390625
1 0.69765625 0.16484375 0.01953125 0.0375
1 0.66328125 0.18125 0.0171875 0.03203125
1 0.6671875 0.2125 0.0171875 0.05078125
1 0.70546875 0.2234375 0.021875 0.0421875
1 0.6640625 0.2765625 0.02734375 0.04609375
1 0.73671875 0.2859375 0.02734375 0.0609375
1 0.80078125 0.30234375 0.02109375 0.0609375
1 0.59296875 0.15 0.01640625 0.03046875
1 0.52421875 0.17265625 0.01875 0.0359375