1 0.19921875 0.2203125 0.01640625 0.03359375
1 0.24921875 0.16875 0.0171875 0.03359375
1 0.4390625 0.215625 0.01796875 0.04375
1 0.46171875 0.2140625 0.02109375 0.040625
1 0.6125 0.109375 0.01328125 0.03203125
1 0.634375 0.1453125 0.01796875 0.0390625
1 0.64921875 0.15 0.01640625 0.03203125
1 0.66875 0.1234375 0.01328125 0.03046875
1 0.746875 0.1484375 0.01328125 0.03203125
1 0.7640625 0.153125 0.01796875 0.0390625
1 0.821875 0.26328125 0.02421875 0.0515625
1 0.8875 0.25 0.021875 0.0484375
1 0.915625 0.25234375 0.01796875 0.053125
1 0.88515625 0.2078125 0.015625 0.03515625
1 0.86796875 0.19375 0.01484375 0.0484375
1 0.934375 0.19765625 0.015625 0.03359375