1 0.03515625 0.14609375 0.06328125 0.1203125
1 0.03125 0.50546875 0.06171875 0.16953125
1 0.17421875 0.39453125 0.05625 0.103125
1 0.14140625 0.3046875 0.0328125 0.0640625
1 0.20078125 0.31875 0.040625 0.0625
1 0.25859375 0.28125 0.03515625 0.0640625
1 0.32109375 0.290625 0.03671875 0.0578125
1 0.35390625 0.2671875 0.02890625 0.04921875
1 0.39453125 0.28671875 0.0265625 0.05390625
1 0.43515625 0.246875 0.0265625 0.03828125
1 0.4765625 0.2609375 0.02109375 0.028125
1 0.4875 0.2421875 0.01953125 0.03828125
1 0.5109375 0.2390625 0.0171875 0.028125
1 0.53671875 0.24375 0.02109375 0.040625
1 0.2703125 0.44609375 0.05625 0.11171875
1 0.3484375 0.35859375 0.04453125 0.07734375
1 0.46484375 0.328125 0.04375 0.09453125
1 0.484375 0.29921875 0.02890625 0.0625
1 0.55546875 0.325 0.02890625 0.07109375
1 0.54765625 0.29921875 0.034375 0.040625
1 0.6109375 0.2671875 0.025 0.05390625
1 0.62734375 0.2984375 0.0328125 0.06015625
1 0.671875 0.2796875 0.02265625 0.05390625
1 0.659375 0.26171875 0.01875 0.03828125
1 0.40625 0.62734375 0.1171875 0.2078125
1 0.6109375 0.4625 0.07734375 0.1609375
1 0.73125 0.365625 0.05234375 0.109375
1 0.7921875 0.3359375 0.034375 0.08359375
1 0.81875 0.29921875 0.034375 0.06640625
1 0.84765625 0.29921875 0.03125 0.06640625
1 0.76640625 0.68046875 0.13046875 0.2703125
1 0.83984375 0.53984375 0.084375 0.15703125
1 0.90390625 0.4390625 0.06328125 0.13125
1 0.9046875 0.3484375 0.0515625 0.0921875
1 0.94375 0.30546875 0.03125 0.0578125
1 0.98515625 0.15 0.0265625 0.05546875