1 0.27578125 0.3984375 0.06015625 0.12421875
1 0.35859375 0.521875 0.06640625 0.1375
1 0.21796875 0.32265625 0.03515625 0.07890625
1 0.38046875 0.2734375 0.0203125 0.0453125
1 0.43828125 0.20859375 0.015625 0.0359375
1 0.4640625 0.23046875 0.01875 0.04140625
1 0.47890625 0.2265625 0.02109375 0.04140625
1 0.575 0.12109375 0.0140625 0.03046875
1 0.6046875 0.1109375 0.015625 0.0265625
1 0.63515625 0.12421875 0.0140625 0.02265625
1 0.65234375 0.12578125 0.01171875 0.02109375
1 0.584375 0.2484375 0.0234375 0.046875
1 0.63125 0.25 0.02734375 0.0546875