1 0.1125 0.4875 0.04765625 0.11484375
1 0.19921875 0.31171875 0.0203125 0.05234375
1 0.22578125 0.30390625 0.021875 0.0609375
1 0.265625 0.24921875 0.02265625 0.05234375
1 0.30546875 0.25234375 0.01875 0.0484375
1 0.325 0.2453125 0.0203125 0.059375
1 0.31015625 0.22265625 0.02109375 0.046875
1 0.34609375 0.2203125 0.0171875 0.05234375
1 0.36953125 0.27890625 0.02421875 0.0609375
1 0.36171875 0.20625 0.01796875 0.0453125
1 0.3875 0.19765625 0.01875 0.05
1 0.39609375 0.25390625 0.01953125 0.05390625
1 0.428125 0.203125 0.01640625 0.04296875
1 0.425 0.16796875 0.0171875 0.0375
1 0.4453125 0.16171875 0.0171875 0.046875
1 0.4671875 0.2546875 0.0234375 0.059375
1 0.4359375 0.32734375 0.0234375 0.0609375
1 0.49296875 0.21328125 0.01953125 0.05546875
1 0.484375 0.16640625 0.01875 0.0453125
1 0.49296875 0.1546875 0.0140625 0.0359375
1 0.515625 0.16875 0.02109375 0.05
1 0.5296875 0.2375 0.025 0.0578125
1 0.55234375 0.1390625 0.0171875 0.0484375
1 0.5609375 0.171875 0.0171875 0.04140625
1 0.571875 0.20859375 0.021875 0.05390625
1 0.58046875 0.17734375 0.01875 0.0484375
1 0.57890625 0.1359375 0.01796875 0.04140625
1 0.5953125 0.1171875 0.01640625 0.046875
1 0.60234375 0.19453125 0.01640625 0.05
1 0.60546875 0.16015625 0.015625 0.0359375
1 0.62109375 0.20234375 0.01796875 0.0453125
1 0.63125 0.12890625 0.015625 0.04140625
1 0.6515625 0.15078125 0.0140625 0.046875
1 0.65859375 0.190625 0.0171875 0.04296875
1 0.66484375 0.13828125 0.015625 0.046875
1 0.68671875 0.13671875 0.0125 0.03984375
1 0.71328125 0.15625 0.015625 0.04296875
1 0.68671875 0.178125 0.01640625 0.03984375
1 0.571875 0.3546875 0.0234375 0.07890625
1 0.603125 0.38828125 0.028125 0.07578125
1 0.61796875 0.309375 0.02578125 0.06796875
1 0.6546875 0.265625 0.025 0.06328125
1 0.66015625 0.4203125 0.02890625 0.0703125
1 0.70859375 0.21640625 0.01640625 0.0453125
1 0.7234375 0.26953125 0.02109375 0.05390625
1 0.74765625 0.30546875 0.02109375 0.0578125
1 0.73984375 0.24296875 0.021875 0.0578125
1 0.7546875 0.20859375 0.01640625 0.046875
1 0.775 0.21328125 0.01796875 0.0453125
1 0.80625 0.1953125 0.0203125 0.0453125
1 0.7921875 0.26875 0.0203125 0.06328125
1 0.81328125 0.3109375 0.0234375 0.0609375
1 0.815625 0.23125 0.0171875 0.0453125
1 0.83125 0.221875 0.01484375 0.0453125
1 0.86640625 0.2359375 0.0125 0.04296875
1 0.72734375 0.41796875 0.03203125 0.0734375
1 0.79296875 0.48125 0.0390625 0.10625
1 0.86484375 0.521875 0.03828125 0.09375
1 0.87734375 0.46171875 0.0296875 0.07734375
1 0.85625 0.35078125 0.01875 0.0578125
1 0.86953125 0.33359375 0.01953125 0.059375
1 0.88515625 0.28125 0.02265625 0.05546875
1 0.9 0.26640625 0.015625 0.03984375
1 0.90703125 0.2359375 0.01953125 0.046875
1 0.93515625 0.27890625 0.015625 0.04296875
1 0.94765625 0.25546875 0.0125 0.03984375
1 0.92890625 0.34609375 0.01953125 0.05546875
1 0.94765625 0.40078125 0.01953125 0.0609375
1 0.9515625 0.46328125 0.02421875 0.07734375
1 0.97421875 0.3859375 0.0171875 0.05234375
1 0.96328125 0.33828125 0.01640625 0.046875
1 0.975 0.3203125 0.0140625 0.04296875
1 0.98515625 0.29296875 0.01875 0.046875