1 0.14375 0.3125 0.03671875 0.06171875
1 0.25703125 0.175 0.021875 0.03671875
1 0.26953125 0.228125 0.0265625 0.05703125
1 0.28515625 0.20078125 0.02421875 0.05234375
1 0.31484375 0.1828125 0.01796875 0.04765625
1 0.3609375 0.20703125 0.028125 0.0546875
1 0.4078125 0.22265625 0.0203125 0.0453125
1 0.49375 0.16015625 0.028125 0.06171875
1 0.546875 0.159375 0.0265625 0.059375
1 0.56328125 0.26953125 0.0296875 0.065625
1 0.5921875 0.2421875 0.03046875 0.065625
1 0.62734375 0.20546875 0.02578125 0.05703125
1 0.6921875 0.259375 0.046875 0.0953125