1 0.2 0.3671875 0.03671875 0.07421875
1 0.30859375 0.2375 0.0203125 0.03984375
1 0.3203125 0.2125 0.0171875 0.02734375
1 0.34921875 0.18046875 0.015625 0.0328125
1 0.36171875 0.1953125 0.01484375 0.034375
1 0.409375 0.22421875 0.01875 0.034375
1 0.43125 0.18671875 0.015625 0.02734375
1 0.41171875 0.17109375 0.015625 0.034375
1 0.453125 0.190625 0.01640625 0.0359375
1 0.46484375 0.228125 0.02109375 0.03828125
1 0.45078125 0.15546875 0.01484375 0.03125
1 0.46796875 0.13984375 0.01328125 0.03125
1 0.475 0.1640625 0.01640625 0.02734375
1 0.50234375 0.1609375 0.01640625 0.03125
1 0.49609375 0.1390625 0.01171875 0.0296875
1 0.50859375 0.14140625 0.0125 0.03125
1 0.546875 0.18359375 0.01953125 0.03984375
1 0.55703125 0.1953125 0.0171875 0.034375
1 0.53046875 0.1328125 0.01171875 0.02734375
1 0.5375 0.13828125 0.01171875 0.02109375
1 0.5484375 0.1453125 0.01171875 0.02421875
1 0.5671875 0.153125 0.01640625 0.0328125
1 0.5859375 0.1828125 0.01875 0.03828125
1 0.590625 0.15234375 0.01640625 0.03828125
1 0.590625 0.12265625 0.0125 0.03125
1 0.59921875 0.13203125 0.0125 0.0296875
1 0.6125 0.10859375 0.01484375 0.03125
1 0.63046875 0.14296875 0.015625 0.034375
1 0.63671875 0.12890625 0.015625 0.0296875
1 0.66640625 0.13046875 0.009375 0.0296875
1 0.67265625 0.1203125 0.01171875 0.02578125
1 0.68671875 0.1296875 0.009375 0.02421875
1 0.7 0.12890625 0.01328125 0.02265625
1 0.490625 0.32578125 0.03125 0.05703125
1 0.56328125 0.321875 0.028125 0.0640625
1 0.59140625 0.31484375 0.03203125 0.0640625
1 0.58125 0.265625 0.02421875 0.0515625
1 0.625 0.23515625 0.02109375 0.0484375
1 0.6328125 0.18359375 0.01640625 0.0296875
1 0.646875 0.26484375 0.0234375 0.04296875
1 0.65 0.1625 0.01640625 0.03125
1 0.66796875 0.19375 0.02109375 0.04140625
1 0.67890625 0.22109375 0.01953125 0.04140625
1 0.66640625 0.31484375 0.0203125 0.04296875
1 0.69765625 0.32109375 0.03046875 0.06875
1 0.7265625 0.23671875 0.02265625 0.04140625
1 0.709375 0.18125 0.0171875 0.034375
1 0.73671875 0.18828125 0.01875 0.04140625
1 0.7546875 0.1625 0.01484375 0.034375
1 0.7671875 0.19140625 0.01875 0.04140625
1 0.753125 0.08984375 0.01484375 0.034375
1 0.79453125 0.1890625 0.0171875 0.0359375
1 0.775 0.1671875 0.01328125 0.034375
1 0.74296875 0.16171875 0.01484375 0.0296875
1 0.803125 0.21640625 0.015625 0.03984375
1 0.8171875 0.25078125 0.02109375 0.04453125
1 0.78125 0.30390625 0.0265625 0.05546875
1 0.80078125 0.3703125 0.03203125 0.07734375
1 0.8515625 0.37421875 0.028125 0.05390625
1 0.903125 0.4265625 0.0328125 0.06875
1 0.82734375 0.22421875 0.01953125 0.03828125
1 0.8171875 0.2015625 0.01328125 0.0359375
1 0.82734375 0.18515625 0.0125 0.02734375
1 0.84765625 0.19765625 0.01953125 0.03984375
1 0.86875 0.21953125 0.0203125 0.04140625
1 0.8671875 0.1828125 0.015625 0.02734375
1 0.8765625 0.17265625 0.01171875 0.02421875
1 0.8734375 0.15390625 0.0109375 0.02109375
1 0.88046875 0.2046875 0.015625 0.0328125
1 0.88828125 0.23828125 0.0171875 0.0484375
1 0.86640625 0.284375 0.0265625 0.05703125
1 0.9171875 0.3359375 0.02265625 0.03984375
1 0.92421875 0.253125 0.01953125 0.03984375
1 0.93828125 0.21953125 0.0125 0.03125
1 0.940625 0.19140625 0.0125 0.02734375
1 0.91953125 0.17890625 0.01328125 0.0328125