1 0.21484375 0.4953125 0.03828125 0.0796875
1 0.39453125 0.275 0.01875 0.03828125
1 0.36953125 0.18671875 0.0140625 0.025
1 0.403125 0.221875 0.01796875 0.03125
1 0.4609375 0.2234375 0.01796875 0.03828125
1 0.4171875 0.16328125 0.01328125 0.028125
1 0.4921875 0.1375 0.0109375 0.0265625
1 0.51875 0.12734375 0.0109375 0.028125
1 0.54765625 0.12578125 0.01484375 0.025
1 0.56875 0.13359375 0.0109375 0.028125
1 0.5671875 0.184375 0.015625 0.03671875
1 0.58984375 0.1234375 0.0125 0.025
1 0.4828125 0.3421875 0.028125 0.04296875
1 0.53671875 0.33203125 0.02265625 0.04296875
1 0.62265625 0.26328125 0.02109375 0.04453125
1 0.66015625 0.2234375 0.02421875 0.04453125
1 0.69140625 0.30703125 0.03125 0.06015625
1 0.71015625 0.25859375 0.0265625 0.06171875
1 0.77734375 0.28515625 0.02578125 0.06171875
1 0.828125 0.32109375 0.02734375 0.06171875
1 0.9125 0.30234375 0.02421875 0.05625
1 0.84765625 0.11953125 0.0140625 0.0265625
1 0.93671875 0.15703125 0.01328125 0.03125
1 0.909375 0.14921875 0.0109375 0.0234375
1 0.89296875 0.1421875 0.0125 0.025