1 0.3125 0.2125 0.01875 0.02890625
1 0.36640625 0.2 0.01640625 0.03203125
1 0.371875 0.1765625 0.01640625 0.03203125
1 0.4140625 0.17421875 0.0140625 0.03046875
1 0.4296875 0.175 0.01484375 0.0359375
1 0.45 0.2265625 0.021875 0.0390625
1 0.47265625 0.18359375 0.01484375 0.02890625
1 0.4390625 0.1609375 0.0140625 0.02890625
1 0.43828125 0.14375 0.01171875 0.0265625
1 0.459375 0.14609375 0.01484375 0.02890625
1 0.4609375 0.17890625 0.01484375 0.03203125
1 0.49296875 0.14296875 0.01484375 0.025
1 0.49453125 0.13125 0.01171875 0.0234375
1 0.52421875 0.12578125 0.01328125 0.0234375
1 0.51640625 0.13046875 0.01328125 0.02890625
1 0.53359375 0.1484375 0.01328125 0.025
1 0.540625 0.13828125 0.0109375 0.0234375
1 0.51796875 0.1640625 0.01796875 0.03203125
1 0.51875 0.18828125 0.0171875 0.03359375
1 0.553125 0.1890625 0.0171875 0.0390625
1 0.571875 0.13984375 0.0109375 0.0234375
1 0.58984375 0.1390625 0.01484375 0.025
1 0.60703125 0.10625 0.01171875 0.0234375
1 0.590625 0.17109375 0.01484375 0.0359375
1 0.5671875 0.23359375 0.021875 0.05
1 0.62265625 0.13515625 0.01328125 0.0265625
1 0.628125 0.16015625 0.01484375 0.03359375
1 0.6140625 0.21796875 0.0203125 0.05
1 0.64921875 0.19921875 0.0171875 0.04140625
1 0.65859375 0.2140625 0.01796875 0.04609375
1 0.64609375 0.125 0.0109375 0.025
1 0.65546875 0.10859375 0.0109375 0.025
1 0.66953125 0.1125 0.01171875 0.025
1 0.6625 0.1421875 0.01015625 0.0265625
1 0.67890625 0.15 0.0109375 0.025
1 0.7015625 0.12265625 0.0109375 0.0265625
1 0.6921875 0.1796875 0.0140625 0.0375
1 0.7078125 0.18046875 0.01484375 0.04296875
1 0.7109375 0.22421875 0.021875 0.04453125
1 0.71953125 0.14453125 0.01328125 0.03203125
1 0.72890625 0.17890625 0.0140625 0.0390625
1 0.753125 0.31015625 0.03515625 0.08046875
1 0.7359375 0.15 0.01171875 0.02890625
1 0.75546875 0.13984375 0.01171875 0.03046875
1 0.77109375 0.1546875 0.01328125 0.03359375
1 0.7640625 0.18359375 0.01640625 0.0390625
1 0.7859375 0.1671875 0.01484375 0.03359375
1 0.79375 0.13125 0.0109375 0.0265625
1 0.8046875 0.16015625 0.0140625 0.03359375
1 0.8234375 0.13203125 0.01171875 0.03203125
1 0.821875 0.175 0.01328125 0.0359375
1 0.796875 0.2078125 0.01484375 0.04453125
1 0.80859375 0.20390625 0.0140625 0.0359375
1 0.8484375 0.14140625 0.0109375 0.03203125
1 0.8546875 0.19609375 0.0140625 0.0359375
1 0.8765625 0.22734375 0.01484375 0.04140625
1 0.871875 0.27109375 0.0171875 0.05
1 0.88203125 0.16015625 0.0109375 0.03046875
1 0.89296875 0.2109375 0.0140625 0.03203125
1 0.90625 0.18125 0.0140625 0.03046875
1 0.934375 0.16640625 0.01171875 0.02890625
1 0.93125 0.19375 0.0109375 0.03046875
1 0.93046875 0.22578125 0.01640625 0.04140625