1 0.4359375 0.2078125 0.01796875 0.0421875
1 0.48515625 0.14453125 0.02578125 0.0421875
1 0.50546875 0.1265625 0.0203125 0.0375
1 0.540625 0.1390625 0.02109375 0.03984375
1 0.61015625 0.1453125 0.02734375 0.03984375
1 0.6578125 0.13046875 0.025 0.0421875
1 0.6703125 0.14375 0.02109375 0.04765625
1 0.7296875 0.26953125 0.02578125 0.04609375
1 0.81796875 0.2421875 0.025 0.0375
1 0.82265625 0.2828125 0.0296875 0.059375
1 0.85859375 0.23828125 0.02265625 0.05
1 0.91328125 0.2453125 0.02734375 0.0515625
1 0.909375 0.33984375 0.03359375 0.065625