1 0.0703125 0.53046875 0.0453125 0.0875
1 0.2171875 0.353125 0.02265625 0.03828125
1 0.253125 0.3515625 0.0234375 0.04921875
1 0.278125 0.3734375 0.02265625 0.04375
1 0.278125 0.31328125 0.01796875 0.03359375
1 0.325 0.37421875 0.025 0.05234375
1 0.34453125 0.3359375 0.0171875 0.03671875
1 0.3453125 0.29921875 0.01953125 0.03671875
1 0.371875 0.33671875 0.0171875 0.03984375
1 0.3984375 0.34296875 0.02265625 0.03671875
1 0.4359375 0.35625 0.021875 0.040625
1 0.42421875 0.31640625 0.0203125 0.040625
1 0.3953125 0.30390625 0.01796875 0.0296875
1 0.38125 0.278125 0.0171875 0.03125
1 0.40859375 0.253125 0.015625 0.0296875
1 0.41875 0.27890625 0.015625 0.03359375
1 0.4484375 0.32265625 0.01796875 0.03671875
1 0.48515625 0.3296875 0.021875 0.03671875
1 0.4375 0.25546875 0.0125 0.03125
1 0.459375 0.27421875 0.01484375 0.03515625
1 0.453125 0.2453125 0.01328125 0.028125
1 0.48125 0.26796875 0.01484375 0.028125
1 0.490625 0.25703125 0.01328125 0.02265625
1 0.50625 0.278125 0.01640625 0.03359375
1 0.525 0.25546875 0.01484375 0.03359375
1 0.54375 0.22265625 0.0109375 0.03125
1 0.55859375 0.2234375 0.0125 0.02109375
1 0.55234375 0.24609375 0.0140625 0.0265625
1 0.55703125 0.2875 0.0125 0.03359375
1 0.5515625 0.27109375 0.01484375 0.025
1 0.57734375 0.23515625 0.0140625 0.028125
1 0.590625 0.21015625 0.0171875 0.03125
1 0.60625 0.21484375 0.0140625 0.0328125
1 0.6296875 0.22109375 0.01328125 0.028125
1 0.609375 0.2609375 0.0171875 0.028125
1 0.646875 0.23515625 0.0140625 0.03359375
1 0.6578125 0.23359375 0.0125 0.0265625
1 0.67890625 0.2625 0.01875 0.03671875
1 0.65 0.27265625 0.01796875 0.0328125
1 0.60859375 0.3015625 0.0171875 0.03671875
1 0.575 0.32578125 0.021875 0.0421875
1 0.5421875 0.353125 0.02109375 0.05234375
1 0.5203125 0.41015625 0.0265625 0.05625
1 0.45 0.415625 0.03203125 0.0546875
1 0.55546875 0.43984375 0.03125 0.0703125
1 0.56484375 0.42578125 0.028125 0.05390625
1 0.609375 0.46171875 0.03515625 0.075
1 0.6390625 0.3734375 0.02421875 0.0609375
1 0.66171875 0.3546875 0.021875 0.0546875
1 0.6296875 0.340625 0.0203125 0.040625
1 0.66953125 0.29375 0.021875 0.03671875
1 0.69375 0.2921875 0.01796875 0.0421875
1 0.70546875 0.26640625 0.01875 0.0421875
1 0.71484375 0.25 0.0140625 0.0328125
1 0.721875 0.234375 0.01484375 0.03359375
1 0.75 0.23671875 0.015625 0.03359375
1 0.7359375 0.290625 0.0171875 0.03671875
1 0.71171875 0.40625 0.0265625 0.05625
1 0.6796875 0.50390625 0.040625 0.0890625
1 0.76015625 0.42109375 0.028125 0.0609375
1 0.7671875 0.52890625 0.03984375 0.0875
1 0.8109375 0.44453125 0.03046875 0.06484375
1 0.884375 0.40625 0.025 0.05390625
1 0.8703125 0.4734375 0.03203125 0.071875
1 0.82734375 0.38046875 0.0234375 0.05234375
1 0.775 0.38515625 0.02421875 0.05390625
1 0.7921875 0.35546875 0.01953125 0.04765625
1 0.77109375 0.3140625 0.0171875 0.046875
1 0.8109375 0.3296875 0.01796875 0.03984375
1 0.828125 0.28046875 0.01875 0.03359375
1 0.80703125 0.26484375 0.0140625 0.03515625
1 0.79375 0.28203125 0.01640625 0.03359375
1 0.83359375 0.25703125 0.0171875 0.03125
1 0.8609375 0.29296875 0.0140625 0.03828125
1 0.85 0.3265625 0.01484375 0.03515625
1 0.8421875 0.36875 0.0171875 0.046875
1 0.88671875 0.35859375 0.0171875 0.0421875
1 0.8921875 0.30546875 0.01640625 0.040625
1 0.90078125 0.33046875 0.021875 0.03515625
1 0.89375 0.27265625 0.0125 0.0328125