1 0.03984375 0.378125 0.02734375 0.0546875
1 0.7 0.09609375 0.0140625 0.0296875
1 0.75078125 0.1109375 0.01328125 0.0234375
1 0.778125 0.1171875 0.01328125 0.028125
1 0.55546875 0.115625 0.01484375 0.025
1 0.61640625 0.1078125 0.01484375 0.0234375
1 0.6453125 0.103125 0.015625 0.0234375
1 0.671875 0.1171875 0.01484375 0.021875
1 0.7359375 0.121875 0.0140625 0.028125
1 0.809375 0.11796875 0.0140625 0.0265625
1 0.79609375 0.13046875 0.01953125 0.03125
1 0.834375 0.1359375 0.01484375 0.03359375
1 0.86328125 0.12890625 0.01015625 0.03125
1 0.8953125 0.1265625 0.0109375 0.03359375
1 0.9265625 0.15390625 0.0109375 0.028125
1 0.45234375 0.15390625 0.0171875 0.025
1 0.48671875 0.1359375 0.01484375 0.0265625
1 0.478125 0.1484375 0.01796875 0.028125
1 0.5328125 0.13671875 0.01796875 0.03515625
1 0.55546875 0.15703125 0.01796875 0.03828125
1 0.571875 0.1625 0.021875 0.03671875
1 0.6140625 0.14375 0.0203125 0.03515625
1 0.7046875 0.1296875 0.01484375 0.0296875
1 0.6875 0.14921875 0.015625 0.03359375
1 0.653125 0.17265625 0.01875 0.03359375
1 0.765625 0.1625 0.01484375 0.03984375
1 0.73046875 0.1546875 0.01484375 0.04296875
1 0.79921875 0.178125 0.015625 0.0296875
1 0.81953125 0.16640625 0.01796875 0.03359375
1 0.85625 0.17109375 0.01484375 0.03671875
1 0.8484375 0.19609375 0.01953125 0.0265625
1 0.890625 0.17265625 0.0140625 0.03671875
1 0.90078125 0.16328125 0.01875 0.03828125
1 0.890625 0.20546875 0.021875 0.028125
1 0.92421875 0.20546875 0.01953125 0.04140625
1 0.9234375 0.2859375 0.0234375 0.05
1 0.86875 0.23125 0.01484375 0.04296875
1 0.815625 0.22109375 0.015625 0.046875
1 0.73125 0.1953125 0.0140625 0.03828125
1 0.4109375 0.1765625 0.015625 0.028125
1 0.384375 0.203125 0.021875 0.03828125
1 0.4515625 0.18671875 0.01953125 0.03515625
1 0.46640625 0.20234375 0.02421875 0.03671875
1 0.4859375 0.1921875 0.01796875 0.03828125
1 0.54296875 0.19609375 0.01875 0.0265625
1 0.62734375 0.19609375 0.0171875 0.0296875
1 0.6625 0.21015625 0.01796875 0.03125
1 0.703125 0.22578125 0.03671875 0.05625
1 0.75546875 0.23203125 0.021875 0.0484375
1 0.7890625 0.275 0.02265625 0.04453125
1 0.72734375 0.2640625 0.0265625 0.05
1 0.66015625 0.26640625 0.02421875 0.0515625
1 0.68359375 0.3265625 0.0328125 0.0484375
1 0.60546875 0.325 0.0359375 0.0546875
1 0.61484375 0.2625 0.028125 0.05
1 0.56484375 0.240625 0.01953125 0.03671875
1 0.4625 0.23671875 0.01953125 0.028125
1 0.5359375 0.32734375 0.0234375 0.053125
1 0.3125 0.221875 0.0125 0.03515625
1 0.34453125 0.2296875 0.0171875 0.03515625
1 0.35546875 0.2234375 0.015625 0.028125
1 0.25546875 0.28203125 0.0140625 0.0296875
1 0.2890625 0.271875 0.01796875 0.03828125
1 0.30234375 0.25859375 0.015625 0.03125
1 0.321875 0.278125 0.0125 0.04140625
1 0.4296875 0.26484375 0.021875 0.0484375
1 0.478125 0.30234375 0.0234375 0.05
1 0.64765625 0.12890625 0.0171875 0.01796875
1 0.5921875 0.12265625 0.01484375 0.0296875
1 0.5953125 0.09921875 0.01875 0.028125
1 0.50546875 0.17890625 0.01484375 0.028125
1 0.415625 0.225 0.021875 0.03828125
1 0.37109375 0.2328125 0.01484375 0.03671875
1 0.36015625 0.26640625 0.0171875 0.03828125
1 0.6953125 0.18359375 0.01953125 0.03828125
1 0.9328125 0.17265625 0.01484375 0.0296875