1 0.0578125 0.41015625 0.03515625 0.08125
1 0.25234375 0.28125 0.02109375 0.03125
1 0.28671875 0.26640625 0.01796875 0.03125
1 0.30859375 0.28203125 0.01796875 0.03984375
1 0.3140625 0.253125 0.01875 0.03828125
1 0.3078125 0.22421875 0.01640625 0.0265625
1 0.34140625 0.2234375 0.01875 0.03125
1 0.34140625 0.2734375 0.02265625 0.03671875
1 0.36953125 0.2125 0.015625 0.0328125
1 0.38125 0.19765625 0.01796875 0.0234375
1 0.3828125 0.2109375 0.015625 0.0328125
1 0.396875 0.2953125 0.0203125 0.04296875
1 0.42421875 0.2171875 0.01875 0.0296875
1 0.42265625 0.184375 0.015625 0.03671875
1 0.42734375 0.16640625 0.01484375 0.025
1 0.45 0.14765625 0.015625 0.0296875
1 0.45234375 0.1671875 0.0140625 0.03671875
1 0.4546875 0.21796875 0.015625 0.03828125
1 0.4390625 0.1921875 0.01875 0.0296875
1 0.47109375 0.14765625 0.01171875 0.0234375
1 0.47578125 0.16328125 0.01796875 0.028125
1 0.4765625 0.1921875 0.015625 0.0296875
1 0.49296875 0.20078125 0.0203125 0.03671875
1 0.48125 0.22578125 0.01796875 0.03984375
1 0.48125 0.296875 0.02578125 0.04296875
1 0.484375 0.13125 0.01171875 0.0265625
1 0.515625 0.1546875 0.01640625 0.025
1 0.50546875 0.175 0.02109375 0.03828125
1 0.5203125 0.13671875 0.01796875 0.03125
1 0.53515625 0.1609375 0.015625 0.03671875
1 0.5421875 0.19375 0.01484375 0.03984375
1 0.546875 0.13828125 0.01171875 0.028125
1 0.5546875 0.1453125 0.0109375 0.028125
1 0.56328125 0.16796875 0.015625 0.03828125
1 0.57109375 0.15625 0.01484375 0.0296875
1 0.56015625 0.11171875 0.01484375 0.025
1 0.5796875 0.1296875 0.01484375 0.0265625
1 0.6015625 0.0984375 0.015625 0.028125
1 0.60546875 0.11171875 0.01484375 0.025
1 0.61796875 0.0984375 0.01015625 0.021875
1 0.634375 0.10390625 0.01328125 0.028125
1 0.64296875 0.1140625 0.0109375 0.0265625
1 0.6671875 0.12109375 0.015625 0.0265625
1 0.696875 0.096875 0.01171875 0.03125
1 0.61953125 0.140625 0.01640625 0.0296875
1 0.64765625 0.17734375 0.01875 0.03671875
1 0.65703125 0.2046875 0.01875 0.03828125
1 0.6015625 0.20625 0.0203125 0.03828125
1 0.60078125 0.25390625 0.02421875 0.04296875
1 0.571875 0.24375 0.025 0.03984375
1 0.5578125 0.29296875 0.025 0.0515625
1 0.575 0.36640625 0.02890625 0.053125
1 0.67265625 0.32734375 0.03125 0.0578125
1 0.653125 0.25390625 0.025 0.05
1 0.70078125 0.28359375 0.02890625 0.05625
1 0.69609375 0.2125 0.02265625 0.05
1 0.67578125 0.1515625 0.01953125 0.03828125
1 0.69921875 0.14375 0.01640625 0.028125
1 0.70078125 0.17734375 0.01953125 0.03984375
1 0.7234375 0.16484375 0.015625 0.03515625
1 0.7296875 0.121875 0.0140625 0.03125
1 0.74140625 0.11875 0.01484375 0.025
1 0.740625 0.13984375 0.015625 0.03125
1 0.74453125 0.184375 0.01640625 0.03671875
1 0.753125 0.24921875 0.0203125 0.0484375
1 0.7703125 0.29296875 0.025 0.0578125
1 0.76015625 0.12578125 0.0140625 0.0265625
1 0.7625 0.15703125 0.01640625 0.028125
1 0.77734375 0.11953125 0.01171875 0.0296875
1 0.79140625 0.134375 0.015625 0.0328125
1 0.81484375 0.12421875 0.01328125 0.0328125
1 0.8265625 0.1375 0.0140625 0.03671875
1 0.8125 0.16171875 0.01171875 0.03515625
1 0.790625 0.18515625 0.01640625 0.03515625
1 0.83984375 0.18515625 0.01953125 0.03515625
1 0.8453125 0.15390625 0.0140625 0.0328125
1 0.86484375 0.1265625 0.015625 0.03125
1 0.86171875 0.16171875 0.015625 0.03515625
1 0.8640625 0.2125 0.0203125 0.03984375
1 0.87578125 0.1953125 0.015625 0.03671875
1 0.88359375 0.17421875 0.01484375 0.0328125
1 0.89296875 0.13515625 0.01328125 0.03125
1 0.92265625 0.15625 0.01171875 0.0234375
1 0.93046875 0.1625 0.01484375 0.03671875
1 0.91328125 0.190625 0.01796875 0.03984375
1 0.91328125 0.28671875 0.02421875 0.053125