1 0.04921875 0.73671875 0.08203125 0.14609375
1 0.21171875 0.80234375 0.0921875 0.14609375
1 0.2703125 0.79296875 0.071875 0.13359375
1 0.421875 0.4125 0.06796875 0.11640625
1 0.4859375 0.88515625 0.1078125 0.17578125
1 0.640625 0.6953125 0.0859375 0.14609375
1 0.6359375 0.88125 0.09609375 0.190625
1 0.7078125 0.83515625 0.0796875 0.16953125
1 0.7640625 0.69765625 0.06796875 0.121875
1 0.85 0.7171875 0.071875 0.13671875
1 0.97421875 0.8171875 0.04765625 0.16953125
1 0.959375 0.93125 0.078125 0.11875
1 0.98203125 0.67578125 0.03203125 0.10703125