1 0.07890625 0.3640625 0.0390625 0.0734375
1 0.2734375 0.203125 0.01640625 0.0375
1 0.3140625 0.24140625 0.021875 0.04921875
1 0.31171875 0.20078125 0.015625 0.03203125
1 0.32734375 0.20234375 0.0140625 0.0359375
1 0.3296875 0.171875 0.01875 0.04140625
1 0.365625 0.1703125 0.01796875 0.0359375
1 0.371875 0.2140625 0.01875 0.04765625
1 0.38046875 0.1984375 0.01640625 0.0359375
1 0.40625 0.21796875 0.01875 0.04375
1 0.3765625 0.153125 0.01640625 0.028125
1 0.41640625 0.1484375 0.01796875 0.0359375
1 0.4234375 0.13515625 0.015625 0.03203125
1 0.4328125 0.1828125 0.02109375 0.0359375
1 0.41484375 0.18125 0.01875 0.04140625
1 0.440625 0.22421875 0.01953125 0.04375
1 0.45234375 0.17734375 0.01875 0.04140625
1 0.45234375 0.13359375 0.0140625 0.0375
1 0.47109375 0.11484375 0.01328125 0.028125
1 0.47421875 0.13125 0.01328125 0.03203125
1 0.475 0.17734375 0.01796875 0.04140625
1 0.5234375 0.15703125 0.01640625 0.03984375
1 0.4953125 0.13125 0.0140625 0.03203125
1 0.49453125 0.1015625 0.0125 0.028125
1 0.53359375 0.1390625 0.01328125 0.03203125
1 0.525 0.1140625 0.01328125 0.03359375
1 0.54453125 0.12421875 0.0125 0.0296875
1 0.559375 0.16796875 0.015625 0.04140625
1 0.56171875 0.1421875 0.0140625 0.0296875
1 0.5625 0.12109375 0.01328125 0.028125
1 0.54453125 0.10546875 0.0125 0.01953125
1 0.5859375 0.15390625 0.015625 0.0375
1 0.5953125 0.14296875 0.0125 0.0234375
1 0.60234375 0.11875 0.015625 0.0234375
1 0.596875 0.09609375 0.0109375 0.021875
1 0.61796875 0.0875 0.01015625 0.0234375
1 0.63125 0.096875 0.0109375 0.028125
1 0.621875 0.11875 0.0140625 0.028125
1 0.63125 0.1328125 0.01640625 0.0359375
1 0.65546875 0.12109375 0.015625 0.03203125
1 0.66171875 0.09609375 0.01328125 0.02578125
1 0.67265625 0.09296875 0.01328125 0.03203125
1 0.69921875 0.1015625 0.01328125 0.03203125
1 0.67421875 0.121875 0.015625 0.0296875
1 0.703125 0.1578125 0.01875 0.0375
1 0.6640625 0.17421875 0.02421875 0.04375
1 0.62265625 0.19453125 0.02109375 0.04765625
1 0.634375 0.21796875 0.02421875 0.04765625
1 0.5953125 0.21015625 0.0234375 0.04375
1 0.659375 0.23984375 0.02109375 0.04375
1 0.68984375 0.23515625 0.02421875 0.04921875
1 0.7109375 0.309375 0.034375 0.07109375
1 0.7484375 0.34140625 0.03125 0.06328125
1 0.78203125 0.2765625 0.02421875 0.0578125
1 0.7546875 0.228125 0.021875 0.04765625
1 0.73671875 0.21640625 0.01953125 0.0515625
1 0.73515625 0.15546875 0.01796875 0.04140625
1 0.72890625 0.12734375 0.015625 0.0359375
1 0.75234375 0.1109375 0.015625 0.0359375
1 0.7671875 0.10625 0.0125 0.0296875
1 0.78515625 0.12265625 0.0140625 0.03203125
1 0.79765625 0.11640625 0.01328125 0.03359375
1 0.79609375 0.14765625 0.0140625 0.03359375
1 0.79140625 0.190625 0.02109375 0.04765625
1 0.7625 0.18125 0.015625 0.03359375
1 0.83359375 0.2390625 0.02109375 0.05390625
1 0.82265625 0.19375 0.02109375 0.04140625
1 0.8234375 0.125 0.0125 0.0234375
1 0.8453125 0.12890625 0.015625 0.0359375
1 0.86953125 0.159375 0.01328125 0.03359375
1 0.88984375 0.2234375 0.01953125 0.04921875
1 0.9 0.20859375 0.0140625 0.0359375
1 0.9 0.16171875 0.0140625 0.0375
1 0.91171875 0.1421875 0.01328125 0.0453125
1 0.9015625 0.31171875 0.03125 0.0671875
1 0.82890625 0.1640625 0.01640625 0.0296875
1 0.92734375 0.253125 0.01875 0.0375
1 0.92734375 0.20703125 0.01640625 0.04140625
1 0.9390625 0.1921875 0.01796875 0.0359375
1 0.9421875 0.15 0.0140625 0.03359375