1 0.26640625 0.2296875 0.0140625 0.0359375
1 0.328125 0.2421875 0.0203125 0.046875
1 0.35703125 0.19609375 0.015625 0.034375
1 0.37578125 0.18203125 0.01640625 0.02734375
1 0.38203125 0.2078125 0.01640625 0.02890625
1 0.40546875 0.16796875 0.0171875 0.0359375
1 0.42265625 0.15390625 0.0140625 0.02890625
1 0.4390625 0.17421875 0.01640625 0.034375
1 0.44609375 0.209375 0.01875 0.046875
1 0.42109375 0.21875 0.015625 0.02890625
1 0.4078125 0.23046875 0.02578125 0.05234375
1 0.50546875 0.21171875 0.02265625 0.05078125
1 0.46328125 0.2078125 0.01875 0.02890625
1 0.46171875 0.14375 0.0125 0.02734375
1 0.48515625 0.1515625 0.0140625 0.0328125
1 0.4984375 0.1390625 0.0140625 0.0328125
1 0.51015625 0.14765625 0.01328125 0.02734375
1 0.515625 0.1328125 0.0109375 0.02734375
1 0.51953125 0.1828125 0.015625 0.04375
1 0.53359375 0.165625 0.01328125 0.03046875
1 0.53046875 0.14296875 0.015625 0.02890625
1 0.5390625 0.13671875 0.0109375 0.02734375
1 0.559375 0.18828125 0.01875 0.03984375
1 0.565625 0.14140625 0.0140625 0.025
1 0.57890625 0.125 0.01328125 0.025
1 0.6015625 0.1734375 0.0171875 0.0359375
1 0.59609375 0.14609375 0.01640625 0.025
1 0.61640625 0.16796875 0.01640625 0.0359375
1 0.60390625 0.1140625 0.0109375 0.025
1 0.6171875 0.1140625 0.0109375 0.02890625
1 0.6328125 0.13125 0.0140625 0.02734375
1 0.62890625 0.115625 0.0140625 0.01796875
1 0.65390625 0.1421875 0.0171875 0.034375
1 0.65546875 0.11875 0.0125 0.02734375
1 0.67890625 0.128125 0.015625 0.02890625
1 0.68671875 0.1125 0.0125 0.02890625
1 0.70703125 0.121875 0.0125 0.03046875
1 0.5625 0.296875 0.02578125 0.046875
1 0.5671875 0.2578125 0.025 0.04140625
1 0.62421875 0.2609375 0.02578125 0.0484375
1 0.6421875 0.19609375 0.01953125 0.04140625
1 0.6734375 0.22421875 0.021875 0.05078125
1 0.684375 0.2578125 0.02265625 0.0484375
1 0.728125 0.2859375 0.03203125 0.0578125
1 0.69921875 0.2078125 0.0171875 0.03984375
1 0.7 0.18046875 0.01640625 0.0328125
1 0.73515625 0.14765625 0.01953125 0.034375
1 0.74453125 0.1390625 0.015625 0.0328125
1 0.76484375 0.13984375 0.015625 0.034375
1 0.740625 0.1875 0.01875 0.034375
1 0.753125 0.2140625 0.01875 0.0453125
1 0.76484375 0.2515625 0.021875 0.05390625
1 0.7921875 0.30625 0.025 0.059375
1 0.84765625 0.32421875 0.028125 0.06328125
1 0.86171875 0.28515625 0.02578125 0.05625
1 0.9234375 0.34296875 0.028125 0.0671875
1 0.91875 0.30078125 0.0203125 0.04140625
1 0.9234375 0.24765625 0.01953125 0.04375
1 0.88828125 0.24140625 0.0171875 0.03828125
1 0.8390625 0.2421875 0.021875 0.04375
1 0.796875 0.21953125 0.0140625 0.03828125
1 0.8015625 0.16796875 0.0140625 0.0359375
1 0.8015625 0.1359375 0.0125 0.0359375
1 0.8203125 0.1390625 0.01328125 0.0328125
1 0.81171875 0.16171875 0.01328125 0.03046875
1 0.8375 0.15078125 0.0140625 0.034375
1 0.853125 0.1609375 0.0140625 0.025
1 0.86015625 0.19296875 0.01875 0.04140625
1 0.83671875 0.2046875 0.0171875 0.0328125
1 0.86796875 0.1765625 0.0171875 0.034375
1 0.88671875 0.15859375 0.01328125 0.034375
1 0.91328125 0.17109375 0.0125 0.034375
1 0.89140625 0.2140625 0.015625 0.03046875
1 0.9421875 0.2078125 0.01328125 0.02890625
1 0.95078125 0.18203125 0.0125 0.03046875