1 0.0359375 0.37890625 0.028125 0.05078125
1 0.27265625 0.2828125 0.0171875 0.03046875
1 0.31875 0.25390625 0.01484375 0.03046875
1 0.3375 0.2875 0.01796875 0.0328125
1 0.36640625 0.21640625 0.01328125 0.0328125
1 0.38671875 0.2171875 0.01328125 0.034375
1 0.42734375 0.26953125 0.01953125 0.040625
1 0.40234375 0.17265625 0.01015625 0.02265625
1 0.44921875 0.146875 0.01171875 0.02890625
1 0.478125 0.2265625 0.01484375 0.0328125
1 0.48203125 0.3 0.021875 0.04921875
1 0.55625 0.29375 0.02265625 0.040625
1 0.5984375 0.3375 0.02421875 0.059375
1 0.66875 0.3578125 0.02578125 0.059375
1 0.609375 0.25 0.02265625 0.04296875
1 0.61796875 0.19296875 0.021875 0.03046875
1 0.609375 0.14765625 0.015625 0.02265625
1 0.56953125 0.165625 0.01171875 0.0328125
1 0.5046875 0.19609375 0.0125 0.02890625
1 0.525 0.2 0.0171875 0.02890625
1 0.475 0.16640625 0.01484375 0.02265625
1 0.48671875 0.13125 0.01328125 0.02265625
1 0.4203125 0.2203125 0.01328125 0.0203125
1 0.4390625 0.22734375 0.0171875 0.034375
1 0.5265625 0.14296875 0.01328125 0.0328125
1 0.55703125 0.1171875 0.009375 0.01875
1 0.65625 0.2734375 0.02578125 0.04453125
1 0.709375 0.29765625 0.02265625 0.04921875
1 0.77265625 0.303125 0.02265625 0.05546875
1 0.74609375 0.22265625 0.01953125 0.040625
1 0.80859375 0.2359375 0.0171875 0.04296875
1 0.859375 0.215625 0.015625 0.034375
1 0.9140625 0.2875 0.0171875 0.04921875
1 0.91796875 0.19296875 0.0171875 0.03046875
1 0.93046875 0.17578125 0.0125 0.02421875
1 0.8828125 0.134375 0.015625 0.02890625
1 0.8609375 0.12890625 0.0171875 0.0203125
1 0.8625 0.15390625 0.015625 0.0265625
1 0.87890625 0.190625 0.01484375 0.034375
1 0.84375 0.16015625 0.01796875 0.03046875
1 0.8 0.1796875 0.01328125 0.040625
1 0.75625 0.1671875 0.01796875 0.02890625
1 0.73515625 0.18671875 0.02578125 0.03046875
1 0.6921875 0.22734375 0.01796875 0.046875
1 0.65703125 0.2140625 0.02734375 0.03671875
1 0.678125 0.146875 0.0171875 0.02890625
1 0.69609375 0.18125 0.01796875 0.0328125
1 0.73515625 0.14609375 0.01328125 0.02265625
1 0.75859375 0.1296875 0.01328125 0.02265625
1 0.775 0.1234375 0.01171875 0.0265625
1 0.79296875 0.1328125 0.01015625 0.02890625
1 0.74453125 0.11875 0.01171875 0.0203125
1 0.72265625 0.13359375 0.01484375 0.03046875
1 0.68515625 0.10546875 0.0125 0.03046875
1 0.6453125 0.10625 0.01484375 0.02890625
1 0.58359375 0.10078125 0.009375 0.0140625
1 0.8140625 0.16953125 0.01015625 0.02890625
1 0.82890625 0.14375 0.01015625 0.03046875
1 0.546875 0.15390625 0.01796875 0.0390625
1 0.70078125 0.14921875 0.0125 0.02890625