1 0.0296875 0.4140625 0.02265625 0.0515625
1 0.2296875 0.3328125 0.01484375 0.03515625
1 0.25546875 0.36171875 0.01796875 0.0421875
1 0.284375 0.2984375 0.015625 0.03203125
1 0.328125 0.34921875 0.01953125 0.0359375
1 0.35078125 0.32890625 0.01640625 0.0296875
1 0.3515625 0.2890625 0.01640625 0.03046875
1 0.38203125 0.253125 0.0140625 0.0265625
1 0.39765625 0.26875 0.0140625 0.0296875
1 0.40078125 0.29296875 0.0125 0.0265625
1 0.378125 0.3203125 0.0171875 0.03203125
1 0.39921875 0.33203125 0.0171875 0.03359375
1 0.42109375 0.2453125 0.0125 0.0234375
1 0.42421875 0.2953125 0.015625 0.03203125
1 0.44609375 0.33515625 0.01875 0.03359375
1 0.4375 0.2578125 0.0140625 0.0265625
1 0.46015625 0.29453125 0.01484375 0.028125
1 0.465625 0.2625 0.01171875 0.02265625
1 0.45625 0.23671875 0.0109375 0.02109375
1 0.51640625 0.234375 0.01015625 0.01953125
1 0.49921875 0.2625 0.0125 0.02265625
1 0.52890625 0.26171875 0.0140625 0.0265625
1 0.546875 0.2796875 0.01484375 0.028125
1 0.52421875 0.34609375 0.021875 0.04765625
1 0.49296875 0.31484375 0.0171875 0.0265625
1 0.54609375 0.22421875 0.0109375 0.02109375
1 0.5609375 0.2203125 0.01328125 0.02109375
1 0.5703125 0.25234375 0.0109375 0.0265625
1 0.58515625 0.24453125 0.0125 0.025
1 0.5890625 0.2171875 0.01171875 0.0265625
1 0.59453125 0.20390625 0.0109375 0.02265625
1 0.61171875 0.2140625 0.0109375 0.0234375
1 0.62265625 0.22578125 0.0125 0.02109375
1 0.640625 0.20859375 0.01015625 0.02109375
1 0.6609375 0.22578125 0.0140625 0.0296875
1 0.68203125 0.2203125 0.01171875 0.0234375
1 0.68828125 0.25 0.01328125 0.03359375
1 0.66015625 0.26015625 0.01484375 0.0265625
1 0.6234375 0.2421875 0.0109375 0.02109375
1 0.61640625 0.2890625 0.01328125 0.025
1 0.5859375 0.3265625 0.01484375 0.028125
1 0.59609375 0.3515625 0.0203125 0.04296875
1 0.59765625 0.4125 0.02421875 0.0515625
1 0.64140625 0.36171875 0.021875 0.0390625
1 0.6703125 0.34453125 0.01875 0.040625
1 0.6625 0.4296875 0.02578125 0.0515625
1 0.53203125 0.39296875 0.02578125 0.04609375
1 0.69765625 0.4609375 0.03125 0.06953125
1 0.7125 0.39140625 0.02109375 0.04609375
1 0.771875 0.40390625 0.02578125 0.04453125
1 0.80234375 0.4921875 0.02734375 0.0546875
1 0.82265625 0.4234375 0.021875 0.05
1 0.89140625 0.4578125 0.02265625 0.04765625
1 0.878125 0.3890625 0.01953125 0.0375
1 0.840625 0.36484375 0.01953125 0.05
1 0.7921875 0.3578125 0.0203125 0.0421875
1 0.79609375 0.32578125 0.0171875 0.03203125
1 0.821875 0.30078125 0.01640625 0.03515625
1 0.79765625 0.2953125 0.0140625 0.03203125
1 0.75234375 0.2796875 0.0140625 0.03046875
1 0.709375 0.284375 0.0140625 0.0296875
1 0.72265625 0.2578125 0.0140625 0.03515625
1 0.7296875 0.23359375 0.01171875 0.0234375
1 0.7421875 0.22890625 0.01171875 0.025
1 0.74453125 0.2515625 0.0140625 0.028125
1 0.759375 0.23359375 0.01171875 0.0265625
1 0.76875 0.24296875 0.0109375 0.028125
1 0.79453125 0.26171875 0.01328125 0.0234375
1 0.82109375 0.2484375 0.0125 0.025
1 0.8296875 0.2703125 0.01171875 0.0296875
1 0.8375 0.26171875 0.01328125 0.0265625
1 0.85078125 0.24921875 0.0109375 0.03203125
1 0.87265625 0.2796875 0.0140625 0.0359375
1 0.8609375 0.31484375 0.0125 0.03203125
1 0.8546875 0.3390625 0.01484375 0.0359375
1 0.890625 0.31796875 0.0125 0.03203125
1 0.90859375 0.3390625 0.01484375 0.0359375
1 0.90859375 0.2921875 0.0140625 0.028125
1 0.9078125 0.2734375 0.01171875 0.025
1 0.45390625 0.4046875 0.02421875 0.0515625