1 0.09453125 0.496875 0.05390625 0.10703125
1 0.25703125 0.28046875 0.01953125 0.0296875
1 0.26953125 0.26875 0.015625 0.03125
1 0.2890625 0.28125 0.015625 0.034375
1 0.309375 0.28515625 0.01484375 0.04140625
1 0.34140625 0.2765625 0.021875 0.0375
1 0.4 0.28984375 0.02421875 0.04765625
1 0.30234375 0.2484375 0.01796875 0.034375
1 0.32109375 0.2140625 0.015625 0.028125
1 0.334375 0.2296875 0.01875 0.0359375
1 0.3578125 0.21953125 0.015625 0.034375
1 0.36953125 0.2125 0.015625 0.028125
1 0.390625 0.1984375 0.01796875 0.0359375
1 0.41953125 0.21484375 0.0171875 0.0328125
1 0.4140625 0.16640625 0.015625 0.03125
1 0.43203125 0.19375 0.0140625 0.0296875
1 0.43828125 0.2171875 0.0171875 0.04453125
1 0.45 0.1890625 0.0171875 0.0328125
1 0.4625 0.19375 0.015625 0.0359375
1 0.46484375 0.228125 0.0203125 0.04296875
1 0.4453125 0.15234375 0.01484375 0.02265625
1 0.47734375 0.16015625 0.0140625 0.025
1 0.47734375 0.14375 0.0140625 0.025
1 0.48515625 0.13046875 0.01328125 0.02109375
1 0.5109375 0.18125 0.0171875 0.025
1 0.515625 0.1625 0.01328125 0.0359375
1 0.53203125 0.140625 0.01484375 0.028125
1 0.52578125 0.12890625 0.01015625 0.025
1 0.56171875 0.11640625 0.0125 0.0265625
1 0.55 0.140625 0.0140625 0.028125
1 0.55390625 0.15078125 0.015625 0.0328125
1 0.56640625 0.1703125 0.01875 0.034375
1 0.540625 0.190625 0.01953125 0.0359375
1 0.58515625 0.1265625 0.015625 0.0265625
1 0.596875 0.0953125 0.01484375 0.0296875
1 0.58671875 0.1453125 0.01796875 0.028125
1 0.61953125 0.1375 0.015625 0.034375
1 0.609375 0.11953125 0.01328125 0.0265625
1 0.6265625 0.09921875 0.0140625 0.025
1 0.65234375 0.09765625 0.0125 0.025
1 0.64765625 0.11328125 0.0125 0.0265625
1 0.675 0.1125 0.01484375 0.028125
1 0.69140625 0.1078125 0.0125 0.025
1 0.70546875 0.13203125 0.01796875 0.0375
1 0.684375 0.15078125 0.0171875 0.0390625
1 0.65078125 0.1640625 0.015625 0.0359375
1 0.6625 0.1921875 0.01796875 0.04296875
1 0.61171875 0.19921875 0.02265625 0.04453125
1 0.62109375 0.25078125 0.025 0.04453125
1 0.5609375 0.28515625 0.0296875 0.05078125
1 0.56484375 0.24609375 0.0203125 0.04296875
1 0.5890625 0.3640625 0.0359375 0.0609375
1 0.48984375 0.3078125 0.02734375 0.05390625
1 0.675 0.33125 0.02890625 0.0609375
1 0.665625 0.25546875 0.0234375 0.05078125
1 0.70078125 0.209375 0.0234375 0.04140625
1 0.69765625 0.18671875 0.01875 0.0375
1 0.7296875 0.1953125 0.01953125 0.04921875
1 0.74453125 0.159375 0.01328125 0.0328125
1 0.734375 0.115625 0.01328125 0.034375
1 0.746875 0.13046875 0.01328125 0.034375
1 0.753125 0.11484375 0.0109375 0.0296875
1 0.76875 0.128125 0.01484375 0.0265625
1 0.7765625 0.11875 0.0109375 0.03125
1 0.78046875 0.1578125 0.0140625 0.0328125
1 0.728125 0.27890625 0.03125 0.05546875
1 0.75625 0.24765625 0.0234375 0.05234375
1 0.7875 0.27734375 0.02421875 0.05546875
1 0.81875 0.25390625 0.0234375 0.04453125
1 0.80390625 0.121875 0.0125 0.0265625
1 0.79921875 0.1359375 0.01015625 0.0296875
1 0.8 0.17265625 0.01875 0.04921875
1 0.81875 0.165625 0.0171875 0.0359375
1 0.83203125 0.134375 0.015625 0.0359375
1 0.86328125 0.1515625 0.0140625 0.034375
1 0.8671875 0.1375 0.015625 0.025
1 0.90078125 0.13984375 0.0125 0.02265625
1 0.92734375 0.15390625 0.0109375 0.02109375
1 0.9265625 0.16328125 0.01328125 0.03125
1 0.92734375 0.19375 0.01484375 0.0359375
1 0.89453125 0.16328125 0.01796875 0.0375
1 0.89296875 0.1984375 0.015625 0.0359375
1 0.8484375 0.1828125 0.01875 0.04140625
1 0.86171875 0.2125 0.01875 0.04453125
1 0.9296875 0.2859375 0.01953125 0.05234375