1 0.203125 0.325 0.05078125 0.096875
1 0.30234375 0.16171875 0.0203125 0.03359375
1 0.34609375 0.19453125 0.01640625 0.03125
1 0.54140625 0.13125 0.02265625 0.04296875
1 0.621875 0.18203125 0.015625 0.040625
1 0.61640625 0.2359375 0.0203125 0.0375
1 0.63984375 0.23515625 0.03125 0.05390625
1 0.68203125 0.20390625 0.0203125 0.04296875
1 0.68046875 0.16953125 0.0203125 0.0375
1 0.71484375 0.1921875 0.015625 0.03515625
1 0.6953125 0.25 0.0234375 0.05390625
1 0.734375 0.27578125 0.021875 0.05390625
1 0.8359375 0.2390625 0.02265625 0.04296875
1 0.87890625 0.25546875 0.01875 0.0390625
1 0.9296875 0.4328125 0.04765625 0.1