1 0.05 0.39765625 0.0234375 0.05390625
1 0.2625 0.25625 0.01484375 0.03203125
1 0.2734375 0.26953125 0.01640625 0.03203125
1 0.3125 0.24296875 0.01640625 0.03359375
1 0.328125 0.2171875 0.015625 0.03359375
1 0.3546875 0.2265625 0.01640625 0.028125
1 0.35625 0.29140625 0.01875 0.0359375
1 0.38125 0.30234375 0.02421875 0.04140625
1 0.38125 0.18515625 0.01328125 0.02578125
1 0.39140625 0.21640625 0.015625 0.03203125
1 0.39921875 0.2015625 0.015625 0.02578125
1 0.40390625 0.1796875 0.01484375 0.02578125
1 0.44375 0.1921875 0.015625 0.03203125
1 0.4484375 0.2125 0.01640625 0.0359375
1 0.46875 0.2265625 0.01640625 0.03984375
1 0.45703125 0.1515625 0.01328125 0.02578125
1 0.47890625 0.190625 0.01640625 0.03203125
1 0.4703125 0.17421875 0.015625 0.03203125
1 0.49921875 0.1328125 0.01015625 0.01953125
1 0.5046875 0.15859375 0.0109375 0.0234375
1 0.5125 0.18671875 0.015625 0.03203125
1 0.5203125 0.21796875 0.01875 0.03984375
1 0.528125 0.15859375 0.01328125 0.028125
1 0.54453125 0.1578125 0.01484375 0.0296875
1 0.56171875 0.1515625 0.0109375 0.021875
1 0.5640625 0.12109375 0.0109375 0.028125
1 0.58984375 0.13828125 0.01328125 0.02578125
1 0.61171875 0.11796875 0.01015625 0.021875
1 0.61484375 0.14296875 0.01484375 0.028125
1 0.63671875 0.14296875 0.015625 0.03203125
1 0.64375 0.12109375 0.0125 0.0234375
1 0.6703125 0.11875 0.01328125 0.0234375
1 0.58046875 0.1703125 0.01484375 0.028125
1 0.57265625 0.21640625 0.01875 0.04765625
1 0.6046875 0.2046875 0.01875 0.0359375
1 0.61484375 0.23984375 0.02578125 0.0515625
1 0.56875 0.30078125 0.0234375 0.05390625
1 0.4953125 0.2953125 0.0265625 0.04765625
1 0.6078125 0.3203125 0.03125 0.0578125
1 0.6546875 0.2859375 0.02421875 0.0515625
1 0.65078125 0.21015625 0.01875 0.04375
1 0.6515625 0.18125 0.01640625 0.0296875
1 0.69140625 0.15078125 0.01328125 0.0234375
1 0.70390625 0.1484375 0.0125 0.028125
1 0.71484375 0.16796875 0.015625 0.0296875
1 0.69375 0.17578125 0.01796875 0.04140625
1 0.72421875 0.11796875 0.0125 0.02578125
1 0.74453125 0.13671875 0.01484375 0.03203125
1 0.7578125 0.12890625 0.01484375 0.028125
1 0.759375 0.1609375 0.01640625 0.03984375
1 0.7796875 0.1625 0.01640625 0.03203125
1 0.775 0.1421875 0.0125 0.0296875
1 0.7625 0.2125 0.0203125 0.03984375
1 0.72890625 0.20078125 0.01640625 0.03203125
1 0.725 0.22890625 0.01875 0.0375
1 0.75234375 0.23671875 0.01796875 0.04140625
1 0.69609375 0.2875 0.02109375 0.04765625
1 0.75625 0.284375 0.02109375 0.04921875
1 0.8375 0.32265625 0.0234375 0.05390625
1 0.853125 0.234375 0.02109375 0.04375
1 0.9125 0.25390625 0.02109375 0.04765625
1 0.90078125 0.23046875 0.01796875 0.03203125
1 0.88359375 0.20234375 0.01640625 0.03984375
1 0.87578125 0.16640625 0.01484375 0.028125
1 0.8875 0.1625 0.015625 0.03203125
1 0.8515625 0.165625 0.015625 0.0296875
1 0.83515625 0.18359375 0.015625 0.0375
1 0.8203125 0.209375 0.01875 0.0375
1 0.83046875 0.15703125 0.015625 0.028125