1 0.05859375 0.29765625 0.06015625 0.09296875
1 0.02421875 0.35703125 0.0484375 0.0671875
1 0.08515625 0.3625 0.03828125 0.0609375
1 0.11796875 0.3671875 0.04609375 0.065625
1 0.140625 0.35703125 0.02734375 0.05859375
1 0.15546875 0.3734375 0.021875 0.04140625
1 0.16640625 0.38046875 0.021875 0.053125
1 0.2203125 0.38359375 0.028125 0.04453125
1 0.24453125 0.38359375 0.03359375 0.05546875
1 0.27265625 0.38359375 0.028125 0.0390625
1 0.31171875 0.38203125 0.021875 0.0390625
1 0.32734375 0.38203125 0.02578125 0.05
1 0.36875 0.3796875 0.03125 0.0484375
1 0.3953125 0.37421875 0.028125 0.040625
1 0.41796875 0.3453125 0.04140625 0.0625
1 0.52109375 0.3734375 0.05390625 0.075
1 0.67421875 0.3765625 0.02421875 0.05
1 0.6984375 0.38984375 0.02421875 0.04296875
1 0.7328125 0.33359375 0.03203125 0.053125
1 0.77890625 0.371875 0.04453125 0.065625
1 0.83671875 0.321875 0.04375 0.08046875
1 0.86875 0.309375 0.06484375 0.096875
1 0.959375 0.3171875 0.06015625 0.11796875