1 0.04921875 0.3390625 0.01796875 0.03203125
1 0.35 0.26328125 0.02265625 0.046875
1 0.38984375 0.25234375 0.01875 0.0453125
1 0.4109375 0.25703125 0.01953125 0.05
1 0.44453125 0.18203125 0.015625 0.03671875
1 0.478125 0.17890625 0.0203125 0.03203125
1 0.46015625 0.2171875 0.021875 0.03828125
1 0.48046875 0.215625 0.02265625 0.03515625
1 0.49140625 0.19453125 0.0171875 0.028125
1 0.48984375 0.2984375 0.02734375 0.046875
1 0.60625 0.259375 0.02578125 0.04140625
1 0.5890625 0.08515625 0.0171875 0.03671875
1 0.6859375 0.0609375 0.01484375 0.028125
1 0.71875 0.18203125 0.0171875 0.03671875
1 0.75234375 0.21640625 0.0203125 0.03671875
1 0.57734375 0.125 0.01796875 0.0265625