1 0.078125 0.3 0.02421875 0.04921875
1 0.3171875 0.23203125 0.01796875 0.04921875
1 0.33671875 0.18359375 0.0203125 0.0390625
1 0.3546875 0.2015625 0.0171875 0.0328125
1 0.4171875 0.19921875 0.01796875 0.03671875
1 0.42265625 0.1734375 0.01484375 0.0390625
1 0.453125 0.203125 0.01796875 0.04140625
1 0.44453125 0.1515625 0.015625 0.0328125
1 0.47734375 0.18359375 0.0171875 0.0390625
1 0.484375 0.2234375 0.02265625 0.04921875
1 0.46796875 0.15 0.0125 0.02890625
1 0.47265625 0.128125 0.01484375 0.03515625
1 0.48828125 0.15703125 0.01484375 0.03046875
1 0.5140625 0.16015625 0.015625 0.04140625
1 0.5046875 0.140625 0.01484375 0.0265625
1 0.515625 0.11171875 0.01484375 0.0265625
1 0.528125 0.1265625 0.01484375 0.0265625
1 0.53671875 0.146875 0.01328125 0.03046875
1 0.5484375 0.165625 0.01328125 0.03515625
1 0.5515625 0.18671875 0.01953125 0.0328125
1 0.553125 0.1171875 0.01171875 0.025
1 0.5609375 0.14296875 0.01328125 0.03046875
1 0.5859375 0.1609375 0.01796875 0.0390625
1 0.6 0.1375 0.0125 0.02890625
1 0.59296875 0.10859375 0.01328125 0.02890625
1 0.60546875 0.11796875 0.0125 0.0265625
1 0.60859375 0.10078125 0.01171875 0.02890625
1 0.63046875 0.14296875 0.01328125 0.03046875
1 0.63125 0.1140625 0.015625 0.0265625
1 0.64453125 0.10703125 0.0125 0.02890625
1 0.64921875 0.140625 0.01171875 0.0265625
1 0.65703125 0.13046875 0.0125 0.02265625
1 0.665625 0.11171875 0.01171875 0.02265625
1 0.68828125 0.1203125 0.01328125 0.0265625
1 0.5765625 0.25078125 0.025 0.053125
1 0.51171875 0.28828125 0.02734375 0.059375
1 0.590625 0.3046875 0.0296875 0.06796875
1 0.58046875 0.28515625 0.021875 0.04921875
1 0.6296875 0.25546875 0.02421875 0.05546875
1 0.625 0.203125 0.02421875 0.0453125
1 0.6734375 0.21171875 0.0203125 0.053125
1 0.6625 0.32421875 0.034375 0.06171875
1 0.65703125 0.28359375 0.02578125 0.0453125
1 0.72265625 0.228125 0.021875 0.04921875
1 0.70390625 0.19921875 0.021875 0.053125
1 0.6734375 0.17578125 0.01796875 0.046875
1 0.71015625 0.16015625 0.015625 0.03671875
1 0.75 0.125 0.01796875 0.04140625
1 0.7375 0.1734375 0.01796875 0.04296875
1 0.76484375 0.14765625 0.015625 0.03671875
1 0.76875 0.12109375 0.01328125 0.02890625
1 0.78046875 0.13984375 0.015625 0.03671875
1 0.775 0.1828125 0.0171875 0.03671875
1 0.78828125 0.209375 0.0203125 0.04921875
1 0.8046875 0.1609375 0.01328125 0.03515625
1 0.81484375 0.19296875 0.01796875 0.04140625
1 0.82734375 0.1796875 0.015625 0.03515625
1 0.8421875 0.15625 0.01484375 0.0328125
1 0.846875 0.1828125 0.0171875 0.0328125
1 0.84453125 0.21328125 0.01796875 0.04140625
1 0.8 0.28203125 0.02421875 0.059375
1 0.81015625 0.2578125 0.025 0.046875
1 0.82890625 0.3046875 0.028125 0.059375
1 0.8171875 0.3671875 0.0390625 0.078125
1 0.68359375 0.37265625 0.040625 0.08046875
1 0.89921875 0.43046875 0.03984375 0.0921875
1 0.9125 0.33125 0.02734375 0.071875
1 0.8734375 0.2546875 0.025 0.04921875
1 0.88515625 0.22109375 0.0203125 0.046875
1 0.86796875 0.18359375 0.01796875 0.04296875
1 0.875 0.159375 0.01328125 0.03046875
1 0.88203125 0.14921875 0.01328125 0.03046875
1 0.89921875 0.159375 0.01484375 0.03046875
1 0.9109375 0.1640625 0.0125 0.02890625
1 0.91171875 0.240625 0.021875 0.04140625
1 0.92890625 0.28125 0.02421875 0.04921875
1 0.93125 0.2328125 0.01484375 0.03046875
1 0.94453125 0.21484375 0.01484375 0.03046875
1 0.94140625 0.17265625 0.01953125 0.04140625