1 0.1296875 0.61875 0.0296875 0.075
1 0.075 0.49609375 0.01875 0.05703125
1 0.06171875 0.415625 0.01640625 0.06015625
1 0.20859375 0.49921875 0.02109375 0.0515625
1 0.21171875 0.35 0.01640625 0.05703125
1 0.2453125 0.29921875 0.0171875 0.053125
1 0.1734375 0.2640625 0.015625 0.0421875
1 0.18125 0.1859375 0.01328125 0.0421875
1 0.12109375 0.20859375 0.0125 0.03671875
1 0.15703125 0.1515625 0.0109375 0.02890625
1 0.04921875 0.2296875 0.01171875 0.03125
1 0.22578125 0.1453125 0.01328125 0.02734375
1 0.25859375 0.12265625 0.0125 0.02890625
1 0.29375 0.1625 0.01484375 0.0328125
1 0.29140625 0.20234375 0.01328125 0.034375
1 0.3125 0.23515625 0.01484375 0.03125
1 0.35859375 0.225 0.0125 0.03671875
1 0.38203125 0.17109375 0.01328125 0.034375
1 0.3640625 0.08203125 0.01015625 0.02890625
1 0.39609375 0.090625 0.0109375 0.02734375
1 0.43828125 0.08984375 0.0109375 0.02578125
1 0.42265625 0.16328125 0.0125 0.034375
1 0.45546875 0.28828125 0.015625 0.04609375
1 0.4703125 0.13046875 0.0125 0.03125
1 0.471875 0.1671875 0.0140625 0.02734375
1 0.48671875 0.11484375 0.0125 0.02890625
1 0.48828125 0.071875 0.009375 0.0234375
1 0.51484375 0.10390625 0.0109375 0.02578125
1 0.4828125 0.2203125 0.01484375 0.0421875
1 0.51328125 0.17109375 0.0125 0.034375
1 0.546875 0.0734375 0.0109375 0.02578125
1 0.5796875 0.09296875 0.01015625 0.021875
1 0.61015625 0.12890625 0.01171875 0.03125
1 0.62734375 0.109375 0.0125 0.021875
1 0.57890625 0.1984375 0.01484375 0.034375
1 0.5515625 0.303125 0.0171875 0.04375
1 0.61796875 0.234375 0.015625 0.0328125
1 0.6609375 0.15078125 0.0109375 0.02734375
1 0.5421875 0.47890625 0.025 0.065625
1 0.69453125 0.35078125 0.015625 0.04765625
1 0.721875 0.2734375 0.01484375 0.03828125
1 0.71484375 0.209375 0.0125 0.034375
1 0.734375 0.2109375 0.0125 0.02734375
1 0.7859375 0.2140625 0.0125 0.02890625
1 0.8265625 0.23984375 0.01484375 0.03671875
1 0.79609375 0.378125 0.0203125 0.04375
1 0.86328125 0.2734375 0.0140625 0.03125
1 0.88203125 0.3 0.01484375 0.03671875
1 0.93984375 0.37109375 0.0140625 0.03984375