1 0.1671875 0.4859375 0.040625 0.08046875
1 0.24921875 0.2609375 0.01484375 0.03203125
1 0.27109375 0.25859375 0.01796875 0.03359375
1 0.290625 0.26484375 0.01875 0.04140625
1 0.309375 0.26640625 0.01875 0.0484375
1 0.30859375 0.2171875 0.01875 0.03359375
1 0.32890625 0.21875 0.01796875 0.03671875
1 0.34765625 0.21875 0.01796875 0.03984375
1 0.34375 0.26015625 0.02109375 0.03984375
1 0.3671875 0.27109375 0.01796875 0.04140625
1 0.37109375 0.184375 0.01328125 0.028125
1 0.39453125 0.20859375 0.01875 0.03359375
1 0.40390625 0.271875 0.02421875 0.053125
1 0.42890625 0.23515625 0.02109375 0.03671875
1 0.41484375 0.18203125 0.01484375 0.0296875
1 0.40078125 0.17421875 0.01484375 0.03203125
1 0.446875 0.18515625 0.01953125 0.03359375
1 0.471875 0.228125 0.021875 0.0453125
1 0.4796875 0.19375 0.01640625 0.03359375
1 0.49921875 0.19296875 0.01796875 0.03515625
1 0.48125 0.16796875 0.01328125 0.028125
1 0.47109375 0.15625 0.0171875 0.03203125
1 0.45546875 0.1421875 0.01328125 0.0265625
1 0.49375 0.1234375 0.0125 0.0265625
1 0.5375 0.184375 0.01796875 0.03515625
1 0.55390625 0.15546875 0.01328125 0.0296875
1 0.56953125 0.1625 0.01640625 0.03828125
1 0.5640625 0.13984375 0.0109375 0.0265625
1 0.5484375 0.1234375 0.0140625 0.0296875
1 0.575 0.1234375 0.0125 0.0296875
1 0.5953125 0.1328125 0.0109375 0.028125
1 0.61171875 0.13203125 0.0140625 0.03359375
1 0.61953125 0.1390625 0.01328125 0.028125
1 0.6453125 0.12421875 0.0109375 0.03203125
1 0.64921875 0.10703125 0.009375 0.0234375
1 0.6734375 0.1125 0.0125 0.028125
1 0.6265625 0.1828125 0.0171875 0.03515625
1 0.55 0.2390625 0.02265625 0.046875
1 0.490625 0.303125 0.03046875 0.05859375
1 0.5765625 0.2859375 0.02421875 0.05859375
1 0.59921875 0.328125 0.0328125 0.06875
1 0.61875 0.2484375 0.02734375 0.053125
1 0.67421875 0.23671875 0.02421875 0.05
1 0.6703125 0.19375 0.01953125 0.04375
1 0.66015625 0.16953125 0.01640625 0.03515625
1 0.6828125 0.14296875 0.0171875 0.03515625
1 0.70390625 0.14375 0.01328125 0.0265625
1 0.71875 0.15859375 0.0171875 0.03671875
1 0.70078125 0.1796875 0.01796875 0.03828125
1 0.7171875 0.22109375 0.0265625 0.0515625
1 0.7125 0.271875 0.0265625 0.05
1 0.77109375 0.275 0.02265625 0.05546875
1 0.77578125 0.22421875 0.02421875 0.0515625
1 0.734375 0.19453125 0.021875 0.0484375
1 0.75625 0.16171875 0.01640625 0.03671875
1 0.77265625 0.18203125 0.01484375 0.03671875
1 0.73984375 0.14453125 0.0171875 0.03203125
1 0.73828125 0.1140625 0.0140625 0.028125
1 0.7640625 0.12734375 0.01484375 0.03203125
1 0.7859375 0.146875 0.0140625 0.03359375
1 0.80234375 0.1625 0.01796875 0.0453125
1 0.84296875 0.3375 0.03125 0.05703125
1 0.85625 0.24765625 0.028125 0.05546875
1 0.84921875 0.2171875 0.02421875 0.03984375
1 0.8328125 0.14375 0.0171875 0.0296875
1 0.8625 0.14765625 0.01640625 0.03828125
1 0.878125 0.1625 0.01328125 0.03515625
1 0.8953125 0.14921875 0.01328125 0.03203125
1 0.8921875 0.19140625 0.01875 0.03828125
1 0.91875 0.221875 0.0171875 0.03984375
1 0.91484375 0.2640625 0.02578125 0.053125