1 0.24921875 0.23515625 0.02109375 0.0375
1 0.3109375 0.21640625 0.02109375 0.040625
1 0.32578125 0.2390625 0.0203125 0.040625
1 0.328125 0.18125 0.015625 0.0375
1 0.3421875 0.1734375 0.01875 0.04609375
1 0.35703125 0.23203125 0.025 0.04453125
1 0.3859375 0.2671875 0.02421875 0.04609375
1 0.38046875 0.23125 0.0234375 0.0359375
1 0.3921875 0.1859375 0.0203125 0.0375
1 0.375 0.16015625 0.01796875 0.0375
1 0.37890625 0.1484375 0.0140625 0.02734375
1 0.41953125 0.15078125 0.01953125 0.0390625
1 0.4375 0.14921875 0.01953125 0.0359375
1 0.45078125 0.19296875 0.021875 0.04453125
1 0.4671875 0.2046875 0.02109375 0.04765625
1 0.47578125 0.1390625 0.01796875 0.0328125
1 0.46953125 0.1640625 0.01875 0.034375
1 0.4859375 0.1828125 0.01796875 0.0375
1 0.52109375 0.16796875 0.021875 0.0359375
1 0.478125 0.1 0.01328125 0.02890625
1 0.52265625 0.1265625 0.01796875 0.04453125
1 0.54375 0.12734375 0.021875 0.04296875
1 0.55703125 0.11484375 0.015625 0.0328125
1 0.55546875 0.084375 0.0140625 0.0328125
1 0.57734375 0.0859375 0.01484375 0.02890625
1 0.59765625 0.12578125 0.01875 0.0359375
1 0.6 0.0984375 0.01484375 0.02578125
1 0.63125 0.0984375 0.015625 0.0328125
1 0.640625 0.08359375 0.01328125 0.02734375
1 0.671875 0.09140625 0.01875 0.02890625
1 0.5734375 0.140625 0.02109375 0.0390625
1 0.5015625 0.2625 0.025 0.0578125
1 0.54453125 0.21015625 0.02421875 0.0546875
1 0.5703125 0.25703125 0.028125 0.06640625
1 0.59921875 0.24609375 0.02578125 0.0546875
1 0.60546875 0.32265625 0.034375 0.071875
1 0.64765625 0.2375 0.02578125 0.0578125
1 0.61953125 0.15625 0.01875 0.04296875
1 0.65234375 0.165625 0.0203125 0.04453125
1 0.6921875 0.15546875 0.01875 0.040625
1 0.6859375 0.12265625 0.01796875 0.0375
1 0.7015625 0.11171875 0.01796875 0.0390625
1 0.71484375 0.146875 0.01796875 0.040625
1 0.7046875 0.2796875 0.02890625 0.0546875
1 0.70390625 0.2234375 0.0296875 0.0515625
1 0.7515625 0.20234375 0.025 0.05625
1 0.74453125 0.28828125 0.02890625 0.0578125
1 0.8328125 0.275 0.0265625 0.06484375
1 0.8359375 0.2375 0.0203125 0.04765625
1 0.8328125 0.18203125 0.02109375 0.04296875
1 0.79765625 0.15234375 0.01875 0.04609375
1 0.77421875 0.1828125 0.01640625 0.04453125
1 0.73671875 0.1578125 0.01875 0.0328125
1 0.72421875 0.09609375 0.01484375 0.0328125
1 0.7359375 0.13046875 0.0203125 0.02890625
1 0.75546875 0.1015625 0.01484375 0.0328125
1 0.76953125 0.12109375 0.0140625 0.03046875
1 0.81640625 0.10234375 0.01640625 0.034375
1 0.83671875 0.12421875 0.01484375 0.0375
1 0.8765625 0.1546875 0.01875 0.0390625
1 0.90546875 0.24296875 0.02421875 0.05625
1 0.89921875 0.190625 0.01640625 0.04609375
1 0.878125 0.13046875 0.01640625 0.0359375