1 0.10859375 0.25859375 0.0171875 0.04609375
1 0.2953125 0.23359375 0.01328125 0.0328125
1 0.2984375 0.21171875 0.0140625 0.02578125
1 0.33671875 0.21796875 0.0140625 0.03515625
1 0.3578125 0.22109375 0.015625 0.03671875
1 0.35625 0.19453125 0.0140625 0.02734375
1 0.35 0.175 0.01328125 0.0328125
1 0.38046875 0.19609375 0.0140625 0.02734375
1 0.38359375 0.22734375 0.015625 0.0390625
1 0.396875 0.2078125 0.015625 0.0328125
1 0.41796875 0.23203125 0.0140625 0.0296875
1 0.4109375 0.25390625 0.01875 0.03671875
1 0.409375 0.15859375 0.0109375 0.02578125
1 0.42890625 0.16171875 0.0125 0.0296875
1 0.4515625 0.15625 0.0140625 0.0296875
1 0.4484375 0.1953125 0.0171875 0.0328125
1 0.465625 0.20546875 0.01875 0.0390625
1 0.428125 0.18984375 0.01328125 0.02578125
1 0.50390625 0.1796875 0.01640625 0.03125
1 0.49921875 0.15390625 0.0140625 0.02734375
1 0.4921875 0.13828125 0.0125 0.02578125
1 0.50703125 0.12734375 0.01015625 0.021875
1 0.5359375 0.13203125 0.015625 0.02734375
1 0.52890625 0.1734375 0.0171875 0.03671875
1 0.5640625 0.18203125 0.015625 0.0328125
1 0.54609375 0.1734375 0.01328125 0.021875
1 0.57109375 0.159375 0.015625 0.02734375
1 0.55625 0.134375 0.0125 0.0296875
1 0.559375 0.125 0.0109375 0.01875
1 0.5828125 0.134375 0.0125 0.0296875
1 0.6046875 0.11875 0.00859375 0.01640625
1 0.61875 0.11796875 0.0125 0.021875
1 0.6015625 0.1390625 0.0140625 0.0203125
1 0.61328125 0.1578125 0.01328125 0.03125
1 0.64609375 0.11484375 0.01328125 0.02421875
1 0.6515625 0.10234375 0.00859375 0.01640625
1 0.665625 0.10625 0.009375 0.0203125
1 0.66953125 0.1203125 0.0109375 0.0203125
1 0.6609375 0.14375 0.0140625 0.0328125
1 0.640625 0.15 0.0140625 0.02734375
1 0.6296875 0.13828125 0.0125 0.021875
1 0.67734375 0.18046875 0.0140625 0.0328125
1 0.6875 0.13203125 0.0125 0.02734375
1 0.6921875 0.109375 0.0109375 0.02421875
1 0.715625 0.1125 0.0125 0.02578125
1 0.6328125 0.21015625 0.0171875 0.0328125
1 0.60234375 0.2265625 0.0203125 0.04453125
1 0.646875 0.24375 0.021875 0.0421875
1 0.6890625 0.21953125 0.0171875 0.040625
1 0.6984375 0.2546875 0.01953125 0.0421875
1 0.70390625 0.3125 0.02890625 0.05703125
1 0.7546875 0.38046875 0.028125 0.06796875
1 0.709375 0.17890625 0.015625 0.0296875
1 0.7234375 0.1765625 0.01640625 0.03671875
1 0.74140625 0.14609375 0.015625 0.03515625
1 0.74375 0.16796875 0.01640625 0.0328125
1 0.73828125 0.2359375 0.01875 0.040625
1 0.76796875 0.19921875 0.01640625 0.040625
1 0.771875 0.246875 0.0203125 0.040625
1 0.7671875 0.1328125 0.01328125 0.0296875
1 0.78671875 0.1328125 0.0109375 0.0296875
1 0.79375 0.1453125 0.01015625 0.02578125
1 0.8109375 0.1390625 0.01015625 0.02421875
1 0.8078125 0.16875 0.0125 0.02421875
1 0.80703125 0.20625 0.0125 0.03671875
1 0.825 0.20234375 0.01328125 0.0296875
1 0.80625 0.284375 0.02578125 0.04609375
1 0.84296875 0.2515625 0.021875 0.05
1 0.85 0.21328125 0.0140625 0.0296875
1 0.8390625 0.175 0.0109375 0.02578125
1 0.8453125 0.16484375 0.0109375 0.02421875
1 0.8421875 0.1359375 0.0109375 0.02578125
1 0.8625 0.1515625 0.0125 0.02734375
1 0.88046875 0.16328125 0.01015625 0.02421875
1 0.8765625 0.17734375 0.0125 0.02734375
1 0.8890625 0.23359375 0.01640625 0.03671875
1 0.90234375 0.2171875 0.01640625 0.03671875
1 0.91640625 0.18125 0.01328125 0.03125
1 0.9203125 0.15390625 0.01328125 0.0203125
1 0.95703125 0.19375 0.0140625 0.0296875
1 0.94375 0.21171875 0.0140625 0.0296875
1 0.93125 0.225 0.0140625 0.02578125
1 0.93671875 0.24765625 0.0171875 0.0390625
1 0.91015625 0.3546875 0.02578125 0.05703125