1 0.02890625 0.34453125 0.0453125 0.08125
1 0.12109375 0.47265625 0.10859375 0.17109375
1 0.1421875 0.334375 0.03828125 0.06796875
1 0.1921875 0.34140625 0.03828125 0.08125
1 0.21640625 0.32265625 0.0265625 0.059375
1 0.25859375 0.31875 0.04296875 0.07890625
1 0.2875 0.33203125 0.025 0.0625
1 0.2296875 0.41875 0.05703125 0.121875
1 0.35 0.478125 0.1265625 0.2578125
1 0.35078125 0.32109375 0.028125 0.0515625
1 0.39453125 0.3390625 0.03828125 0.07578125
1 0.434375 0.31015625 0.028125 0.05703125
1 0.61484375 0.21796875 0.0265625 0.05703125
1 0.6625 0.3265625 0.0515625 0.084375
1 0.93046875 0.50546875 0.0953125 0.1921875
1 0.95546875 0.3984375 0.078125 0.140625
1 0.91953125 0.31875 0.03828125 0.0734375
1 0.90546875 0.37421875 0.04140625 0.0921875