1 0.184375 0.4515625 0.053125 0.0875
1 0.31015625 0.2390625 0.02734375 0.0484375
1 0.3421875 0.20859375 0.02265625 0.03828125
1 0.89140625 0.46171875 0.04140625 0.10078125
1 0.41015625 0.165625 0.02109375 0.025
1 0.44140625 0.1515625 0.01484375 0.03203125
1 0.415625 0.21328125 0.02109375 0.03359375
1 0.42734375 0.17890625 0.01640625 0.02890625
1 0.4421875 0.23125 0.02265625 0.040625
1 0.4765625 0.23203125 0.02734375 0.03828125
1 0.4703125 0.1328125 0.02265625 0.0203125
1 0.4578125 0.175 0.01953125 0.03828125
1 0.47421875 0.18359375 0.0234375 0.0421875
1 0.49140625 0.14140625 0.0171875 0.03828125
1 0.5125 0.14765625 0.01484375 0.03359375
1 0.5328125 0.115625 0.0140625 0.03046875
1 0.54296875 0.125 0.01796875 0.02890625
1 0.54375 0.20078125 0.01953125 0.03828125
1 0.53203125 0.16328125 0.01640625 0.03203125
1 0.56171875 0.15703125 0.01640625 0.0421875
1 0.59765625 0.16171875 0.02578125 0.0453125
1 0.621875 0.14609375 0.02265625 0.03359375
1 0.653125 0.14921875 0.01875 0.046875
1 0.49140625 0.30625 0.03046875 0.05859375
1 0.56328125 0.26640625 0.02734375 0.06015625
1 0.58203125 0.29140625 0.03203125 0.071875
1 0.61015625 0.22265625 0.0265625 0.0421875
1 0.6609375 0.23203125 0.0265625 0.03828125
1 0.6234375 0.3 0.03671875 0.07734375
1 0.66875 0.2875 0.0328125 0.0453125
1 0.68046875 0.3421875 0.03125 0.0703125
1 0.6640625 0.1921875 0.02109375 0.0453125
1 0.75078125 0.08671875 0.01796875 0.03828125
1 0.69296875 0.171875 0.0234375 0.03203125
1 0.71796875 0.1734375 0.021875 0.02890625
1 0.71015625 0.24140625 0.028125 0.06015625
1 0.73515625 0.18671875 0.021875 0.0453125
1 0.7515625 0.16328125 0.0171875 0.0421875
1 0.77578125 0.18671875 0.02109375 0.03828125
1 0.79375 0.10234375 0.02109375 0.03671875
1 0.7875 0.2171875 0.02265625 0.0421875
1 0.7984375 0.1828125 0.028125 0.04375
1 0.809375 0.20390625 0.01796875 0.03828125
1 0.8296875 0.175 0.0171875 0.03828125
1 0.80546875 0.3015625 0.02578125 0.071875
1 0.8453125 0.225 0.01640625 0.03671875
1 0.84140625 0.31484375 0.02734375 0.065625
1 0.86015625 0.19140625 0.02109375 0.03671875
1 0.88515625 0.24296875 0.0234375 0.05703125
1 0.88515625 0.20078125 0.01484375 0.0421875
1 0.90234375 0.2 0.01875 0.040625
1 0.93125 0.25 0.02578125 0.05390625
1 0.92421875 0.30703125 0.025 0.05
1 0.9078125 0.375 0.03671875 0.05859375
1 0.8671875 0.30390625 0.02578125 0.046875