1 0.071875 0.41953125 0.0390625 0.06796875
1 0.253125 0.28515625 0.01953125 0.03203125
1 0.27890625 0.275 0.0171875 0.03203125
1 0.2984375 0.26171875 0.01484375 0.03046875
1 0.3046875 0.22890625 0.01328125 0.02421875
1 0.3421875 0.2703125 0.0171875 0.034375
1 0.38984375 0.29453125 0.01796875 0.034375
1 0.36484375 0.2125 0.0125 0.02421875
1 0.384375 0.21875 0.015625 0.02421875
1 0.390625 0.196875 0.01015625 0.0203125
1 0.40234375 0.175 0.0125 0.02421875
1 0.41953125 0.21796875 0.01484375 0.03046875
1 0.44140625 0.19140625 0.01328125 0.021875
1 0.4171875 0.1875 0.0125 0.021875
1 0.45078125 0.17265625 0.01171875 0.02421875
1 0.4765625 0.2265625 0.01796875 0.03203125
1 0.44453125 0.22265625 0.0171875 0.028125
1 0.4859375 0.19765625 0.01328125 0.02578125
1 0.471875 0.19375 0.015625 0.02578125
1 0.47421875 0.16171875 0.0125 0.021875
1 0.46015625 0.15546875 0.0125 0.02578125
1 0.4484375 0.1484375 0.01171875 0.0203125
1 0.484375 0.12734375 0.0125 0.021875
1 0.51796875 0.20859375 0.01953125 0.028125
1 0.49609375 0.18046875 0.01328125 0.02421875
1 0.51171875 0.1609375 0.01015625 0.02421875
1 0.52578125 0.1328125 0.0125 0.0203125
1 0.53984375 0.16328125 0.0125 0.02578125
1 0.5671875 0.1703125 0.01484375 0.028125
1 0.54296875 0.1375 0.01015625 0.01796875
1 0.5578125 0.11640625 0.01015625 0.02421875
1 0.57421875 0.1515625 0.01328125 0.02578125
1 0.58203125 0.1265625 0.0125 0.028125
1 0.59296875 0.09921875 0.01015625 0.021875
1 0.6109375 0.1015625 0.01171875 0.021875
1 0.6203125 0.14375 0.01328125 0.03046875
1 0.6015625 0.13984375 0.0125 0.021875
1 0.6390625 0.1265625 0.01484375 0.028125
1 0.646875 0.103125 0.01015625 0.021875
1 0.62734375 0.12421875 0.0078125 0.01640625
1 0.48828125 0.2828125 0.02421875 0.04453125
1 0.5578125 0.23828125 0.015625 0.03828125
1 0.55625 0.29140625 0.02734375 0.03984375
1 0.59921875 0.33359375 0.02421875 0.05234375
1 0.66875 0.334375 0.02578125 0.05390625
1 0.6640625 0.259375 0.02578125 0.04453125
1 0.6015625 0.25078125 0.021875 0.0484375
1 0.6015625 0.2015625 0.01796875 0.03046875
1 0.64609375 0.175 0.015625 0.03203125
1 0.65546875 0.2140625 0.0171875 0.0421875
1 0.6984375 0.21953125 0.01796875 0.0421875
1 0.70234375 0.29921875 0.021875 0.04453125
1 0.77265625 0.3015625 0.01953125 0.0484375
1 0.74921875 0.21953125 0.021875 0.0421875
1 0.73515625 0.1765625 0.015625 0.0359375
1 0.753125 0.1609375 0.01328125 0.03203125
1 0.69296875 0.1765625 0.015625 0.0359375
1 0.67109375 0.1484375 0.01328125 0.028125
1 0.67734375 0.121875 0.0125 0.02578125
1 0.67265625 0.1046875 0.01328125 0.02421875
1 0.70234375 0.14453125 0.01484375 0.028125
1 0.72578125 0.1234375 0.01328125 0.03046875
1 0.7421875 0.128125 0.01484375 0.028125
1 0.75546875 0.12578125 0.01171875 0.02578125
1 0.7734375 0.12578125 0.01171875 0.021875
1 0.75 0.10234375 0.0125 0.02421875
1 0.7921875 0.13046875 0.0125 0.028125
1 0.8046875 0.12578125 0.01171875 0.02578125
1 0.82734375 0.1421875 0.01328125 0.028125
1 0.83671875 0.1890625 0.01484375 0.028125
1 0.79921875 0.16953125 0.01484375 0.034375
1 0.8125 0.23203125 0.021875 0.03828125
1 0.86640625 0.228125 0.0171875 0.0421875
1 0.9125 0.2828125 0.0203125 0.0484375
1 0.9171875 0.19375 0.015625 0.03828125
1 0.9171875 0.1578125 0.01015625 0.021875
1 0.8859375 0.16875 0.0125 0.028125
1 0.89140625 0.1328125 0.01484375 0.03203125
1 0.87734375 0.1890625 0.01484375 0.03203125
1 0.8671875 0.134375 0.01171875 0.02421875