1 0.21640625 0.35625 0.0453125 0.0984375
1 0.2921875 0.253125 0.01796875 0.0328125
1 0.35234375 0.22265625 0.015625 0.03125
1 0.43515625 0.27734375 0.021875 0.0390625
1 0.3515625 0.26953125 0.0234375 0.04296875
1 0.390625 0.21953125 0.0171875 0.028125
1 0.3921875 0.19453125 0.01953125 0.028125
1 0.42734375 0.21875 0.015625 0.0359375
1 0.44765625 0.228125 0.0171875 0.0359375
1 0.43046875 0.17265625 0.01328125 0.0359375
1 0.45546875 0.15 0.01328125 0.028125
1 0.471875 0.1984375 0.0171875 0.0296875
1 0.45 0.19453125 0.01484375 0.028125
1 0.48828125 0.1640625 0.01328125 0.02265625
1 0.5078125 0.16875 0.0125 0.0265625
1 0.521875 0.1453125 0.01328125 0.028125
1 0.49140625 0.134375 0.009375 0.02265625
1 0.50390625 0.203125 0.0140625 0.028125
1 0.5390625 0.203125 0.0171875 0.028125
1 0.55390625 0.165625 0.0140625 0.0359375
1 0.571875 0.16328125 0.01328125 0.03125
1 0.54296875 0.13046875 0.01015625 0.02109375
1 0.5640625 0.1234375 0.01015625 0.0265625
1 0.584375 0.15390625 0.01796875 0.0375
1 0.59296875 0.06015625 0.0109375 0.02109375
1 0.64375 0.059375 0.009375 0.01953125
1 0.69140625 0.05703125 0.01328125 0.028125
1 0.62109375 0.1171875 0.01015625 0.02109375
1 0.61484375 0.134375 0.01015625 0.02265625
1 0.48671875 0.32265625 0.0234375 0.0375
1 0.55859375 0.29140625 0.021875 0.05078125
1 0.57265625 0.25859375 0.0171875 0.034375
1 0.615625 0.2546875 0.01796875 0.04609375
1 0.62109375 0.21171875 0.01875 0.0390625
1 0.6203125 0.32265625 0.03046875 0.0609375
1 0.68359375 0.32578125 0.0234375 0.05390625
1 0.67109375 0.265625 0.0203125 0.04921875
1 0.7203125 0.28671875 0.0234375 0.04765625
1 0.78359375 0.3140625 0.0265625 0.04765625
1 0.67890625 0.21484375 0.0203125 0.0328125
1 0.72109375 0.21640625 0.01953125 0.0359375
1 0.70625 0.18671875 0.0140625 0.03125
1 0.68828125 0.1625 0.0140625 0.0328125
1 0.69765625 0.1109375 0.01015625 0.03125
1 0.71484375 0.14453125 0.01484375 0.0328125
1 0.740625 0.16875 0.0171875 0.0296875
1 0.74296875 0.13046875 0.01328125 0.028125
1 0.76171875 0.15 0.0125 0.03125
1 0.76328125 0.11640625 0.0109375 0.02265625
1 0.7703125 0.065625 0.0125 0.0265625
1 0.8390625 0.07109375 0.01484375 0.03125
1 0.80703125 0.13203125 0.0109375 0.03125
1 0.78359375 0.12578125 0.0109375 0.025
1 0.75625 0.18828125 0.0234375 0.04140625
1 0.809375 0.18671875 0.01484375 0.0375
1 0.8265625 0.1703125 0.01328125 0.034375
1 0.8578125 0.190625 0.015625 0.0390625
1 0.88203125 0.225 0.0203125 0.04921875
1 0.89296875 0.196875 0.0140625 0.0359375
1 0.9296875 0.184375 0.01484375 0.0375
1 0.9171875 0.1328125 0.0109375 0.0328125
1 0.878125 0.12734375 0.0140625 0.028125
1 0.46484375 0.1625 0.01484375 0.0328125