1 0.1234375 0.4828125 0.05234375 0.1109375
1 0.25546875 0.28125 0.0171875 0.03125
1 0.2671875 0.26953125 0.0171875 0.03125
1 0.28828125 0.28359375 0.01953125 0.0328125
1 0.3015625 0.2546875 0.015625 0.034375
1 0.31171875 0.28359375 0.01796875 0.0359375
1 0.31328125 0.23125 0.015625 0.0328125
1 0.3359375 0.2359375 0.0171875 0.03984375
1 0.340625 0.28125 0.0234375 0.04140625
1 0.3625 0.22578125 0.01796875 0.04609375
1 0.37109375 0.22265625 0.01484375 0.0359375
1 0.40078125 0.29375 0.02734375 0.053125
1 0.4 0.2328125 0.0171875 0.0328125
1 0.38984375 0.20234375 0.0171875 0.034375
1 0.4109375 0.175 0.0171875 0.0328125
1 0.434375 0.21796875 0.01875 0.0359375
1 0.46171875 0.234375 0.021875 0.04921875
1 0.45390625 0.2 0.02265625 0.03984375
1 0.43046875 0.1921875 0.015625 0.028125
1 0.4484375 0.15078125 0.015625 0.028125
1 0.475 0.16328125 0.01796875 0.0296875
1 0.475 0.1453125 0.01328125 0.0234375
1 0.484375 0.13515625 0.0109375 0.0234375
1 0.50703125 0.1875 0.01328125 0.028125
1 0.51484375 0.1625 0.0171875 0.03828125
1 0.53125 0.13828125 0.015625 0.0359375
1 0.5390625 0.19140625 0.01953125 0.03984375
1 0.553125 0.1515625 0.01875 0.0328125
1 0.57109375 0.171875 0.0234375 0.0328125
1 0.56015625 0.1171875 0.0171875 0.0328125
1 0.58671875 0.1453125 0.0171875 0.0265625
1 0.61796875 0.1390625 0.015625 0.03125
1 0.59375 0.09765625 0.01484375 0.0265625
1 0.625 0.103125 0.0125 0.025
1 0.65 0.09765625 0.0109375 0.0265625
1 0.6484375 0.11796875 0.0125 0.02109375
1 0.66640625 0.11796875 0.01484375 0.034375
1 0.696875 0.10234375 0.0171875 0.0296875
1 0.56015625 0.25078125 0.0234375 0.04609375
1 0.484375 0.31015625 0.025 0.053125
1 0.5421875 0.315625 0.0296875 0.0578125
1 0.584375 0.37109375 0.03671875 0.0625
1 0.671875 0.34453125 0.0296875 0.06953125
1 0.61015625 0.26171875 0.025 0.05078125
1 0.61015625 0.20859375 0.0234375 0.04453125
1 0.64609375 0.17265625 0.01953125 0.034375
1 0.6625 0.20703125 0.021875 0.04453125
1 0.66171875 0.2546875 0.0234375 0.0546875
1 0.68359375 0.18125 0.01953125 0.04296875
1 0.7 0.221875 0.021875 0.04765625
1 0.725 0.28515625 0.028125 0.059375
1 0.75 0.25390625 0.0203125 0.05625
1 0.78125 0.2828125 0.02421875 0.0609375
1 0.72734375 0.19921875 0.021875 0.04453125
1 0.6828125 0.1578125 0.02421875 0.04140625
1 0.7171875 0.13359375 0.0171875 0.0328125
1 0.72890625 0.11171875 0.01484375 0.03125
1 0.74375 0.13359375 0.01328125 0.0265625
1 0.740625 0.1671875 0.015625 0.034375
1 0.76484375 0.15703125 0.0171875 0.0328125
1 0.76640625 0.13515625 0.015625 0.0328125
1 0.74921875 0.11640625 0.01328125 0.028125
1 0.77578125 0.1234375 0.0125 0.0296875
1 0.796875 0.13515625 0.015625 0.0296875
1 0.8015625 0.1234375 0.01328125 0.0234375
1 0.83125 0.1328125 0.01484375 0.03125
1 0.815625 0.1671875 0.0171875 0.034375
1 0.79765625 0.18125 0.015625 0.03984375
1 0.8171875 0.26015625 0.0234375 0.04453125
1 0.8453125 0.18984375 0.0171875 0.04296875
1 0.86484375 0.2125 0.01953125 0.0359375
1 0.884375 0.19609375 0.02265625 0.03984375
1 0.86328125 0.159375 0.0171875 0.034375
1 0.86328125 0.1359375 0.0109375 0.028125
1 0.8890625 0.16015625 0.01953125 0.0359375
1 0.896875 0.14140625 0.01484375 0.03125
1 0.92265625 0.203125 0.01953125 0.04296875
1 0.92578125 0.16953125 0.0171875 0.04140625
1 0.92265625 0.29375 0.02890625 0.059375