1 0.11328125 0.509375 0.04140625 0.06796875
1 0.20546875 0.3328125 0.01953125 0.0375
1 0.240625 0.34765625 0.01796875 0.04296875
1 0.26796875 0.2984375 0.01484375 0.0328125
1 0.278125 0.34609375 0.01875 0.03984375
1 0.30625 0.359375 0.01953125 0.04453125
1 0.33046875 0.328125 0.02109375 0.0328125
1 0.33515625 0.2859375 0.0140625 0.021875
1 0.36640625 0.3265625 0.01640625 0.0328125
1 0.39140625 0.33125 0.02265625 0.02890625
1 0.37109375 0.26640625 0.0140625 0.02890625
1 0.4140625 0.23671875 0.0125 0.021875
1 0.4265625 0.25078125 0.0140625 0.03203125
1 0.43515625 0.325 0.02109375 0.0390625
1 0.44765625 0.30546875 0.01640625 0.0328125
1 0.4453125 0.23671875 0.0140625 0.021875
1 0.49140625 0.30546875 0.015625 0.04140625
1 0.45234375 0.403125 0.0265625 0.05390625
1 0.4921875 0.25390625 0.0140625 0.03203125
1 0.5015625 0.26953125 0.0140625 0.0328125
1 0.5125 0.24296875 0.0140625 0.02890625
1 0.53203125 0.2328125 0.0125 0.02890625
1 0.5453125 0.2140625 0.01484375 0.0234375
1 0.56015625 0.2046875 0.01640625 0.021875
1 0.5953125 0.19609375 0.01171875 0.0234375
1 0.559375 0.26796875 0.01484375 0.0359375
1 0.58828125 0.2421875 0.01171875 0.0328125
1 0.62421875 0.21328125 0.0140625 0.025
1 0.6265625 0.23984375 0.01484375 0.03203125
1 0.64765625 0.20859375 0.0140625 0.025
1 0.66328125 0.21875 0.0140625 0.02734375
1 0.68359375 0.2109375 0.01328125 0.0265625
1 0.50859375 0.42109375 0.02734375 0.059375
1 0.52578125 0.34296875 0.02421875 0.046875
1 0.57109375 0.43984375 0.03203125 0.0609375
1 0.571875 0.3796875 0.0234375 0.0484375
1 0.584375 0.32109375 0.021875 0.04140625
1 0.62109375 0.2984375 0.01640625 0.0375
1 0.653125 0.27109375 0.0140625 0.03046875
1 0.6890625 0.24609375 0.01328125 0.0328125
1 0.67109375 0.30625 0.0234375 0.034375
1 0.6984375 0.2859375 0.01796875 0.0375
1 0.64453125 0.35703125 0.01953125 0.05
1 0.67265625 0.35234375 0.01875 0.04296875
1 0.62578125 0.459375 0.03125 0.06328125
1 0.70234375 0.39453125 0.02578125 0.0578125
1 0.6859375 0.53125 0.0359375 0.06953125
1 0.7625 0.4234375 0.028125 0.05546875
1 0.72109375 0.23828125 0.0140625 0.0265625
1 0.7484375 0.21640625 0.01484375 0.02890625
1 0.75078125 0.25 0.015625 0.034375
1 0.76640625 0.26875 0.0171875 0.0375
1 0.7703125 0.23359375 0.01171875 0.0328125
1 0.78671875 0.234375 0.01328125 0.03203125
1 0.8109375 0.2625 0.0140625 0.03046875
1 0.83125 0.24375 0.01171875 0.0359375
1 0.803125 0.2859375 0.01484375 0.0328125
1 0.825 0.29765625 0.01640625 0.0328125
1 0.81640625 0.32421875 0.01796875 0.03984375
1 0.8 0.34609375 0.02109375 0.0484375
1 0.84765625 0.3578125 0.01796875 0.0453125
1 0.83828125 0.43671875 0.025 0.0578125
1 0.80859375 0.478125 0.0265625 0.05703125
1 0.9015625 0.453125 0.0265625 0.059375
1 0.86640625 0.340625 0.01875 0.04453125
1 0.8421875 0.26484375 0.0140625 0.0375
1 0.86484375 0.24921875 0.01171875 0.0359375
1 0.8828125 0.26875 0.01640625 0.03984375
1 0.89765625 0.3109375 0.0171875 0.0359375
1 0.92578125 0.35234375 0.01796875 0.05
1 0.921875 0.29453125 0.01484375 0.0359375
1 0.9265625 0.26875 0.0125 0.0234375
1 0.90078125 0.42578125 0.0265625 0.0359375
1 0.5671875 0.25 0.01328125 0.034375
1 0.3890625 0.2921875 0.01328125 0.02890625
1 0.41875 0.29765625 0.015625 0.03046875
1 0.38828125 0.27109375 0.01328125 0.025
1 0.87421875 0.3015625 0.01484375 0.04140625