1 0.21015625 0.45546875 0.0375 0.08359375
1 0.27578125 0.25390625 0.0234375 0.053125
1 0.3328125 0.146875 0.01796875 0.03359375
1 0.40234375 0.11015625 0.01484375 0.03046875
1 0.41875 0.146875 0.0125 0.02734375
1 0.44375 0.1609375 0.015625 0.03359375
1 0.46796875 0.16953125 0.01796875 0.03828125
1 0.48828125 0.13828125 0.0125 0.02734375
1 0.51328125 0.1390625 0.0125 0.02890625
1 0.534375 0.15 0.01328125 0.03046875
1 0.56171875 0.146875 0.015625 0.03046875
1 0.76015625 0.10546875 0.0171875 0.03515625