1 0.11171875 0.56484375 0.0578125 0.10234375
1 0.23125 0.34375 0.01796875 0.03203125
1 0.2609375 0.346875 0.02109375 0.0390625
1 0.28671875 0.303125 0.01484375 0.03203125
1 0.2875 0.36796875 0.0203125 0.040625
1 0.32109375 0.37890625 0.021875 0.0421875
1 0.35234375 0.33125 0.0140625 0.0328125
1 0.35234375 0.29140625 0.01640625 0.02890625
1 0.378125 0.346875 0.01796875 0.0328125
1 0.38359375 0.2640625 0.0140625 0.02578125
1 0.39609375 0.2875 0.01171875 0.02734375
1 0.4015625 0.3015625 0.0140625 0.02890625
1 0.4046875 0.353125 0.01953125 0.04453125
1 0.42109375 0.26171875 0.01328125 0.021875
1 0.43671875 0.26796875 0.0125 0.02734375
1 0.43203125 0.30703125 0.01796875 0.0375
1 0.446875 0.33203125 0.01953125 0.034375
1 0.46171875 0.30546875 0.0171875 0.0328125
1 0.4484375 0.2515625 0.0109375 0.02734375
1 0.459375 0.240625 0.01328125 0.02578125
1 0.46171875 0.27578125 0.01328125 0.02578125
1 0.47734375 0.2875 0.01640625 0.03046875
1 0.51015625 0.29921875 0.01640625 0.03046875
1 0.49453125 0.32578125 0.01484375 0.0328125
1 0.50703125 0.246875 0.01171875 0.02578125
1 0.521875 0.25625 0.0171875 0.0328125
1 0.53984375 0.23125 0.0125 0.02734375
1 0.55859375 0.221875 0.01015625 0.0203125
1 0.57109375 0.259375 0.015625 0.034375
1 0.5640625 0.2421875 0.0140625 0.02890625
1 0.5640625 0.28203125 0.01484375 0.0390625
1 0.5203125 0.353125 0.0203125 0.04453125
1 0.490625 0.4 0.02265625 0.0515625
1 0.5328125 0.40546875 0.02578125 0.04921875
1 0.590625 0.23046875 0.0109375 0.02421875
1 0.6 0.2078125 0.01171875 0.02890625
1 0.5875 0.25546875 0.01328125 0.02890625
1 0.61875 0.25703125 0.01328125 0.0234375
1 0.62265625 0.23359375 0.01484375 0.02578125
1 0.65 0.22734375 0.01015625 0.02421875
1 0.6625 0.23515625 0.01171875 0.02890625
1 0.671875 0.2296875 0.01171875 0.02890625
1 0.665625 0.26875 0.0140625 0.0328125
1 0.68984375 0.2578125 0.01328125 0.0359375
1 0.62265625 0.30625 0.01640625 0.040625
1 0.63515625 0.334375 0.01796875 0.0421875
1 0.58828125 0.33046875 0.01953125 0.0375
1 0.59609375 0.37265625 0.02265625 0.04453125
1 0.60078125 0.43359375 0.0265625 0.053125
1 0.653125 0.38671875 0.0265625 0.0609375
1 0.65546875 0.4390625 0.0296875 0.06171875
1 0.69375 0.53203125 0.03125 0.0796875
1 0.665625 0.321875 0.0203125 0.034375
1 0.678125 0.35234375 0.0203125 0.04296875
1 0.715625 0.3984375 0.02578125 0.0578125
1 0.75625 0.4546875 0.02890625 0.0609375
1 0.809375 0.5328125 0.03046875 0.06796875
1 0.82265625 0.434375 0.02265625 0.0515625
1 0.7859375 0.3796875 0.021875 0.04609375
1 0.8015625 0.3453125 0.0171875 0.0421875
1 0.70859375 0.29140625 0.01484375 0.0375
1 0.71875 0.2515625 0.0140625 0.0328125
1 0.7359375 0.22265625 0.0140625 0.02734375
1 0.76328125 0.240625 0.01328125 0.02421875
1 0.75390625 0.259375 0.015625 0.034375
1 0.753125 0.28359375 0.01796875 0.0359375
1 0.79140625 0.24609375 0.0140625 0.02734375
1 0.81953125 0.26171875 0.01328125 0.03046875
1 0.85078125 0.25625 0.0109375 0.02421875
1 0.84609375 0.2734375 0.0109375 0.0359375
1 0.834375 0.2828125 0.0125 0.0375
1 0.7984375 0.27890625 0.015625 0.03046875
1 0.7953125 0.3046875 0.01484375 0.0375
1 0.83125 0.32421875 0.01640625 0.04453125
1 0.86171875 0.28671875 0.0140625 0.0359375
1 0.86015625 0.33125 0.015625 0.04765625
1 0.84921875 0.35859375 0.01640625 0.04765625
1 0.83984375 0.3890625 0.0203125 0.059375
1 0.875 0.40390625 0.0203125 0.0546875
1 0.91328125 0.2703125 0.01171875 0.0328125
1 0.9125 0.30625 0.01328125 0.0359375
1 0.9046875 0.3265625 0.01328125 0.03046875
1 0.90546875 0.35546875 0.01640625 0.0421875
1 0.890625 0.4671875 0.02265625 0.06640625