1 0.0125 0.41640625 0.025 0.0640625
1 0.06328125 0.4625 0.0265625 0.05
1 0.09296875 0.446875 0.0265625 0.04765625
1 0.121875 0.434375 0.0265625 0.0609375
1 0.15859375 0.4375 0.04296875 0.078125
1 0.23984375 0.4109375 0.06328125 0.103125
1 0.28828125 0.4265625 0.03359375 0.078125
1 0.353125 0.44140625 0.0265625 0.053125
1 0.4171875 0.4375 0.03515625 0.078125
1 0.38046875 0.45546875 0.01796875 0.04140625
1 0.3359375 0.45234375 0.01484375 0.03046875
1 0.325 0.4640625 0.01640625 0.0359375
1 0.46015625 0.45 0.0265625 0.053125
1 0.52421875 0.41640625 0.0546875 0.1140625
1 0.6 0.4328125 0.03984375 0.09765625
1 0.63515625 0.45859375 0.0296875 0.06953125
1 0.7015625 0.4640625 0.03671875 0.08046875
1 0.7578125 0.49296875 0.01796875 0.05
1 0.965625 0.375 0.025 0.04765625
1 0.9515625 0.37578125 0.0234375 0.05