1 0.09453125 0.3140625 0.01875 0.0390625
1 0.70390625 0.10625 0.0171875 0.03125
1 0.76640625 0.1078125 0.0140625 0.03125
1 0.825 0.13828125 0.01015625 0.02265625
1 0.5859375 0.11796875 0.0140625 0.02421875
1 0.49453125 0.1375 0.01953125 0.03125
1 0.540625 0.146875 0.0171875 0.03125
1 0.27109375 0.2125 0.02265625 0.046875
1 0.2015625 0.371875 0.05 0.10546875
1 0.184375 0.45703125 0.0578125 0.09765625
1 0.69765625 0.16015625 0.01953125 0.040625
1 0.7234375 0.1375 0.01875 0.040625
1 0.75859375 0.14921875 0.01875 0.0328125
1 0.86015625 0.18203125 0.02265625 0.0421875
1 0.88671875 0.23203125 0.02109375 0.04375
1 0.77890625 0.29375 0.02890625 0.046875
1 0.8109375 0.1859375 0.01875 0.034375
1 0.6765625 0.25546875 0.02265625 0.0453125
1 0.63671875 0.2421875 0.02109375 0.0484375
1 0.55 0.2046875 0.0171875 0.0359375
1 0.45859375 0.190625 0.02109375 0.0390625
1 0.48125 0.20078125 0.0171875 0.0375
1 0.51953125 0.17890625 0.01953125 0.0359375
1 0.5671875 0.1546875 0.01953125 0.0359375
1 0.58984375 0.16796875 0.01875 0.0375
1 0.41171875 0.1953125 0.0234375 0.0328125
1 0.49453125 0.309375 0.02890625 0.05390625
1 0.37890625 0.2734375 0.028125 0.0453125
1 0.35703125 0.28359375 0.03125 0.05078125
1 0.73046875 0.28203125 0.02421875 0.046875
1 0.42734375 0.225 0.01875 0.04375
1 0.46015625 0.23203125 0.02890625 0.05078125
1 0.4390625 0.290625 0.02890625 0.046875
1 0.7375 0.16953125 0.01953125 0.0375
1 0.7671875 0.18203125 0.01875 0.0390625
1 0.46640625 0.1609375 0.0140625 0.0359375
1 0.4796875 0.1609375 0.01796875 0.0328125