1 0.04375 0.2390625 0.06015625 0.1046875
1 0.01875 0.22890625 0.0375 0.12421875
1 0.1765625 0.36875 0.09375 0.2
1 0.21953125 0.30859375 0.0734375 0.15546875
1 0.3125 0.19296875 0.03984375 0.07578125
1 0.359375 0.42890625 0.11875 0.2625
1 0.45078125 0.621875 0.2015625 0.41796875
1 0.3921875 0.21875 0.0390625 0.08671875
1 0.428125 0.215625 0.03125 0.06640625
1 0.4609375 0.2390625 0.05390625 0.1046875
1 0.565625 0.25 0.0609375 0.11328125
1 0.7171875 0.23359375 0.075 0.146875
1 0.86796875 0.26796875 0.08125 0.14921875