1 0.2109375 0.35859375 0.05 0.096875
1 0.328125 0.19765625 0.01875 0.0359375
1 0.3671875 0.1203125 0.01875 0.03125
1 0.41015625 0.18359375 0.01484375 0.02734375
1 0.42890625 0.1703125 0.01640625 0.0359375
1 0.4390625 0.14140625 0.0125 0.03359375
1 0.4515625 0.1421875 0.01015625 0.0234375
1 0.4703125 0.153125 0.01484375 0.03359375
1 0.46015625 0.16875 0.01640625 0.0296875
1 0.4640625 0.19921875 0.01875 0.03125
1 0.4625 0.13828125 0.01484375 0.0234375
1 0.48515625 0.14453125 0.015625 0.02734375
1 0.50859375 0.1421875 0.0125 0.0234375
1 0.49609375 0.134375 0.01015625 0.01953125
1 0.52109375 0.128125 0.01328125 0.02734375
1 0.52109375 0.18515625 0.015625 0.03359375
1 0.5421875 0.19375 0.0203125 0.0359375
1 0.54296875 0.15546875 0.0125 0.0296875
1 0.56875 0.13203125 0.01328125 0.03125
1 0.578125 0.1265625 0.01640625 0.03125
1 0.59765625 0.13671875 0.01796875 0.03125
1 0.584375 0.16015625 0.01640625 0.0359375
1 0.61953125 0.16875 0.01875 0.03359375
1 0.615625 0.1046875 0.0109375 0.0234375
1 0.64140625 0.1203125 0.01328125 0.02734375
1 0.65078125 0.1390625 0.01484375 0.02578125
1 0.6578125 0.1125 0.01015625 0.0234375
1 0.66796875 0.115625 0.0109375 0.021875
1 0.6890625 0.1109375 0.01328125 0.03125
1 0.71015625 0.11953125 0.0125 0.02578125
1 0.59453125 0.24140625 0.02265625 0.0515625
1 0.63203125 0.209375 0.0234375 0.0515625
1 0.66015625 0.21875 0.02109375 0.053125
1 0.66640625 0.2046875 0.01875 0.03359375
1 0.6875 0.17109375 0.01875 0.03359375
1 0.70859375 0.1796875 0.01640625 0.03125
1 0.740625 0.2046875 0.02421875 0.0453125
1 0.7390625 0.17265625 0.015625 0.0375
1 0.75390625 0.14140625 0.01328125 0.02578125
1 0.75859375 0.13125 0.0109375 0.021875
1 0.76796875 0.178125 0.01640625 0.03984375
1 0.77890625 0.1421875 0.01484375 0.0359375
1 0.796875 0.16484375 0.01484375 0.03359375
1 0.80625 0.15625 0.01328125 0.03125
1 0.8265625 0.13125 0.01328125 0.0296875
1 0.825 0.17890625 0.015625 0.0375
1 0.83984375 0.1859375 0.015625 0.03125
1 0.80859375 0.2015625 0.01796875 0.0359375
1 0.7875 0.21640625 0.01875 0.04140625
1 0.7140625 0.165625 0.01640625 0.02734375
1 0.86875 0.28828125 0.0203125 0.0515625
1 0.884375 0.228125 0.01796875 0.04140625
1 0.89140625 0.20390625 0.02109375 0.03984375
1 0.87265625 0.15546875 0.01015625 0.0296875
1 0.84921875 0.15 0.0125 0.03125
1 0.915625 0.1765625 0.01484375 0.03359375
1 0.93671875 0.19296875 0.0125 0.0296875
1 0.93671875 0.1703125 0.0109375 0.01953125
1 0.91640625 0.26484375 0.01796875 0.04765625