1 0.1828125 0.39140625 0.0359375 0.0609375
1 0.1609375 0.36953125 0.025 0.04609375
1 0.15 0.34453125 0.02734375 0.04609375
1 0.12734375 0.325 0.02421875 0.0484375
1 0.17890625 0.32421875 0.0234375 0.04609375
1 0.228125 0.3046875 0.02109375 0.0484375
1 0.25703125 0.3140625 0.0265625 0.059375
1 0.32578125 0.28125 0.0265625 0.06484375
1 0.3359375 0.24296875 0.02890625 0.05546875
1 0.3390625 0.3734375 0.03828125 0.071875
1 0.3734375 0.328125 0.034375 0.05703125
1 0.4234375 0.2953125 0.0296875 0.0609375