1 0.09140625 0.384375 0.0515625 0.096875
1 0.04765625 0.34453125 0.0359375 0.06640625
1 0.18984375 0.39609375 0.0515625 0.1140625
1 0.16796875 0.3484375 0.0328125 0.05859375
1 0.2328125 0.33046875 0.025 0.05
1 0.2609375 0.371875 0.040625 0.08359375
1 0.32421875 0.3625 0.0328125 0.0859375
1 0.39296875 0.3359375 0.0390625 0.08359375
1 0.45078125 0.33046875 0.0296875 0.08359375
1 0.44296875 0.5515625 0.1078125 0.18046875
1 0.565625 0.434375 0.090625 0.21953125
1 0.515625 0.371875 0.0625 0.14453125
1 0.65703125 0.41640625 0.0671875 0.14453125
1 0.77265625 0.52109375 0.1078125 0.225
1 0.7546875 0.35703125 0.05 0.11953125
1 0.71875 0.35546875 0.025 0.071875
1 0.80625 0.3359375 0.04375 0.08359375
1 0.9046875 0.4015625 0.0625 0.14140625