1 0.18359375 0.43359375 0.0328125 0.05
1 0.25390625 0.61875 0.04765625 0.07734375
1 0.315625 0.60234375 0.0625 0.08828125
1 0.31171875 0.54296875 0.0375 0.0546875
1 0.278125 0.53046875 0.03359375 0.05703125
1 0.39765625 0.51328125 0.04296875 0.05
1 0.3828125 0.57109375 0.04765625 0.06640625
1 0.58359375 0.69140625 0.07578125 0.12265625
1 0.5609375 0.58671875 0.046875 0.06796875
1 0.52109375 0.5234375 0.03984375 0.053125
1 0.571875 0.5484375 0.03984375 0.06015625
1 0.58671875 0.50390625 0.03046875 0.0421875
1 0.62734375 0.52890625 0.04765625 0.053125
1 0.67734375 0.5734375 0.05546875 0.071875
1 0.77890625 0.61484375 0.0796875 0.10859375
1 0.7578125 0.54375 0.0421875 0.05546875
1 0.81875 0.55546875 0.04609375 0.065625
1 0.80546875 0.50703125 0.0390625 0.04453125
1 0.8359375 0.49609375 0.02734375 0.04453125
1 0.853125 0.54375 0.0328125 0.05859375
1 0.89296875 0.496875 0.0328125 0.040625
1 0.95625 0.5765625 0.07265625 0.10078125
1 0.965625 0.49765625 0.0328125 0.05546875