1 0.0765625 0.35390625 0.04609375 0.06953125
1 0.275 0.1859375 0.021875 0.0375
1 0.29765625 0.19609375 0.0171875 0.046875
1 0.3125 0.178125 0.02421875 0.04375
1 0.40625 0.1625 0.028125 0.05859375
1 0.44921875 0.17734375 0.034375 0.06796875
1 0.49140625 0.1609375 0.0359375 0.06171875
1 0.5484375 0.16953125 0.02578125 0.05390625
1 0.54140625 0.14453125 0.02578125 0.05234375
1 0.5484375 0.2828125 0.03203125 0.06484375
1 0.59921875 0.17578125 0.03125 0.06171875
1 0.63125 0.2390625 0.03671875 0.05859375
1 0.6796875 0.27890625 0.046875 0.10234375
1 0.76328125 0.20546875 0.03515625 0.06640625