1 0.17265625 0.48984375 0.046875 0.08515625
1 0.278125 0.26796875 0.0203125 0.040625
1 0.3609375 0.2 0.01875 0.040625
1 0.40859375 0.22421875 0.02265625 0.0390625
1 0.3828125 0.259375 0.02734375 0.0515625
1 0.45625 0.22421875 0.0265625 0.04296875
1 0.4203125 0.165625 0.01484375 0.02734375
1 0.51484375 0.13046875 0.01484375 0.0328125
1 0.54140625 0.13125 0.01640625 0.02734375
1 0.56484375 0.109375 0.0125 0.02734375
1 0.56875 0.1359375 0.0109375 0.02890625
1 0.58515625 0.12578125 0.01328125 0.02890625
1 0.56484375 0.1859375 0.01875 0.034375
1 0.615625 0.15703125 0.01484375 0.0375
1 0.65703125 0.11328125 0.01484375 0.0359375
1 0.70234375 0.0953125 0.015625 0.03046875
1 0.7234375 0.08515625 0.01484375 0.034375
1 0.703125 0.15859375 0.0203125 0.04765625
1 0.6921875 0.16484375 0.0171875 0.04296875
1 0.6578125 0.17890625 0.01953125 0.040625
1 0.66015625 0.225 0.025 0.0546875
1 0.6109375 0.2625 0.03203125 0.0515625
1 0.5515625 0.25390625 0.025 0.0515625
1 0.54453125 0.33515625 0.0265625 0.059375
1 0.4890625 0.315625 0.03046875 0.06171875
1 0.65703125 0.33125 0.0359375 0.075
1 0.71875 0.2796875 0.0265625 0.06484375
1 0.74453125 0.140625 0.025 0.04921875
1 0.7671875 0.22578125 0.02421875 0.053125
1 0.77265625 0.2859375 0.02734375 0.06328125
1 0.7546875 0.3265625 0.028125 0.08359375
1 0.79453125 0.3734375 0.04375 0.08203125
1 0.8921875 0.3703125 0.040625 0.078125
1 0.890625 0.321875 0.0328125 0.06328125
1 0.83828125 0.29453125 0.02734375 0.06328125
1 0.8125 0.240625 0.02734375 0.0515625
1 0.80703125 0.128125 0.015625 0.034375
1 0.83125 0.14296875 0.01171875 0.03046875
1 0.84140625 0.12421875 0.01328125 0.02734375
1 0.86484375 0.13984375 0.01484375 0.03046875
1 0.90390625 0.14765625 0.01484375 0.0328125
1 0.92890625 0.1609375 0.01328125 0.02578125