1 0.17578125 0.3859375 0.0328125 0.04765625
1 0.16953125 0.34609375 0.02578125 0.03125
1 0.2078125 0.29765625 0.02578125 0.03984375
1 0.22265625 0.32734375 0.025 0.046875
1 0.2796875 0.26953125 0.0171875 0.03828125
1 0.30078125 0.24375 0.01875 0.0328125
1 0.328125 0.25390625 0.02109375 0.0453125
1 0.3546875 0.2578125 0.0203125 0.04140625
1 0.4015625 0.234375 0.0234375 0.05234375
1 0.43046875 0.24609375 0.02890625 0.05078125
1 0.3234375 0.35625 0.0265625 0.0546875
1 0.36640625 0.44609375 0.04140625 0.07265625
1 0.34609375 0.55078125 0.05234375 0.09296875