1 0.16484375 0.2546875 0.01953125 0.046875
1 0.2546875 0.2046875 0.015625 0.03828125
1 0.30625 0.259375 0.0328125 0.0609375
1 0.34453125 0.22578125 0.02265625 0.03515625
1 0.3921875 0.24921875 0.01953125 0.03671875
1 0.5 0.284375 0.03515625 0.07890625
1 0.42578125 0.15703125 0.01171875 0.02421875
1 0.446875 0.15546875 0.01328125 0.02421875
1 0.471875 0.12734375 0.0140625 0.03125
1 0.5046875 0.15234375 0.0140625 0.028125
1 0.5203125 0.17734375 0.0140625 0.0296875
1 0.54609375 0.18359375 0.0171875 0.03515625
1 0.94609375 0.2078125 0.01171875 0.03125