1 0.27734375 0.24453125 0.01796875 0.0296875
1 0.2953125 0.2375 0.01796875 0.0296875
1 0.29921875 0.2625 0.01953125 0.03359375
1 0.3609375 0.25703125 0.01796875 0.03828125
1 0.38125 0.2265625 0.01640625 0.03828125
1 0.4015625 0.221875 0.02421875 0.0515625
1 0.36171875 0.19140625 0.015625 0.0296875
1 0.4390625 0.14765625 0.01015625 0.03359375
1 0.446875 0.1546875 0.01171875 0.0265625
1 0.43984375 0.221875 0.01796875 0.03828125
1 0.4109375 0.16640625 0.01875 0.0296875
1 0.41796875 0.175 0.01328125 0.025
1 0.4671875 0.18203125 0.01484375 0.03125
1 0.44375 0.18515625 0.0140625 0.028125
1 0.47109375 0.2265625 0.0203125 0.04140625
1 0.4890625 0.19140625 0.01875 0.03984375
1 0.48125 0.1625 0.0140625 0.0296875
1 0.465625 0.153125 0.0140625 0.0296875
1 0.39375 0.18671875 0.0140625 0.021875
1 0.51953125 0.20234375 0.01953125 0.03671875
1 0.51328125 0.140625 0.015625 0.028125
1 0.50546875 0.11953125 0.0140625 0.0265625
1 0.5328125 0.16953125 0.01875 0.03359375
1 0.55703125 0.1609375 0.01640625 0.03359375
1 0.540625 0.109375 0.0109375 0.0265625
1 0.55859375 0.10234375 0.0109375 0.025
1 0.58046875 0.1390625 0.0140625 0.03125
1 0.56328125 0.13046875 0.01171875 0.028125
1 0.5859375 0.121875 0.01171875 0.021875
1 0.59375 0.096875 0.01015625 0.021875
1 0.6015625 0.15078125 0.01328125 0.0296875
1 0.6140625 0.13046875 0.01171875 0.025
1 0.6125 0.09453125 0.01328125 0.0234375
1 0.6375 0.1078125 0.01171875 0.0203125
1 0.6421875 0.12265625 0.01328125 0.0265625
1 0.6359375 0.09296875 0.01171875 0.01640625
1 0.6703125 0.096875 0.01328125 0.03125
1 0.69375 0.096875 0.01015625 0.025
1 0.50078125 0.27421875 0.03125 0.05
1 0.55234375 0.259375 0.021875 0.04296875
1 0.540625 0.31640625 0.028125 0.0515625
1 0.6203125 0.315625 0.0296875 0.06015625
1 0.62265625 0.2421875 0.021875 0.04296875
1 0.62421875 0.19765625 0.01796875 0.03671875
1 0.66640625 0.196875 0.01875 0.03828125
1 0.665625 0.159375 0.01640625 0.03671875
1 0.675 0.14921875 0.01953125 0.03359375
1 0.6921875 0.17890625 0.01953125 0.04140625
1 0.68828125 0.31171875 0.03046875 0.07109375
1 0.72578125 0.23828125 0.021875 0.0515625
1 0.7140625 0.23203125 0.015625 0.03828125
1 0.73046875 0.18515625 0.02421875 0.04453125
1 0.7546875 0.2140625 0.02109375 0.05
1 0.75078125 0.31953125 0.0359375 0.075
1 0.78359375 0.378125 0.03046875 0.07109375
1 0.7828125 0.2765625 0.028125 0.0546875
1 0.77734375 0.19375 0.01875 0.04140625
1 0.77421875 0.14765625 0.01875 0.03671875
1 0.76484375 0.12421875 0.01328125 0.0296875
1 0.74375 0.11640625 0.0140625 0.0296875
1 0.74296875 0.146875 0.01640625 0.028125
1 0.796875 0.146875 0.01875 0.03828125
1 0.82734375 0.1296875 0.01484375 0.03359375
1 0.83046875 0.1109375 0.01484375 0.0265625
1 0.8546875 0.11640625 0.0140625 0.03359375
1 0.8578125 0.140625 0.015625 0.028125
1 0.84453125 0.1703125 0.0140625 0.03515625
1 0.82890625 0.21015625 0.0203125 0.0484375
1 0.803125 0.23359375 0.02109375 0.03828125
1 0.85390625 0.2484375 0.0234375 0.04140625
1 0.8390625 0.3171875 0.0234375 0.06328125
1 0.9015625 0.3625 0.03515625 0.0828125
1 0.90703125 0.25234375 0.01796875 0.053125
1 0.915625 0.2328125 0.0203125 0.046875
1 0.921875 0.2046875 0.0140625 0.0296875
1 0.8734375 0.2015625 0.01953125 0.04453125
1 0.8796875 0.15078125 0.01484375 0.0296875
1 0.88515625 0.12734375 0.0109375 0.03125
1 0.89375 0.17578125 0.01875 0.03984375
1 0.9203125 0.14921875 0.01328125 0.0296875