1 0.096875 0.5 0.05390625 0.10546875
1 0.28125 0.2171875 0.0171875 0.0375
1 0.30234375 0.22421875 0.01796875 0.0359375
1 0.32734375 0.234375 0.01640625 0.0359375
1 0.3453125 0.18984375 0.0171875 0.03359375
1 0.3515625 0.17578125 0.01796875 0.03203125
1 0.3765625 0.1890625 0.015625 0.0359375
1 0.390625 0.18984375 0.02109375 0.04375
1 0.3796875 0.23671875 0.02109375 0.0421875
1 0.425 0.22734375 0.0234375 0.05078125
1 0.41328125 0.18359375 0.01953125 0.0421875
1 0.45078125 0.2171875 0.02109375 0.04375
1 0.47890625 0.21328125 0.025 0.05078125
1 0.48515625 0.1828125 0.0203125 0.03046875
1 0.50625 0.18203125 0.01640625 0.0390625
1 0.44375 0.1671875 0.0203125 0.0421875
1 0.42265625 0.1390625 0.0125 0.03359375
1 0.46015625 0.14765625 0.01640625 0.03359375
1 0.46953125 0.15546875 0.01484375 0.03203125
1 0.4703125 0.12734375 0.01640625 0.0234375
1 0.49140625 0.12890625 0.01171875 0.02734375
1 0.503125 0.11953125 0.01328125 0.02578125
1 0.5109375 0.134375 0.01484375 0.0359375
1 0.52578125 0.11796875 0.01171875 0.02890625
1 0.52734375 0.15703125 0.015625 0.03203125
1 0.55234375 0.15234375 0.01640625 0.03046875
1 0.54765625 0.13828125 0.015625 0.02578125
1 0.55390625 0.11640625 0.0125 0.02578125
1 0.56015625 0.134375 0.01640625 0.021875
1 0.58515625 0.165625 0.01953125 0.0390625
1 0.559375 0.17890625 0.01796875 0.0359375
1 0.57890625 0.109375 0.0125 0.02890625
1 0.5890625 0.1078125 0.01484375 0.02890625
1 0.6 0.12421875 0.01328125 0.02890625
1 0.6171875 0.10703125 0.01484375 0.02734375
1 0.62421875 0.140625 0.01328125 0.03359375
1 0.6296875 0.11953125 0.015625 0.02578125
1 0.6421875 0.10625 0.01484375 0.02890625
1 0.66484375 0.1296875 0.01640625 0.03203125
1 0.659375 0.1109375 0.0125 0.021875
1 0.66875 0.096875 0.01171875 0.02734375
1 0.69375 0.1 0.009375 0.0234375
1 0.69140625 0.121875 0.01484375 0.0234375
1 0.70390625 0.15 0.01640625 0.03203125
1 0.7203125 0.10703125 0.01171875 0.03046875
1 0.5703125 0.23359375 0.021875 0.04765625
1 0.55234375 0.2796875 0.034375 0.07109375
1 0.4953125 0.27421875 0.02734375 0.05390625
1 0.6140625 0.30859375 0.0296875 0.06796875
1 0.62421875 0.24375 0.025 0.05078125
1 0.634375 0.1984375 0.015625 0.0375
1 0.66953125 0.17734375 0.01953125 0.0359375
1 0.7234375 0.18046875 0.01796875 0.04921875
1 0.73515625 0.14296875 0.015625 0.0390625
1 0.75234375 0.1296875 0.01640625 0.0359375
1 0.76328125 0.15 0.015625 0.03203125
1 0.7453125 0.1640625 0.015625 0.0375
1 0.73671875 0.21328125 0.02109375 0.04375
1 0.67109375 0.26953125 0.02578125 0.05390625
1 0.7 0.30390625 0.02890625 0.0625
1 0.73515625 0.28984375 0.0234375 0.05390625
1 0.7484375 0.3640625 0.03671875 0.07109375
1 0.82578125 0.39140625 0.0375 0.07109375
1 0.90703125 0.4203125 0.03984375 0.08828125
1 0.8453125 0.303125 0.0328125 0.06796875
1 0.7828125 0.30859375 0.02734375 0.0578125
1 0.77265625 0.23203125 0.021875 0.05078125
1 0.7609375 0.19453125 0.01796875 0.04765625
1 0.796875 0.15234375 0.01640625 0.0375
1 0.8015625 0.13125 0.01484375 0.02578125
1 0.81640625 0.15234375 0.0171875 0.040625
1 0.80625 0.19375 0.02421875 0.0390625
1 0.81953125 0.2296875 0.02109375 0.04921875
1 0.87578125 0.26328125 0.025 0.05234375
1 0.890625 0.22578125 0.0203125 0.04765625
1 0.928125 0.2078125 0.0203125 0.0421875
1 0.925 0.27578125 0.02421875 0.05234375
1 0.91796875 0.33828125 0.02734375 0.0625