1 0.18203125 0.46875 0.05078125 0.10390625
1 0.60078125 0.2 0.01640625 0.03203125
1 0.61484375 0.20859375 0.01796875 0.0296875
1 0.62890625 0.2203125 0.021875 0.03125
1 0.6515625 0.2109375 0.00859375 0.025
1 0.6625 0.221875 0.01796875 0.03125
1 0.66953125 0.228125 0.01484375 0.0296875
1 0.73984375 0.23125 0.01640625 0.0296875
1 0.54453125 0.21484375 0.0171875 0.03359375
1 0.5578125 0.25546875 0.01484375 0.03125
1 0.58671875 0.23515625 0.02265625 0.03203125
1 0.54140625 0.28125 0.01796875 0.0453125
1 0.3875 0.2484375 0.01640625 0.02265625
1 0.4484375 0.240625 0.015625 0.02421875
1 0.50859375 0.2875 0.02109375 0.03828125
1 0.49453125 0.2671875 0.021875 0.0296875
1 0.42109375 0.28125 0.01796875 0.04375
1 0.4046875 0.2921875 0.01640625 0.03671875
1 0.35078125 0.290625 0.01328125 0.0390625
1 0.28359375 0.29765625 0.015625 0.03359375
1 0.221875 0.33671875 0.01171875 0.03125
1 0.25625 0.340625 0.01640625 0.04375
1 0.29296875 0.35625 0.0171875 0.04375
1 0.31484375 0.38515625 0.0203125 0.04765625
1 0.35078125 0.32265625 0.0171875 0.03125
1 0.37734375 0.33125 0.0140625 0.03125
1 0.403125 0.3296875 0.01640625 0.03125
1 0.44140625 0.33515625 0.02109375 0.040625
1 0.46171875 0.30390625 0.01640625 0.03515625
1 0.50078125 0.31953125 0.025 0.040625
1 0.58671875 0.3203125 0.02734375 0.0421875
1 0.62421875 0.2859375 0.03125 0.04375
1 0.49375 0.3796875 0.025 0.0578125
1 0.53515625 0.3921875 0.02578125 0.05625
1 0.6015625 0.42109375 0.0359375 0.06171875
1 0.6375 0.32890625 0.0234375 0.03359375
1 0.64765625 0.3671875 0.02734375 0.04921875
1 0.68125 0.34140625 0.021875 0.0421875
1 0.65625 0.434375 0.03515625 0.06875
1 0.7 0.46640625 0.03671875 0.07890625
1 0.73515625 0.40078125 0.03515625 0.04375
1 0.75546875 0.43984375 0.03203125 0.053125
1 0.76796875 0.24375 0.01796875 0.03203125
1 0.69609375 0.253125 0.0140625 0.03125
1 0.6640625 0.26484375 0.0171875 0.03515625
1 0.7125 0.28125 0.01484375 0.0421875
1 0.73515625 0.27578125 0.01875 0.0265625
1 0.75625 0.28359375 0.01875 0.0421875
1 0.79375 0.240625 0.01640625 0.0296875
1 0.82265625 0.25703125 0.02109375 0.03359375
1 0.80078125 0.29140625 0.02265625 0.03203125
1 0.83359375 0.3046875 0.01875 0.0390625
1 0.8484375 0.26171875 0.015625 0.040625
1 0.85546875 0.2515625 0.01484375 0.04765625
1 0.80546875 0.3359375 0.01796875 0.0421875
1 0.78671875 0.3578125 0.021875 0.0421875
1 0.84765625 0.36484375 0.025 0.0546875
1 0.8015625 0.47890625 0.0296875 0.0703125
1 0.87734375 0.28125 0.0171875 0.03671875
1 0.8671875 0.31875 0.01796875 0.0390625
1 0.915625 0.26328125 0.0203125 0.03828125
1 0.87421875 0.39140625 0.0234375 0.04609375
1 0.9015625 0.3578125 0.01640625 0.05078125
1 0.915625 0.309375 0.01640625 0.02265625
1 0.89296875 0.45546875 0.03125 0.06875
1 0.50703125 0.24609375 0.02109375 0.02265625
1 0.72578125 0.25078125 0.01875 0.03828125
1 0.80390625 0.26953125 0.01640625 0.03671875
1 0.9140625 0.32421875 0.01875 0.06484375
1 0.83125 0.44296875 0.02734375 0.06328125
1 0.56328125 0.23984375 0.01171875 0.03125
1 0.46328125 0.26640625 0.01953125 0.03515625
1 0.43515625 0.30234375 0.01953125 0.0390625