1 0.03828125 0.24375 0.0125 0.0375
1 0.19453125 0.2 0.0203125 0.0390625
1 0.20625 0.34375 0.0390625 0.08828125
1 0.3125 0.1671875 0.02265625 0.040625
1 0.29453125 0.2171875 0.0171875 0.02421875
1 0.384375 0.19296875 0.0203125 0.04375
1 0.41015625 0.2171875 0.021875 0.04375
1 0.415625 0.1765625 0.01640625 0.034375
1 0.43203125 0.14296875 0.021875 0.0421875
1 0.609375 0.10078125 0.01328125 0.0296875
1 0.6484375 0.11640625 0.015625 0.03125
1 0.63359375 0.1375 0.01171875 0.02734375
1 0.6453125 0.14375 0.0171875 0.02421875
1 0.75234375 0.140625 0.01171875 0.03125
1 0.7671875 0.14296875 0.01796875 0.0359375
1 0.8640625 0.1875 0.01328125 0.0359375
1 0.93671875 0.1921875 0.015625 0.0359375
1 0.88515625 0.2375 0.0171875 0.0453125
1 0.91796875 0.24375 0.0203125 0.046875
1 0.81796875 0.2546875 0.021875 0.046875