1 0.06484375 0.3984375 0.03125 0.075
1 0.259375 0.27734375 0.01484375 0.0265625
1 0.2734375 0.26796875 0.01796875 0.03203125
1 0.29765625 0.24921875 0.0171875 0.03515625
1 0.31796875 0.2140625 0.01640625 0.03359375
1 0.34609375 0.2609375 0.0140625 0.03203125
1 0.3359375 0.253125 0.01484375 0.028125
1 0.35546875 0.20703125 0.01640625 0.03359375
1 0.37421875 0.20625 0.0140625 0.03203125
1 0.38828125 0.1921875 0.01484375 0.03359375
1 0.3953125 0.21484375 0.0140625 0.028125
1 0.4203125 0.2125 0.0140625 0.028125
1 0.44296875 0.221875 0.01640625 0.03359375
1 0.4625 0.234375 0.01875 0.03515625
1 0.440625 0.2640625 0.0171875 0.03359375
1 0.48671875 0.28359375 0.02578125 0.04375
1 0.41328125 0.1609375 0.0125 0.021875
1 0.43515625 0.1640625 0.01640625 0.028125
1 0.45703125 0.14921875 0.01015625 0.021875
1 0.453125 0.17578125 0.01484375 0.03203125
1 0.46328125 0.19921875 0.01875 0.03203125
1 0.47890625 0.13828125 0.0140625 0.0234375
1 0.48671875 0.153125 0.0140625 0.028125
1 0.49453125 0.12421875 0.01328125 0.021875
1 0.51796875 0.1859375 0.01640625 0.03203125
1 0.53203125 0.15546875 0.0125 0.0234375
1 0.53671875 0.12734375 0.01640625 0.028125
1 0.55859375 0.13046875 0.01484375 0.0296875
1 0.553125 0.1859375 0.01796875 0.03203125
1 0.5515625 0.1546875 0.01484375 0.028125
1 0.58828125 0.153125 0.0171875 0.03203125
1 0.5765625 0.10234375 0.01171875 0.021875
1 0.6 0.10234375 0.01171875 0.021875
1 0.603125 0.08671875 0.0125 0.0234375
1 0.62109375 0.10078125 0.0125 0.025
1 0.6359375 0.090625 0.0125 0.025
1 0.65 0.090625 0.0125 0.025
1 0.63359375 0.12890625 0.01328125 0.0296875
1 0.6734375 0.1125 0.01484375 0.028125
1 0.65078125 0.11640625 0.01328125 0.025
1 0.69921875 0.0890625 0.0140625 0.028125
1 0.5703125 0.23203125 0.02265625 0.04375
1 0.5671875 0.28359375 0.02265625 0.05
1 0.60859375 0.33203125 0.0234375 0.05
1 0.678125 0.32578125 0.02890625 0.046875
1 0.6140625 0.25234375 0.021875 0.046875
1 0.61953125 0.20078125 0.01796875 0.03515625
1 0.671875 0.24375 0.02109375 0.04375
1 0.66484375 0.171875 0.01640625 0.03359375
1 0.678125 0.196875 0.01484375 0.03359375
1 0.690625 0.14296875 0.01875 0.03828125
1 0.70625 0.17578125 0.01875 0.03515625
1 0.73125 0.1484375 0.0140625 0.03671875
1 0.75390625 0.103125 0.01328125 0.0265625
1 0.76328125 0.09609375 0.01328125 0.025
1 0.75625 0.12890625 0.01484375 0.03359375
1 0.7703125 0.121875 0.01484375 0.03359375
1 0.77265625 0.15078125 0.0171875 0.03515625
1 0.7453125 0.19140625 0.01875 0.03828125
1 0.7171875 0.21015625 0.02109375 0.04375
1 0.72890625 0.278125 0.0265625 0.0453125
1 0.77421875 0.2515625 0.01875 0.03515625
1 0.7828125 0.28203125 0.02265625 0.05
1 0.79375 0.10625 0.01171875 0.028125
1 0.809375 0.13125 0.0125 0.028125
1 0.821875 0.1203125 0.0125 0.0265625
1 0.81640625 0.16328125 0.02265625 0.04375
1 0.84296875 0.12890625 0.01328125 0.0265625
1 0.84140625 0.18046875 0.01171875 0.0234375
1 0.85546875 0.1859375 0.0171875 0.03515625
1 0.86328125 0.14140625 0.01484375 0.03828125
1 0.88515625 0.11640625 0.01015625 0.021875
1 0.88515625 0.146875 0.01328125 0.0296875
1 0.9109375 0.11796875 0.01015625 0.025
1 0.940625 0.146875 0.0140625 0.0296875
1 0.9046875 0.15546875 0.01484375 0.0203125
1 0.903125 0.190625 0.0140625 0.03359375
1 0.9375 0.18359375 0.01640625 0.03671875
1 0.878125 0.21875 0.01796875 0.03984375
1 0.9359375 0.28046875 0.021875 0.05