1 0.1734375 0.4796875 0.03359375 0.0625
1 0.25234375 0.265625 0.01328125 0.0328125
1 0.26953125 0.275 0.01484375 0.0296875
1 0.29453125 0.26015625 0.01796875 0.0328125
1 0.34609375 0.29765625 0.0171875 0.03125
1 0.35 0.26171875 0.015625 0.0359375
1 0.3046875 0.23125 0.015625 0.028125
1 0.3296875 0.22109375 0.0140625 0.0328125
1 0.3515625 0.22578125 0.0140625 0.0234375
1 0.3796875 0.22265625 0.01328125 0.0234375
1 0.39375 0.26171875 0.01796875 0.03984375
1 0.3765625 0.19296875 0.01015625 0.0234375
1 0.3890625 0.18515625 0.01015625 0.03125
1 0.4140625 0.18125 0.0125 0.0296875
1 0.44140625 0.18125 0.0109375 0.0234375
1 0.453125 0.21640625 0.0171875 0.03828125
1 0.47890625 0.228125 0.015625 0.034375
1 0.50546875 0.1875 0.01484375 0.0328125
1 0.47734375 0.19609375 0.015625 0.0296875
1 0.471875 0.1640625 0.0125 0.025
1 0.44609375 0.14609375 0.0109375 0.02109375
1 0.478125 0.13984375 0.0109375 0.0234375
1 0.5109375 0.16171875 0.01328125 0.01953125
1 0.53984375 0.18828125 0.0140625 0.034375
1 0.55078125 0.16484375 0.01015625 0.0296875
1 0.5796875 0.1671875 0.01328125 0.028125
1 0.56171875 0.12109375 0.01328125 0.028125
1 0.60546875 0.1578125 0.0125 0.0265625
1 0.62734375 0.1375 0.01484375 0.025
1 0.640625 0.11640625 0.0109375 0.028125
1 0.67734375 0.1234375 0.01015625 0.0265625
1 0.60859375 0.11640625 0.009375 0.01796875
1 0.57109375 0.14453125 0.0125 0.01796875
1 0.52109375 0.29609375 0.02109375 0.04140625
1 0.5609375 0.29375 0.02265625 0.05078125
1 0.6140625 0.31015625 0.02265625 0.0578125
1 0.60390625 0.25859375 0.0203125 0.04609375
1 0.575 0.22578125 0.02109375 0.04609375
1 0.62109375 0.2140625 0.0171875 0.0359375
1 0.66484375 0.2171875 0.01484375 0.0359375
1 0.67578125 0.26015625 0.01953125 0.04921875
1 0.70234375 0.26796875 0.01953125 0.04765625
1 0.6703125 0.18828125 0.01328125 0.028125
1 0.69765625 0.1875 0.0171875 0.0359375
1 0.68671875 0.15625 0.0125 0.0296875
1 0.7 0.14453125 0.0125 0.028125
1 0.7171875 0.1640625 0.01484375 0.03125
1 0.72578125 0.1359375 0.0109375 0.025
1 0.73828125 0.13125 0.0140625 0.03125
1 0.759375 0.1265625 0.0125 0.0296875
1 0.7578125 0.1671875 0.0140625 0.028125
1 0.771875 0.1609375 0.0140625 0.03125
1 0.7265625 0.20078125 0.01484375 0.0296875
1 0.709375 0.21796875 0.0171875 0.03828125
1 0.76875 0.22578125 0.01875 0.04921875
1 0.76171875 0.284375 0.025 0.04765625
1 0.8375 0.28203125 0.0203125 0.05625
1 0.915625 0.2484375 0.01875 0.05234375
1 0.884375 0.21484375 0.015625 0.034375
1 0.8828125 0.1734375 0.01015625 0.025
1 0.8875 0.15859375 0.0125 0.03125
1 0.83203125 0.22578125 0.0140625 0.0359375
1 0.840625 0.19140625 0.015625 0.0328125
1 0.84921875 0.16796875 0.0140625 0.0328125
1 0.8265625 0.1515625 0.01328125 0.0234375
1 0.80078125 0.1640625 0.01484375 0.03828125