1 0.11640625 0.34453125 0.02421875 0.05390625
1 0.15625 0.30625 0.0203125 0.04609375
1 0.20625 0.2875 0.01953125 0.04765625
1 0.19453125 0.3484375 0.02890625 0.05546875
1 0.20234375 0.3953125 0.03203125 0.08046875
1 0.190625 0.47265625 0.03671875 0.08515625
1 0.26640625 0.3125 0.03203125 0.065625
1 0.35703125 0.1703125 0.0140625 0.0359375
1 0.43046875 0.16484375 0.0265625 0.040625
1 0.5671875 0.1234375 0.02109375 0.04453125
1 0.66875 0.10703125 0.01640625 0.040625
1 0.715625 0.1171875 0.02109375 0.040625
1 0.7375 0.08984375 0.0234375 0.0390625
1 0.7890625 0.2375 0.0390625 0.08203125
1 0.93671875 0.2984375 0.040625 0.09296875