1 0.4796875 0.19296875 0.03046875 0.0640625
1 0.5125 0.26171875 0.02578125 0.059375
1 0.53671875 0.19609375 0.01953125 0.04453125
1 0.62421875 0.2015625 0.01875 0.04453125
1 0.6609375 0.19765625 0.01484375 0.034375
1 0.6734375 0.2109375 0.01953125 0.04296875
1 0.6625 0.25703125 0.0234375 0.05546875
1 0.70234375 0.19765625 0.0171875 0.04453125
1 0.7453125 0.209375 0.0171875 0.04296875
1 0.7703125 0.23046875 0.0234375 0.05390625
1 0.72421875 0.309375 0.0265625 0.05390625
1 0.753125 0.33359375 0.02578125 0.059375
1 0.81796875 0.26015625 0.02265625 0.0484375
1 0.8125 0.38515625 0.03359375 0.0734375
1 0.9171875 0.4015625 0.034375 0.0765625