1 0.0265625 0.41171875 0.05234375 0.0734375
1 0.10078125 0.48984375 0.065625 0.0859375
1 0.09609375 0.5828125 0.08828125 0.11484375
1 0.1484375 0.43125 0.04765625 0.06875
1 0.15546875 0.38984375 0.03984375 0.05234375
1 0.2734375 0.55078125 0.07109375 0.10078125
1 0.3140625 0.43203125 0.046875 0.0671875
1 0.28125 0.409375 0.0421875 0.065625
1 0.32734375 0.29765625 0.03125 0.04921875
1 0.4671875 0.4640625 0.0609375 0.0890625
1 0.453125 0.43984375 0.04765625 0.0703125
1 0.45390625 0.6578125 0.0984375 0.1421875
1 0.553125 0.60546875 0.0734375 0.11796875
1 0.85234375 0.73515625 0.1375 0.16953125
1 0.96796875 0.609375 0.06328125 0.1203125
1 0.84765625 0.34296875 0.0453125 0.0703125