1 0.03203125 0.42421875 0.025 0.06484375
1 0.23046875 0.33984375 0.01640625 0.0390625
1 0.25546875 0.36875 0.01796875 0.04375
1 0.29296875 0.36171875 0.02109375 0.040625
1 0.284375 0.30625 0.01640625 0.0390625
1 0.32890625 0.35703125 0.0203125 0.0421875
1 0.35078125 0.328125 0.01640625 0.03203125
1 0.34921875 0.29453125 0.0140625 0.03203125
1 0.38203125 0.26328125 0.01328125 0.0265625
1 0.39921875 0.26953125 0.01171875 0.03125
1 0.4015625 0.30078125 0.0171875 0.03671875
1 0.40078125 0.334375 0.02109375 0.0390625
1 0.42578125 0.309375 0.01640625 0.03515625
1 0.4296875 0.26953125 0.0140625 0.03671875
1 0.421875 0.24296875 0.0125 0.03125
1 0.44140625 0.340625 0.01875 0.04609375
1 0.45390625 0.4125 0.02734375 0.0578125
1 0.46328125 0.303125 0.01484375 0.03359375
1 0.4625 0.27109375 0.0125 0.028125
1 0.46328125 0.24140625 0.01171875 0.03125
1 0.4546875 0.2421875 0.00859375 0.0265625
1 0.49453125 0.2671875 0.01328125 0.03203125
1 0.4921875 0.31640625 0.01953125 0.03828125
1 0.50625 0.2765625 0.01484375 0.03359375
1 0.5265625 0.29921875 0.01640625 0.03359375
1 0.5203125 0.3515625 0.02265625 0.040625
1 0.5328125 0.40625 0.02734375 0.04609375
1 0.5140625 0.253125 0.0125 0.03125
1 0.53046875 0.25 0.015625 0.03671875
1 0.5484375 0.221875 0.0109375 0.025
1 0.559375 0.225 0.0125 0.02265625
1 0.559375 0.2453125 0.0125 0.0296875
1 0.5640625 0.26328125 0.0140625 0.0296875
1 0.5875 0.22421875 0.0109375 0.0296875
1 0.5921875 0.209375 0.0109375 0.025
1 0.60625 0.22421875 0.0140625 0.03203125
1 0.584375 0.24609375 0.01328125 0.02265625
1 0.58125 0.3359375 0.021875 0.0453125
1 0.58125 0.3921875 0.02421875 0.04921875
1 0.58125 0.4390625 0.03203125 0.0578125
1 0.61640625 0.46875 0.03046875 0.07421875
1 0.6390625 0.37109375 0.02265625 0.05078125
1 0.62734375 0.3484375 0.01796875 0.03671875
1 0.6140625 0.30625 0.01875 0.03671875
1 0.6203125 0.2296875 0.01171875 0.03203125
1 0.625 0.25 0.0140625 0.03125
1 0.64921875 0.221875 0.0140625 0.025
1 0.65546875 0.234375 0.01328125 0.028125
1 0.671875 0.22578125 0.0140625 0.028125
1 0.6796875 0.25078125 0.0140625 0.03203125
1 0.66953125 0.30703125 0.01796875 0.040625
1 0.66796875 0.35703125 0.021875 0.0453125
1 0.703125 0.40625 0.02734375 0.05234375
1 0.684375 0.48515625 0.0390625 0.0796875
1 0.7484375 0.43046875 0.02734375 0.06875
1 0.703125 0.28984375 0.015625 0.03515625
1 0.71171875 0.25703125 0.01640625 0.0390625
1 0.7203125 0.2453125 0.01015625 0.0296875
1 0.73359375 0.23203125 0.0140625 0.028125
1 0.734375 0.26640625 0.0109375 0.0296875
1 0.74453125 0.28515625 0.0140625 0.0421875
1 0.76015625 0.253125 0.0109375 0.025
1 0.753125 0.25 0.0125 0.028125
1 0.79296875 0.26875 0.01484375 0.03203125
1 0.81484375 0.25703125 0.0140625 0.03359375
1 0.825 0.28046875 0.0140625 0.03828125
1 0.8296875 0.27265625 0.01171875 0.03359375
1 0.84453125 0.2640625 0.01171875 0.03671875
1 0.86328125 0.28203125 0.01328125 0.03359375
1 0.9046875 0.28203125 0.01171875 0.02265625
1 0.90234375 0.30859375 0.01328125 0.03203125
1 0.88671875 0.309375 0.01328125 0.03359375
1 0.8796875 0.328125 0.0125 0.03203125
1 0.85390625 0.31484375 0.015625 0.03671875
1 0.88984375 0.35078125 0.01953125 0.0390625
1 0.853125 0.3578125 0.0171875 0.0421875
1 0.81171875 0.31875 0.01484375 0.0421875
1 0.78984375 0.31171875 0.015625 0.03359375
1 0.81015625 0.33671875 0.01875 0.0421875
1 0.8328125 0.36953125 0.02265625 0.053125
1 0.8734375 0.45703125 0.02578125 0.06015625
1 0.81953125 0.453125 0.03046875 0.05234375
1 0.7859375 0.359375 0.021875 0.04765625
1 0.790625 0.509375 0.03203125 0.065625