1 0.1578125 0.26640625 0.02109375 0.0390625
1 0.1765625 0.3140625 0.03515625 0.08671875
1 0.165625 0.4375 0.040625 0.08671875
1 0.35859375 0.2015625 0.01953125 0.03125
1 0.4640625 0.18203125 0.02578125 0.0515625
1 0.640625 0.2 0.021875 0.04609375
1 0.7703125 0.11953125 0.01171875 0.02578125
1 0.8046875 0.0890625 0.01484375 0.03125
1 0.828125 0.0828125 0.01171875 0.0296875
1 0.8359375 0.10703125 0.01484375 0.0296875
1 0.9125 0.175 0.01328125 0.0328125
1 0.93515625 0.2375 0.01953125 0.0515625
1 0.9421875 0.190625 0.0125 0.03515625
1 0.934375 0.17421875 0.009375 0.0203125