1 0.0859375 0.57578125 0.0546875 0.1234375
1 0.1828125 0.30078125 0.01953125 0.0515625
1 0.2109375 0.29765625 0.0234375 0.05859375
1 0.25390625 0.25 0.0171875 0.04609375
1 0.29375 0.2515625 0.02109375 0.04609375
1 0.29453125 0.21796875 0.01875 0.0390625
1 0.3171875 0.23671875 0.021875 0.05546875
1 0.33828125 0.21875 0.01796875 0.0375
1 0.35 0.20546875 0.0140625 0.0359375
1 0.37890625 0.19765625 0.01484375 0.0375
1 0.3765625 0.2546875 0.01640625 0.04453125
1 0.35625 0.27578125 0.01875 0.05859375
1 0.4265625 0.32109375 0.021875 0.05703125
1 0.4234375 0.19609375 0.01875 0.04296875
1 0.421875 0.17421875 0.0171875 0.03359375
1 0.44453125 0.16875 0.01328125 0.0375
1 0.45546875 0.1765625 0.0125 0.0390625
1 0.4609375 0.25546875 0.021875 0.0640625
1 0.48984375 0.2125 0.0203125 0.04296875
1 0.46953125 0.18046875 0.01796875 0.04609375
1 0.484375 0.15703125 0.015625 0.04296875
1 0.509375 0.17421875 0.0171875 0.04140625
1 0.54296875 0.22734375 0.0171875 0.0484375
1 0.54453125 0.13828125 0.0140625 0.04453125
1 0.5515625 0.15859375 0.015625 0.0359375
1 0.5671875 0.1359375 0.015625 0.0390625
1 0.5734375 0.20625 0.01953125 0.04453125
1 0.5734375 0.18046875 0.01796875 0.0390625
1 0.58671875 0.12734375 0.015625 0.03359375
1 0.5953125 0.1953125 0.015625 0.04140625
1 0.6140625 0.20546875 0.01640625 0.04296875
1 0.59765625 0.15703125 0.0171875 0.0359375
1 0.6203125 0.13125 0.0140625 0.0375
1 0.65 0.14609375 0.01484375 0.0390625
1 0.65 0.18515625 0.0109375 0.0375
1 0.65859375 0.13359375 0.01171875 0.03203125
1 0.68125 0.1671875 0.01796875 0.04140625
1 0.68359375 0.13984375 0.0140625 0.03359375
1 0.70390625 0.1640625 0.01171875 0.0359375
1 0.68828125 0.21875 0.015625 0.0484375
1 0.66328125 0.24296875 0.0203125 0.0609375
1 0.6140625 0.31015625 0.0234375 0.0515625
1 0.56875 0.34453125 0.028125 0.0609375
1 0.603125 0.38046875 0.028125 0.07109375
1 0.65078125 0.41796875 0.02890625 0.0609375
1 0.71484375 0.41328125 0.03125 0.0734375
1 0.72109375 0.29375 0.0203125 0.05546875
1 0.74765625 0.3015625 0.02109375 0.0609375
1 0.73671875 0.23828125 0.01953125 0.04453125
1 0.7375 0.20078125 0.01640625 0.0375
1 0.76484375 0.19453125 0.0140625 0.04609375
1 0.77421875 0.2171875 0.01484375 0.04453125
1 0.7859375 0.28203125 0.02109375 0.0609375
1 0.80859375 0.3109375 0.02421875 0.0609375
1 0.815625 0.2390625 0.0171875 0.04609375
1 0.8046875 0.19765625 0.01640625 0.05546875
1 0.83671875 0.22578125 0.01484375 0.04140625
1 0.8671875 0.24296875 0.015625 0.04296875
1 0.8734375 0.23671875 0.01484375 0.0375
1 0.9 0.2390625 0.01640625 0.0390625
1 0.89609375 0.2734375 0.01640625 0.0390625
1 0.88359375 0.2953125 0.01875 0.0484375
1 0.85859375 0.35546875 0.01796875 0.05390625
1 0.86953125 0.33125 0.0171875 0.04140625
1 0.884375 0.41640625 0.02265625 0.07109375
1 0.86171875 0.5078125 0.02578125 0.0875
1 0.79140625 0.48125 0.03515625 0.09453125
1 0.95 0.49453125 0.0203125 0.075
1 0.94296875 0.40078125 0.02265625 0.06953125
1 0.92109375 0.34765625 0.02109375 0.0625
1 0.92734375 0.2828125 0.01484375 0.04453125
1 0.94375 0.25390625 0.015625 0.04609375
1 0.98515625 0.27890625 0.0171875 0.04609375
1 0.96953125 0.3203125 0.01328125 0.03359375
1 0.97109375 0.38125 0.0171875 0.05546875
1 0.97109375 0.34609375 0.01484375 0.0359375