1 0.1828125 0.48046875 0.0375 0.0734375
1 0.278125 0.2390625 0.0140625 0.03671875
1 0.30625 0.22265625 0.01171875 0.03203125
1 0.334375 0.22109375 0.01796875 0.03203125
1 0.38046875 0.1875 0.01328125 0.03203125
1 0.35546875 0.2296875 0.01875 0.03515625
1 0.34921875 0.27109375 0.0203125 0.03203125
1 0.3796875 0.2609375 0.02109375 0.04140625
1 0.3921875 0.22109375 0.01484375 0.028125
1 0.40390625 0.19765625 0.01640625 0.03203125
1 0.4421875 0.178125 0.01640625 0.028125
1 0.4546875 0.1546875 0.0140625 0.028125
1 0.4765625 0.14140625 0.01015625 0.025
1 0.409375 0.25546875 0.02265625 0.046875
1 0.453125 0.2234375 0.0203125 0.03671875
1 0.55625 0.121875 0.01328125 0.0296875
1 0.475 0.2421875 0.0203125 0.05
1 0.49375 0.20078125 0.01953125 0.03515625
1 0.51875 0.215625 0.02109375 0.04375
1 0.53125 0.18046875 0.01796875 0.03984375
1 0.50859375 0.16875 0.01640625 0.04375
1 0.58046875 0.1671875 0.015625 0.03984375
1 0.57578125 0.12890625 0.0109375 0.0265625
1 0.61015625 0.12734375 0.0140625 0.028125
1 0.615625 0.146875 0.0109375 0.0265625
1 0.6390625 0.12734375 0.01328125 0.028125
1 0.6640625 0.1234375 0.01328125 0.0296875
1 0.5671875 0.23125 0.02265625 0.0484375
1 0.51796875 0.29765625 0.02109375 0.0453125
1 0.5765625 0.28828125 0.02578125 0.05859375
1 0.6171875 0.25078125 0.0234375 0.046875
1 0.634375 0.2078125 0.02109375 0.03828125
1 0.65234375 0.18125 0.01953125 0.03515625
1 0.6390625 0.3203125 0.02890625 0.053125
1 0.65390625 0.25625 0.02109375 0.05546875
1 0.678125 0.2046875 0.01953125 0.0484375
1 0.69140625 0.15 0.015625 0.0296875
1 0.72734375 0.1296875 0.0140625 0.028125
1 0.7296875 0.17890625 0.02265625 0.0265625
1 0.74453125 0.14453125 0.0140625 0.021875
1 0.7125 0.2171875 0.028125 0.053125
1 0.7671875 0.2734375 0.02421875 0.05
1 0.7515625 0.23984375 0.02265625 0.05546875
1 0.77109375 0.20625 0.01796875 0.03828125
1 0.76328125 0.16328125 0.01484375 0.0296875
1 0.76171875 0.13671875 0.01484375 0.0296875
1 0.83125 0.153125 0.015625 0.03203125
1 0.790625 0.165625 0.0140625 0.0296875
1 0.8578125 0.15390625 0.01484375 0.0296875
1 0.88828125 0.16015625 0.01328125 0.03671875
1 0.8421875 0.19921875 0.01953125 0.03828125
1 0.8171875 0.22890625 0.0203125 0.04375
1 0.83515625 0.31953125 0.02265625 0.06484375
1 0.85546875 0.2484375 0.01796875 0.04375
1 0.87265625 0.1953125 0.01875 0.03359375
1 0.91796875 0.253125 0.0203125 0.05859375
1 0.9125 0.23984375 0.0203125 0.0453125
1 0.72734375 0.20859375 0.0203125 0.04375
1 0.55 0.1578125 0.01640625 0.03515625
1 0.628125 0.12421875 0.01328125 0.028125
1 0.30234375 0.26328125 0.01484375 0.03828125
1 0.26953125 0.26953125 0.01796875 0.028125
1 0.59296875 0.15 0.01171875 0.03671875
1 0.71171875 0.27734375 0.025 0.05703125