1 0.20234375 0.409375 0.0421875 0.08359375
1 0.28359375 0.25078125 0.01875 0.034375
1 0.2953125 0.253125 0.01953125 0.0359375
1 0.31328125 0.22109375 0.01796875 0.034375
1 0.32734375 0.26875 0.021875 0.0484375
1 0.35 0.21640625 0.01953125 0.04296875
1 0.38515625 0.2578125 0.02265625 0.03984375
1 0.39921875 0.23515625 0.01875 0.04140625
1 0.421875 0.2640625 0.02265625 0.04140625
1 0.4328125 0.2359375 0.01875 0.04296875
1 0.42109375 0.19296875 0.0171875 0.0375
1 0.40625 0.1828125 0.015625 0.03046875
1 0.3921875 0.19296875 0.01640625 0.034375
1 0.4265625 0.16328125 0.01640625 0.02890625
1 0.44609375 0.1546875 0.0125 0.034375
1 0.46640625 0.16171875 0.015625 0.034375
1 0.4765625 0.2171875 0.02421875 0.04921875
1 0.4953125 0.18984375 0.01796875 0.04140625
1 0.49296875 0.13828125 0.0140625 0.02890625
1 0.50703125 0.14921875 0.01640625 0.02890625
1 0.5203125 0.146875 0.0171875 0.03046875
1 0.54296875 0.1921875 0.01796875 0.0375
1 0.54765625 0.14921875 0.01484375 0.0234375
1 0.559375 0.16484375 0.0171875 0.025
1 0.57265625 0.1390625 0.0125 0.02734375
1 0.575 0.17109375 0.01796875 0.0375
1 0.60625 0.15078125 0.01328125 0.02578125
1 0.5890625 0.14765625 0.0140625 0.03125
1 0.603125 0.11015625 0.0140625 0.025
1 0.6234375 0.13671875 0.01796875 0.03125
1 0.64609375 0.11953125 0.0109375 0.025
1 0.6640625 0.12109375 0.01328125 0.0328125
1 0.553125 0.25625 0.02578125 0.05078125
1 0.540625 0.30859375 0.02890625 0.06171875
1 0.496875 0.29609375 0.0296875 0.0546875
1 0.60546875 0.21015625 0.021875 0.0484375
1 0.5984375 0.2671875 0.0265625 0.05078125
1 0.653125 0.21640625 0.02265625 0.04296875
1 0.64453125 0.16953125 0.01640625 0.03984375
1 0.68671875 0.15234375 0.01875 0.03125
1 0.690625 0.19609375 0.02109375 0.03984375
1 0.70859375 0.22109375 0.0234375 0.0484375
1 0.6640625 0.246875 0.02421875 0.0484375
1 0.67890625 0.3078125 0.0296875 0.06015625
1 0.70703125 0.2953125 0.02578125 0.06484375
1 0.72109375 0.153125 0.01640625 0.0375
1 0.7390625 0.1890625 0.02109375 0.04296875
1 0.753125 0.22265625 0.02265625 0.04140625
1 0.7625 0.3359375 0.0359375 0.06015625
1 0.7921875 0.28671875 0.025 0.05390625
1 0.84296875 0.32421875 0.03125 0.05625
1 0.80546875 0.2265625 0.02265625 0.0484375
1 0.775 0.20703125 0.02109375 0.04296875
1 0.75859375 0.178125 0.0171875 0.03984375
1 0.7578125 0.140625 0.0203125 0.0328125
1 0.77890625 0.16015625 0.01875 0.03984375
1 0.79296875 0.1421875 0.015625 0.034375
1 0.80234375 0.1734375 0.0171875 0.04375
1 0.8140625 0.1546875 0.01484375 0.034375
1 0.828125 0.14453125 0.01484375 0.0328125
1 0.86328125 0.1484375 0.01328125 0.04140625
1 0.82734375 0.1953125 0.0203125 0.04140625
1 0.83125 0.2296875 0.01953125 0.046875
1 0.8515625 0.23828125 0.021875 0.05234375
1 0.875 0.22578125 0.01875 0.04921875
1 0.884375 0.2015625 0.01796875 0.04296875
1 0.89921875 0.2640625 0.02265625 0.06328125