1 0.440625 0.2125 0.0171875 0.04140625
1 0.45859375 0.2265625 0.0171875 0.04140625
1 0.671875 0.12734375 0.0109375 0.02734375
1 0.63671875 0.146875 0.01171875 0.03515625
1 0.6515625 0.1515625 0.01484375 0.02265625
1 0.75390625 0.15234375 0.015625 0.02109375
1 0.771875 0.15703125 0.0140625 0.02734375
1 0.8734375 0.1921875 0.0125 0.02734375
1 0.9421875 0.20625 0.01484375 0.03515625
1 0.8265625 0.26171875 0.01796875 0.04453125
1 0.89375 0.22578125 0.01640625 0.03359375
1 0.8921875 0.26171875 0.01953125 0.03203125
1 0.921875 0.25390625 0.0171875 0.03828125
1 0.61171875 0.11640625 0.0125 0.02578125