1 0.12734375 0.615625 0.03046875 0.0875
1 0.07421875 0.49921875 0.02421875 0.07265625
1 0.06015625 0.4109375 0.02265625 0.06015625
1 0.04296875 0.24921875 0.01640625 0.04140625
1 0.0453125 0.21796875 0.015625 0.0359375
1 0.12890625 0.20625 0.015625 0.03828125
1 0.15859375 0.15546875 0.01484375 0.034375
1 0.1703125 0.17890625 0.015625 0.04140625
1 0.1875 0.20390625 0.0140625 0.03828125
1 0.1765625 0.275 0.01640625 0.04921875
1 0.21875 0.45078125 0.03046875 0.07421875
1 0.22890625 0.34375 0.021875 0.05625
1 0.24296875 0.3015625 0.0171875 0.0578125
1 0.2125 0.12578125 0.0125 0.03046875
1 0.21953125 0.14453125 0.0125 0.034375
1 0.25234375 0.13125 0.0109375 0.034375
1 0.29140625 0.16640625 0.01640625 0.03828125
1 0.290625 0.21015625 0.01796875 0.046875
1 0.303125 0.225 0.015625 0.04375
1 0.34375 0.21875 0.01796875 0.04140625
1 0.3828125 0.1734375 0.01640625 0.04140625
1 0.36328125 0.08828125 0.0140625 0.034375
1 0.40234375 0.09765625 0.01328125 0.03984375
1 0.41484375 0.1703125 0.01484375 0.0359375
1 0.465625 0.27734375 0.01796875 0.0546875
1 0.47578125 0.21796875 0.01953125 0.05078125
1 0.53984375 0.47890625 0.02734375 0.06875
1 0.559375 0.3109375 0.0234375 0.06015625
1 0.61171875 0.23828125 0.0171875 0.03828125
1 0.68046875 0.33515625 0.0234375 0.05625
1 0.7875 0.38203125 0.025 0.06015625
1 0.85546875 0.28125 0.015625 0.046875
1 0.87421875 0.29609375 0.01640625 0.046875
1 0.9296875 0.37578125 0.01875 0.04375
1 0.815625 0.23984375 0.015625 0.03984375
1 0.7765625 0.2078125 0.01484375 0.03828125
1 0.70390625 0.21875 0.01796875 0.04140625
1 0.7125 0.28125 0.01953125 0.046875
1 0.65546875 0.153125 0.0140625 0.034375
1 0.61796875 0.10703125 0.0125 0.0328125
1 0.59375 0.13359375 0.015625 0.03828125
1 0.57421875 0.20546875 0.01953125 0.04375
1 0.553125 0.1625 0.0140625 0.03046875
1 0.49765625 0.1734375 0.015625 0.03828125
1 0.46953125 0.16953125 0.01328125 0.03046875
1 0.46171875 0.12890625 0.015625 0.0359375
1 0.48203125 0.11875 0.01328125 0.034375
1 0.48046875 0.075 0.01328125 0.02734375
1 0.51015625 0.10625 0.0125 0.02734375
1 0.54140625 0.0765625 0.0125 0.02890625
1 0.58046875 0.09765625 0.01328125 0.0359375
1 0.4328125 0.0890625 0.0125 0.0359375