1 0.19453125 0.46328125 0.0484375 0.1078125
1 0.25390625 0.434375 0.0453125 0.10234375
1 0.31640625 0.28203125 0.021875 0.04453125
1 0.371875 0.2578125 0.01953125 0.04296875
1 0.41640625 0.2375 0.01953125 0.03828125
1 0.43046875 0.2765625 0.02421875 0.03828125
1 0.446875 0.2296875 0.02265625 0.04296875
1 0.45390625 0.19140625 0.01796875 0.04296875
1 0.478125 0.1984375 0.01875 0.03984375
1 0.46171875 0.0890625 0.01796875 0.0296875
1 0.46640625 0.1546875 0.01640625 0.03125
1 0.47734375 0.15625 0.0140625 0.03125
1 0.5265625 0.1609375 0.01796875 0.03125
1 0.53671875 0.13984375 0.01640625 0.034375
1 0.5546875 0.15390625 0.01796875 0.03671875
1 0.58046875 0.1546875 0.01875 0.04140625
1 0.54140625 0.20078125 0.01796875 0.034375
1 0.48046875 0.3265625 0.03125 0.0609375
1 0.6609375 0.2609375 0.02890625 0.053125
1 0.72109375 0.284375 0.028125 0.0625
1 0.69609375 0.15390625 0.021875 0.04296875
1 0.72578125 0.13046875 0.0171875 0.0328125
1 0.73359375 0.15625 0.01796875 0.034375
1 0.75 0.1265625 0.01484375 0.03828125
1 0.7671875 0.16484375 0.02109375 0.04453125
1 0.784375 0.26796875 0.02890625 0.05625
1 0.80703125 0.19140625 0.02265625 0.04296875
1 0.875 0.21640625 0.021875 0.04609375
1 0.8203125 0.13203125 0.0140625 0.0328125