1 0.184375 0.40625 0.04296875 0.0796875
1 0.27734375 0.25625 0.02109375 0.0296875
1 0.2875 0.275 0.02109375 0.04140625
1 0.3578125 0.2609375 0.015625 0.0328125
1 0.371875 0.28125 0.01875 0.03671875
1 0.378125 0.23046875 0.01640625 0.028125
1 0.3703125 0.196875 0.01640625 0.0328125
1 0.396875 0.19765625 0.0140625 0.028125
1 0.40390625 0.16015625 0.01484375 0.0265625
1 0.42734375 0.17734375 0.01640625 0.03125
1 0.4546875 0.15390625 0.0140625 0.0265625
1 0.4703125 0.15703125 0.0140625 0.0265625
1 0.48359375 0.1703125 0.01640625 0.0265625
1 0.4546875 0.1828125 0.01953125 0.034375
1 0.446875 0.2296875 0.01875 0.04296875
1 0.4796875 0.23046875 0.02109375 0.04140625
1 0.50703125 0.17578125 0.01796875 0.034375
1 0.51640625 0.20078125 0.01796875 0.034375
1 0.515625 0.153125 0.01484375 0.025
1 0.51640625 0.12421875 0.0125 0.0265625
1 0.53515625 0.13046875 0.01484375 0.0234375
1 0.5546875 0.125 0.01328125 0.025
1 0.56875 0.13125 0.0140625 0.025
1 0.56171875 0.18046875 0.015625 0.0296875
1 0.5546875 0.165625 0.01328125 0.0234375
1 0.5890625 0.13125 0.0140625 0.03125
1 0.59921875 0.096875 0.0109375 0.025
1 0.62109375 0.10390625 0.01015625 0.01953125
1 0.63125 0.10546875 0.0109375 0.01953125
1 0.61015625 0.1328125 0.0140625 0.025
1 0.6484375 0.11484375 0.01328125 0.021875
1 0.64765625 0.1375 0.01484375 0.0265625
1 0.67890625 0.10546875 0.0125 0.0265625
1 0.70234375 0.1015625 0.0125 0.025
1 0.6875 0.1515625 0.01484375 0.025
1 0.66484375 0.1734375 0.01796875 0.0296875
1 0.6234375 0.20546875 0.01640625 0.034375
1 0.6125 0.159375 0.01796875 0.025
1 0.57109375 0.16171875 0.01484375 0.0234375
1 0.628125 0.246875 0.0203125 0.03828125
1 0.55703125 0.25625 0.01875 0.03671875
1 0.50390625 0.2984375 0.028125 0.0546875
1 0.54375 0.3203125 0.025 0.04296875
1 0.62109375 0.31953125 0.02890625 0.0515625
1 0.67265625 0.21328125 0.02109375 0.03984375
1 0.7 0.18359375 0.02109375 0.03984375
1 0.72734375 0.1625 0.01484375 0.028125
1 0.7296875 0.1203125 0.015625 0.0296875
1 0.74453125 0.13125 0.0140625 0.03125
1 0.77109375 0.128125 0.0125 0.025
1 0.7890625 0.140625 0.0140625 0.0296875
1 0.72890625 0.196875 0.02109375 0.03984375
1 0.70625 0.2390625 0.0203125 0.03828125
1 0.68671875 0.34453125 0.0296875 0.0578125
1 0.71875 0.26953125 0.02109375 0.04609375
1 0.76015625 0.215625 0.01953125 0.04140625
1 0.7765625 0.203125 0.01796875 0.04296875
1 0.81640625 0.1515625 0.015625 0.03125
1 0.8375 0.13671875 0.015625 0.03125
1 0.86875 0.1171875 0.0109375 0.0265625
1 0.86328125 0.1453125 0.0140625 0.0265625
1 0.85546875 0.1703125 0.01875 0.03984375
1 0.83125 0.1953125 0.0203125 0.04609375
1 0.8140625 0.25703125 0.02265625 0.04765625
1 0.778125 0.28359375 0.025 0.0546875
1 0.74453125 0.38125 0.0296875 0.07109375
1 0.80625 0.41015625 0.03046875 0.0625
1 0.8953125 0.35078125 0.02890625 0.053125
1 0.84765625 0.303125 0.025 0.0546875
1 0.86796875 0.246875 0.01953125 0.03828125
1 0.87890625 0.20546875 0.01796875 0.034375
1 0.92421875 0.26640625 0.01875 0.03984375
1 0.92265625 0.21484375 0.0140625 0.04609375
1 0.896875 0.17265625 0.01796875 0.03125
1 0.93125 0.15859375 0.01328125 0.0265625