1 0.07265625 0.51484375 0.05859375 0.128125
1 0.259375 0.28125 0.01640625 0.03671875
1 0.284375 0.271875 0.01640625 0.03515625
1 0.3 0.2578125 0.0234375 0.03984375
1 0.3078125 0.28515625 0.01484375 0.03828125
1 0.3328125 0.2796875 0.02421875 0.04296875
1 0.315625 0.23046875 0.01640625 0.03125
1 0.34296875 0.209375 0.01484375 0.03359375
1 0.3515625 0.23515625 0.01875 0.04140625
1 0.40546875 0.28203125 0.02734375 0.0453125
1 0.3765625 0.2296875 0.0203125 0.03671875
1 0.38515625 0.20078125 0.0203125 0.04140625
1 0.4109375 0.225 0.01953125 0.03984375
1 0.46328125 0.23359375 0.0203125 0.0453125
1 0.42578125 0.18203125 0.015625 0.03515625
1 0.40859375 0.16875 0.01484375 0.025
1 0.44609375 0.20234375 0.01796875 0.03515625
1 0.46875 0.1953125 0.01484375 0.03125
1 0.4828125 0.19921875 0.0203125 0.03828125
1 0.52734375 0.21484375 0.01875 0.03359375
1 0.45078125 0.140625 0.0109375 0.028125
1 0.45859375 0.1609375 0.01328125 0.028125
1 0.4765625 0.16171875 0.0140625 0.0265625
1 0.47265625 0.1484375 0.01328125 0.0265625
1 0.48359375 0.1375 0.0109375 0.028125
1 0.5015625 0.16875 0.01328125 0.03125
1 0.525 0.13984375 0.01796875 0.03359375
1 0.53359375 0.1265625 0.01484375 0.0296875
1 0.54609375 0.15625 0.01875 0.03671875
1 0.57734375 0.1703125 0.01796875 0.03828125
1 0.5546875 0.11328125 0.01484375 0.0265625
1 0.58359375 0.10546875 0.0140625 0.028125
1 0.59140625 0.11875 0.0109375 0.025
1 0.6078125 0.11171875 0.01171875 0.0265625
1 0.61328125 0.09765625 0.01328125 0.028125
1 0.62265625 0.13515625 0.01484375 0.03359375
1 0.6359375 0.1015625 0.01171875 0.0265625
1 0.646875 0.1140625 0.01484375 0.03125
1 0.6703125 0.12265625 0.01640625 0.03125
1 0.68671875 0.14453125 0.01796875 0.03671875
1 0.69609375 0.0953125 0.0140625 0.03828125
1 0.70546875 0.13359375 0.01796875 0.03828125
1 0.65 0.1703125 0.0203125 0.0453125
1 0.603125 0.21640625 0.025 0.046875
1 0.56640625 0.24375 0.02265625 0.0453125
1 0.6109375 0.26484375 0.028125 0.05625
1 0.5328125 0.3125 0.03359375 0.06953125
1 0.4875 0.29296875 0.03359375 0.05625
1 0.5765625 0.36640625 0.0328125 0.06640625
1 0.671875 0.32734375 0.0328125 0.078125
1 0.6671875 0.2578125 0.02578125 0.05625
1 0.703125 0.28671875 0.02734375 0.05859375
1 0.66015625 0.2109375 0.02421875 0.053125
1 0.68515625 0.18359375 0.015625 0.04140625
1 0.7015625 0.22109375 0.0234375 0.05
1 0.73515625 0.196875 0.02109375 0.0515625
1 0.75703125 0.228125 0.025 0.05625
1 0.78125 0.2828125 0.03046875 0.06640625
1 0.86484375 0.221875 0.01796875 0.04140625
1 0.8875 0.2046875 0.01484375 0.03984375
1 0.9203125 0.26875 0.02265625 0.0546875
1 0.9203125 0.1921875 0.01484375 0.0453125
1 0.925 0.15703125 0.01484375 0.03828125
1 0.88671875 0.165625 0.015625 0.03515625
1 0.89296875 0.12578125 0.0109375 0.03125
1 0.86875 0.13046875 0.0140625 0.03125
1 0.86171875 0.15234375 0.0140625 0.028125
1 0.84609375 0.18046875 0.01953125 0.03515625
1 0.79765625 0.178125 0.01953125 0.04296875
1 0.8125 0.16484375 0.01796875 0.03984375
1 0.8265625 0.140625 0.0140625 0.03515625
1 0.8109375 0.125 0.0109375 0.03359375
1 0.78984375 0.1296875 0.01328125 0.03359375
1 0.78203125 0.11328125 0.01484375 0.03359375
1 0.7609375 0.12734375 0.01484375 0.03125
1 0.75703125 0.159375 0.015625 0.03671875
1 0.725 0.15703125 0.01875 0.03515625
1 0.73671875 0.12421875 0.01328125 0.03515625
1 0.74921875 0.1265625 0.015625 0.03671875