1 0.12890625 0.14375 0.04609375 0.08046875
1 0.1640625 0.1953125 0.05390625 0.08359375
1 0.18203125 0.3328125 0.05 0.075
1 0.290625 0.334375 0.06640625 0.1171875
1 0.38984375 0.35546875 0.0609375 0.103125
1 0.3015625 0.11953125 0.04453125 0.08359375
1 0.43828125 0.12265625 0.04609375 0.08359375
1 0.43671875 0.24921875 0.04453125 0.08046875
1 0.4046875 0.22109375 0.05 0.09765625
1 0.53671875 0.115625 0.04453125 0.08671875
1 0.690625 0.16875 0.04453125 0.08671875
1 0.67421875 0.10703125 0.04453125 0.075
1 0.7953125 0.0796875 0.05390625 0.08671875
1 0.8359375 0.26015625 0.04609375 0.08046875
1 0.70625 0.38125 0.04609375 0.0890625
1 0.96328125 0.309375 0.05546875 0.11171875
1 0.921875 0.128125 0.040625 0.078125