1 0.08515625 0.55859375 0.04375 0.11171875
1 0.24140625 0.26953125 0.02109375 0.04375
1 0.23125 0.24140625 0.0171875 0.0328125
1 0.28515625 0.22421875 0.01796875 0.0421875
1 0.29921875 0.2375 0.0171875 0.040625
1 0.31875 0.2 0.0171875 0.046875
1 0.3375 0.21484375 0.01875 0.05234375
1 0.35546875 0.21015625 0.015625 0.0421875
1 0.37265625 0.2484375 0.01875 0.05390625
1 0.403125 0.221875 0.01640625 0.040625
1 0.44296875 0.28828125 0.02265625 0.05390625
1 0.371875 0.190625 0.02109375 0.0375
1 0.4 0.17734375 0.01640625 0.0390625
1 0.4390625 0.18046875 0.01484375 0.0328125
1 0.4578125 0.1546875 0.0125 0.028125
1 0.4828125 0.16328125 0.0171875 0.0421875
1 0.4953125 0.19453125 0.01796875 0.0421875
1 0.48203125 0.2390625 0.0234375 0.046875
1 0.5359375 0.21953125 0.01875 0.0453125
1 0.5234375 0.15625 0.0203125 0.04375
1 0.53359375 0.14921875 0.01796875 0.040625
1 0.4984375 0.14296875 0.015625 0.034375
1 0.5625 0.14140625 0.01484375 0.034375
1 0.55859375 0.12578125 0.015625 0.03125
1 0.58515625 0.190625 0.0171875 0.04375
1 0.58671875 0.15390625 0.015625 0.0359375
1 0.58203125 0.12578125 0.015625 0.0375
1 0.6015625 0.115625 0.01640625 0.0359375
1 0.6109375 0.14140625 0.01328125 0.028125
1 0.61640625 0.1640625 0.0125 0.03125
1 0.6109375 0.19921875 0.0171875 0.0421875
1 0.57734375 0.309375 0.02578125 0.05546875
1 0.61796875 0.34765625 0.02734375 0.06015625
1 0.6640625 0.375 0.03046875 0.06640625
1 0.62109375 0.26640625 0.025 0.06328125
1 0.675 0.21328125 0.025 0.05546875
1 0.6625 0.165625 0.0140625 0.034375
1 0.63828125 0.11640625 0.01484375 0.0375
1 0.65703125 0.134375 0.0140625 0.0359375
1 0.66875 0.1328125 0.01328125 0.0359375
1 0.69140625 0.146875 0.0171875 0.0359375
1 0.6953125 0.13359375 0.01484375 0.040625
1 0.7203125 0.1453125 0.01875 0.0390625
1 0.69765625 0.196875 0.01953125 0.046875
1 0.72109375 0.24765625 0.025 0.0484375
1 0.75234375 0.27421875 0.021875 0.046875
1 0.74453125 0.2140625 0.015625 0.040625
1 0.75390625 0.17421875 0.015625 0.0359375
1 0.77890625 0.18671875 0.01796875 0.0421875
1 0.78515625 0.1578125 0.015625 0.0375
1 0.81015625 0.1796875 0.01640625 0.040625
1 0.81875 0.21015625 0.01484375 0.0390625
1 0.83125 0.2 0.01484375 0.0375
1 0.796875 0.23046875 0.015625 0.0421875
1 0.81015625 0.3 0.0265625 0.05859375
1 0.73125 0.37109375 0.0265625 0.07421875
1 0.803125 0.421875 0.03203125 0.08515625
1 0.86171875 0.471875 0.0359375 0.08359375
1 0.8859375 0.37578125 0.0234375 0.06171875
1 0.86015625 0.315625 0.01796875 0.05546875
1 0.86953125 0.28828125 0.02265625 0.040625
1 0.8890625 0.26328125 0.01875 0.05078125
1 0.8609375 0.21484375 0.0171875 0.0359375
1 0.87890625 0.22578125 0.015625 0.0421875
1 0.90546875 0.215625 0.0140625 0.034375
1 0.903125 0.24296875 0.015625 0.0390625
1 0.9265625 0.24765625 0.0140625 0.0359375
1 0.925 0.30625 0.01953125 0.05859375
1 0.94609375 0.35703125 0.0234375 0.06171875
1 0.94609375 0.4203125 0.0234375 0.07578125
1 0.975 0.3421875 0.02265625 0.05546875
1 0.9796875 0.28984375 0.01640625 0.05078125
1 0.9859375 0.2421875 0.0140625 0.0375
1 0.95625 0.24296875 0.01640625 0.0359375