1 0.03984375 0.6890625 0.0328125 0.05234375
1 0.09453125 0.68203125 0.02734375 0.04921875
1 0.121875 0.7125 0.034375 0.0546875
1 0.16171875 0.696875 0.03046875 0.05234375
1 0.153125 0.65625 0.02890625 0.04140625
1 0.2015625 0.61953125 0.02734375 0.04375
1 0.23359375 0.603125 0.0234375 0.04375
1 0.1984375 0.565625 0.021875 0.04140625
1 0.22890625 0.7640625 0.04296875 0.07109375
1 0.24453125 0.69296875 0.03046875 0.0546875
1 0.26796875 0.73828125 0.034375 0.0578125
1 0.290625 0.7 0.025 0.046875
1 0.29140625 0.66328125 0.0234375 0.03828125
1 0.3078125 0.65078125 0.01953125 0.046875
1 0.284375 0.55859375 0.03046875 0.04921875
1 0.31484375 0.49296875 0.0125 0.0328125
1 0.33515625 0.5140625 0.01640625 0.03046875
1 0.3609375 0.52734375 0.01796875 0.0359375
1 0.3421875 0.63828125 0.01953125 0.03828125
1 0.34453125 0.6125 0.025 0.03046875
1 0.3609375 0.578125 0.025 0.04375
1 0.34140625 0.71484375 0.0328125 0.0546875
1 0.34453125 0.78359375 0.046875 0.0765625
1 0.25234375 0.8453125 0.05390625 0.0796875
1 0.384375 0.765625 0.046875 0.08515625
1 0.43125 0.8578125 0.0796875 0.13671875
1 0.51953125 0.8015625 0.06875 0.11796875
1 0.46015625 0.75234375 0.03984375 0.0578125
1 0.49609375 0.71953125 0.0328125 0.05234375
1 0.39375 0.69296875 0.0359375 0.06015625
1 0.41328125 0.63828125 0.02890625 0.06015625
1 0.434375 0.6671875 0.03046875 0.0578125
1 0.42890625 0.60390625 0.0234375 0.04140625
1 0.44296875 0.621875 0.0234375 0.04375
1 0.446875 0.5640625 0.02734375 0.04375
1 0.39375 0.4765625 0.01796875 0.0328125
1 0.39921875 0.4421875 0.0140625 0.025
1 0.4125 0.44921875 0.01640625 0.02734375
1 0.4265625 0.4453125 0.01640625 0.03046875
1 0.440625 0.46015625 0.01796875 0.0328125
1 0.46484375 0.46015625 0.01640625 0.0328125
1 0.4828125 0.4859375 0.01640625 0.03046875
1 0.525 0.5140625 0.01796875 0.0359375
1 0.5390625 0.56015625 0.01640625 0.0359375
1 0.521875 0.5765625 0.021875 0.0359375
1 0.51328125 0.6015625 0.01953125 0.0359375
1 0.50078125 0.609375 0.01640625 0.04140625
1 0.4828125 0.64921875 0.03046875 0.06015625
1 0.5359375 0.66875 0.0359375 0.0546875
1 0.553125 0.64375 0.03046875 0.04921875
1 0.590625 0.68359375 0.04296875 0.06875
1 0.6203125 0.68046875 0.03046875 0.0578125
1 0.64296875 0.64765625 0.021875 0.04140625
1 0.61796875 0.61484375 0.02734375 0.046875
1 0.68125 0.6359375 0.034375 0.065625
1 0.69921875 0.678125 0.05234375 0.07421875
1 0.72734375 0.6765625 0.04296875 0.07109375
1 0.77890625 0.63046875 0.04140625 0.065625
1 0.83515625 0.634375 0.03828125 0.07421875
1 0.89296875 0.690625 0.0484375 0.0875
1 0.93203125 0.653125 0.0484375 0.08515625
1 0.9640625 0.5796875 0.0328125 0.06328125