1 0.27890625 0.18984375 0.0203125 0.03671875
1 0.3046875 0.18984375 0.01875 0.03359375
1 0.3015625 0.21875 0.01953125 0.03671875
1 0.33046875 0.3015625 0.03671875 0.0703125
1 0.51953125 0.16484375 0.02109375 0.0515625
1 0.57109375 0.1328125 0.025 0.04453125
1 0.58125 0.29765625 0.03984375 0.08515625
1 0.65859375 0.25078125 0.02890625 0.059375
1 0.6453125 0.2484375 0.02109375 0.0578125
1 0.6171875 0.14921875 0.021875 0.04453125
1 0.63046875 0.12578125 0.01640625 0.03671875
1 0.6953125 0.215625 0.02734375 0.05
1 0.75703125 0.2796875 0.02265625 0.05
1 0.75078125 0.2375 0.01953125 0.04140625