1 0.16640625 0.4890625 0.0421875 0.0765625
1 0.28984375 0.275 0.0203125 0.04765625
1 0.3203125 0.28203125 0.025 0.04453125
1 0.321875 0.21953125 0.01328125 0.02890625
1 0.3390625 0.22421875 0.01875 0.03515625
1 0.3625 0.22421875 0.01953125 0.04609375
1 0.37421875 0.23203125 0.0171875 0.0375
1 0.3625 0.28984375 0.02421875 0.053125
1 0.41328125 0.26796875 0.025 0.04765625
1 0.4265625 0.22578125 0.02421875 0.0421875
1 0.403125 0.19921875 0.01875 0.0359375
1 0.42890625 0.178125 0.01953125 0.03203125
1 0.453125 0.16953125 0.0140625 0.02890625
1 0.4484375 0.1484375 0.015625 0.0234375
1 0.4921875 0.2171875 0.01484375 0.040625
1 0.4828125 0.20078125 0.0171875 0.03359375
1 0.47265625 0.14765625 0.01484375 0.028125
1 0.49765625 0.15625 0.01328125 0.03046875
1 0.49375 0.1328125 0.01328125 0.028125
1 0.509375 0.13125 0.01640625 0.03046875
1 0.5203125 0.15546875 0.01640625 0.0375
1 0.5359375 0.17734375 0.01875 0.0421875
1 0.54296875 0.1296875 0.01328125 0.03046875
1 0.55546875 0.14765625 0.01484375 0.03359375
1 0.56015625 0.12421875 0.01328125 0.025
1 0.57578125 0.17578125 0.01640625 0.03359375
1 0.5828125 0.12265625 0.01796875 0.03359375
1 0.60546875 0.1546875 0.01640625 0.03359375
1 0.59296875 0.11015625 0.01171875 0.028125
1 0.61328125 0.10078125 0.01328125 0.0265625
1 0.62265625 0.12109375 0.0140625 0.028125
1 0.6359375 0.13125 0.01484375 0.028125
1 0.6453125 0.140625 0.015625 0.025
1 0.6421875 0.09921875 0.01328125 0.03046875
1 0.6609375 0.11328125 0.0140625 0.01953125
1 0.6625 0.1328125 0.01328125 0.0234375
1 0.69140625 0.1125 0.01171875 0.02890625
1 0.53515625 0.2828125 0.028125 0.05546875
1 0.55625 0.25546875 0.02109375 0.0421875
1 0.60859375 0.25859375 0.02734375 0.0546875
1 0.61640625 0.2109375 0.01875 0.0421875
1 0.653125 0.26953125 0.028125 0.05859375
1 0.6546875 0.22421875 0.0234375 0.04453125
1 0.61328125 0.3265625 0.03125 0.0640625
1 0.69765625 0.23125 0.02265625 0.05
1 0.6921875 0.18515625 0.01875 0.040625
1 0.71171875 0.1375 0.0125 0.03203125
1 0.72890625 0.1890625 0.01953125 0.040625
1 0.71953125 0.16328125 0.01875 0.028125
1 0.7375 0.1390625 0.01796875 0.0375
1 0.7484375 0.12265625 0.01796875 0.0390625
1 0.7609375 0.17734375 0.01328125 0.03359375
1 0.77109375 0.20234375 0.01640625 0.0359375
1 0.75390625 0.24921875 0.0203125 0.0546875
1 0.76875 0.27578125 0.02421875 0.0515625
1 0.81875 0.24375 0.01875 0.040625
1 0.8234375 0.20625 0.0171875 0.0421875
1 0.8015625 0.1859375 0.01796875 0.040625
1 0.78359375 0.1625 0.0109375 0.03515625
1 0.7828125 0.1203125 0.015625 0.02265625
1 0.809375 0.128125 0.01484375 0.03359375
1 0.82109375 0.1578125 0.01328125 0.03046875
1 0.83046875 0.14140625 0.0125 0.0265625
1 0.85390625 0.15859375 0.0140625 0.0265625
1 0.8625 0.15078125 0.0125 0.028125
1 0.87578125 0.25625 0.0234375 0.04453125
1 0.8671875 0.2265625 0.01875 0.040625
1 0.86953125 0.13359375 0.0140625 0.028125
1 0.8921875 0.1875 0.0140625 0.02890625
1 0.89765625 0.159375 0.01484375 0.03046875
1 0.90390625 0.1421875 0.01171875 0.028125
1 0.93984375 0.17421875 0.0140625 0.0359375
1 0.928125 0.21015625 0.01484375 0.02890625
1 0.928125 0.18359375 0.01640625 0.040625
1 0.9203125 0.23359375 0.02109375 0.040625
1 0.90625 0.334375 0.02734375 0.065625
1 0.86328125 0.31953125 0.0359375 0.05859375
1 0.82578125 0.3921875 0.03203125 0.07265625
1 0.88671875 0.43828125 0.0328125 0.06953125