1 0.0953125 0.5671875 0.0375 0.071875
1 0.1890625 0.34375 0.0171875 0.03125
1 0.22109375 0.3703125 0.0203125 0.0359375
1 0.2609375 0.37109375 0.01640625 0.0359375
1 0.2875 0.403125 0.02265625 0.0421875
1 0.25 0.31484375 0.015625 0.02890625
1 0.31875 0.34921875 0.01796875 0.0359375
1 0.325 0.30390625 0.01640625 0.0328125
1 0.35546875 0.346875 0.0140625 0.03125
1 0.3828125 0.340625 0.0171875 0.0375
1 0.36484375 0.2703125 0.01640625 0.0328125
1 0.38203125 0.309375 0.01640625 0.02578125
1 0.378125 0.28125 0.0109375 0.02421875
1 0.45 0.3265625 0.01875 0.0390625
1 0.41484375 0.3171875 0.0203125 0.0328125
1 0.42421875 0.2640625 0.0140625 0.02890625
1 0.40703125 0.2578125 0.01328125 0.02578125
1 0.44140625 0.278125 0.0171875 0.0296875
1 0.44296875 0.24921875 0.0140625 0.02578125
1 0.4515625 0.234375 0.01171875 0.02109375
1 0.490625 0.271875 0.0125 0.0328125
1 0.50703125 0.2765625 0.0140625 0.0328125
1 0.48828125 0.33046875 0.015625 0.0328125
1 0.4296875 0.35546875 0.0234375 0.034375
1 0.453125 0.41796875 0.02890625 0.06640625
1 0.503125 0.24765625 0.0140625 0.02578125
1 0.5453125 0.28125 0.01640625 0.0359375
1 0.5390625 0.24609375 0.0140625 0.02890625
1 0.5640625 0.25234375 0.0140625 0.0328125
1 0.5578125 0.2171875 0.0109375 0.02578125
1 0.56953125 0.21171875 0.0109375 0.02421875
1 0.59453125 0.25 0.01328125 0.0296875
1 0.640625 0.2484375 0.01328125 0.02734375
1 0.63671875 0.2203125 0.0125 0.02265625
1 0.61171875 0.2 0.0109375 0.02421875
1 0.6671875 0.21015625 0.0109375 0.02578125
1 0.6765625 0.228125 0.01015625 0.02578125
1 0.6828125 0.21328125 0.015625 0.0296875
1 0.6703125 0.28046875 0.0171875 0.03125
1 0.70859375 0.26171875 0.0171875 0.0296875
1 0.5921875 0.34296875 0.02265625 0.0421875
1 0.52890625 0.42109375 0.028125 0.0453125
1 0.521875 0.38828125 0.0265625 0.0421875
1 0.58125 0.41484375 0.025 0.0390625
1 0.5734375 0.478125 0.03125 0.06015625
1 0.63515625 0.48203125 0.0375 0.06796875
1 0.665625 0.3890625 0.021875 0.04375
1 0.640625 0.36171875 0.0203125 0.040625
1 0.63046875 0.3109375 0.01796875 0.02734375
1 0.6875 0.325 0.0171875 0.0359375
1 0.7171875 0.30546875 0.015625 0.0390625
1 0.7515625 0.25234375 0.0125 0.0296875
1 0.7640625 0.2203125 0.01171875 0.03125
1 0.70234375 0.56171875 0.0359375 0.0703125
1 0.725 0.41875 0.028125 0.046875
1 0.6921875 0.375 0.0234375 0.040625
1 0.82578125 0.3703125 0.021875 0.046875
1 0.78671875 0.44609375 0.0234375 0.05859375
1 0.8375 0.51875 0.03203125 0.06328125
1 0.865625 0.47421875 0.028125 0.05859375
1 0.9375 0.4984375 0.028125 0.06484375
1 0.87578125 0.38515625 0.02421875 0.0484375
1 0.890625 0.3421875 0.01640625 0.0375
1 0.9203125 0.33203125 0.0171875 0.0390625
1 0.94765625 0.36953125 0.01640625 0.04375
1 0.95703125 0.3296875 0.0140625 0.0359375
1 0.97109375 0.32109375 0.01640625 0.03125
1 0.9640625 0.2890625 0.015625 0.0296875
1 0.91640625 0.2796875 0.0171875 0.0296875
1 0.8984375 0.2625 0.01640625 0.03125
1 0.8640625 0.2828125 0.015625 0.02734375
1 0.875 0.2640625 0.01640625 0.03125
1 0.859375 0.2546875 0.01953125 0.03125
1 0.8359375 0.275 0.015625 0.0359375
1 0.81953125 0.2953125 0.0171875 0.02890625
1 0.8671875 0.33125 0.01796875 0.0375
1 0.840625 0.35 0.01796875 0.0421875
1 0.78125 0.2921875 0.01875 0.034375
1 0.7734375 0.259375 0.0140625 0.02578125
1 0.79140625 0.271875 0.0171875 0.0359375
1 0.79140625 0.24140625 0.015625 0.034375
1 0.8234375 0.24296875 0.0171875 0.02890625