1 0.21640625 0.365625 0.04453125 0.08828125
1 0.31640625 0.2359375 0.025 0.046875
1 0.33046875 0.196875 0.0234375 0.0453125
1 0.3546875 0.2078125 0.01484375 0.0453125
1 0.409375 0.20390625 0.01484375 0.04140625
1 0.4234375 0.146875 0.015625 0.034375
1 0.4203125 0.1765625 0.02265625 0.04296875
1 0.4453125 0.20703125 0.021875 0.046875
1 0.446875 0.1609375 0.01484375 0.034375
1 0.459375 0.140625 0.0140625 0.025
1 0.46640625 0.159375 0.01953125 0.0375
1 0.47890625 0.18203125 0.02109375 0.0359375
1 0.46953125 0.21640625 0.02890625 0.05546875
1 0.496875 0.1484375 0.01875 0.0375
1 0.50546875 0.28046875 0.02890625 0.05390625
1 0.5328125 0.1828125 0.01953125 0.04140625
1 0.53203125 0.14296875 0.01796875 0.0375
1 0.51484375 0.1234375 0.0140625 0.03046875
1 0.5546875 0.18359375 0.0171875 0.0359375
1 0.55703125 0.14765625 0.0125 0.03203125
1 0.56953125 0.1375 0.0171875 0.03046875
1 0.5828125 0.10859375 0.015625 0.0234375
1 0.58046875 0.175 0.0265625 0.0375
1 0.58984375 0.15390625 0.015625 0.04140625
1 0.603125 0.13046875 0.015625 0.0453125
1 0.6140625 0.10546875 0.0125 0.034375
1 0.62734375 0.1109375 0.01015625 0.034375
1 0.63203125 0.15234375 0.0234375 0.034375
1 0.640625 0.11796875 0.0140625 0.034375
1 0.653125 0.13046875 0.0140625 0.0375
1 0.66171875 0.11328125 0.00859375 0.02890625
1 0.68203125 0.14453125 0.015625 0.034375
1 0.696875 0.1375 0.0125 0.0375
1 0.62578125 0.190625 0.01953125 0.0359375
1 0.56796875 0.23671875 0.0265625 0.0453125
1 0.58125 0.29140625 0.02734375 0.0578125
1 0.625 0.303125 0.02734375 0.0703125
1 0.66875 0.21328125 0.02109375 0.0375
1 0.66484375 0.26171875 0.025 0.0453125
1 0.68359375 0.3234375 0.03046875 0.071875
1 0.71796875 0.234375 0.0296875 0.05546875
1 0.7375 0.17421875 0.01875 0.03984375
1 0.74375 0.1328125 0.01953125 0.04296875
1 0.72109375 0.3546875 0.034375 0.071875
1 0.76015625 0.125 0.0140625 0.02734375
1 0.76640625 0.1546875 0.01796875 0.04296875
1 0.78359375 0.134375 0.0171875 0.04140625
1 0.78046875 0.17734375 0.01875 0.04140625
1 0.81015625 0.36328125 0.034375 0.06796875
1 0.80625 0.2875 0.0328125 0.071875
1 0.79921875 0.20859375 0.01953125 0.046875
1 0.81328125 0.18984375 0.01484375 0.0453125
1 0.8421875 0.16015625 0.0171875 0.0359375
1 0.83046875 0.1828125 0.015625 0.04140625
1 0.82890625 0.21171875 0.01875 0.0453125
1 0.85078125 0.3109375 0.0234375 0.06484375
1 0.890625 0.43515625 0.02890625 0.08671875
1 0.915625 0.34296875 0.02890625 0.0703125
1 0.8671875 0.1828125 0.0171875 0.0375
1 0.84765625 0.19453125 0.025 0.0359375
1 0.87734375 0.16328125 0.0171875 0.03984375
1 0.88046875 0.24765625 0.025 0.059375
1 0.91796875 0.25390625 0.02265625 0.046875
1 0.93203125 0.23984375 0.0171875 0.034375
1 0.9359375 0.20234375 0.02265625 0.034375
1 0.91171875 0.19296875 0.01953125 0.0484375
1 0.93125 0.17109375 0.0125 0.02890625
1 0.91640625 0.16484375 0.0125 0.0234375
1 0.9296875 0.2921875 0.03359375 0.05546875
1 0.89453125 0.20625 0.025 0.05234375
1 0.71328125 0.17265625 0.02890625 0.03984375
1 0.54375 0.1390625 0.0171875 0.034375
1 0.70390625 0.209375 0.01796875 0.0453125