1 0.13046875 0.53203125 0.040625 0.06953125
1 0.22734375 0.340625 0.0171875 0.03671875
1 0.25390625 0.36171875 0.01875 0.0375
1 0.28203125 0.31328125 0.015625 0.02734375
1 0.28046875 0.38046875 0.01875 0.0375
1 0.33125 0.36328125 0.0234375 0.04375
1 0.3515625 0.3390625 0.015625 0.02734375
1 0.35 0.3 0.01484375 0.03046875
1 0.390625 0.25859375 0.01484375 0.02890625
1 0.42578125 0.2609375 0.015625 0.025
1 0.44375 0.265625 0.015625 0.03515625
1 0.46640625 0.2421875 0.01640625 0.03046875
1 0.471875 0.265625 0.01484375 0.03046875
1 0.471875 0.30625 0.01484375 0.02734375
1 0.40703125 0.33203125 0.02109375 0.0390625
1 0.4046875 0.28125 0.0140625 0.03046875
1 0.45078125 0.340625 0.01875 0.0421875
1 0.50703125 0.26484375 0.01484375 0.02890625
1 0.515625 0.25234375 0.0140625 0.021875
1 0.52578125 0.24921875 0.01484375 0.02734375
1 0.5328125 0.27578125 0.01875 0.02890625
1 0.54375 0.25390625 0.0171875 0.03046875
1 0.55546875 0.27734375 0.021875 0.02890625
1 0.55625 0.22421875 0.01640625 0.02734375
1 0.5703125 0.22265625 0.015625 0.02578125
1 0.6078125 0.20703125 0.0140625 0.021875
1 0.6046875 0.2265625 0.01484375 0.0234375
1 0.62890625 0.2140625 0.01640625 0.021875
1 0.6390625 0.221875 0.0125 0.021875
1 0.6734375 0.20859375 0.0140625 0.021875
1 0.67265625 0.22890625 0.015625 0.025
1 0.6859375 0.22421875 0.0125 0.021875
1 0.63671875 0.2484375 0.01484375 0.02578125
1 0.6015625 0.25546875 0.015625 0.02890625
1 0.57890625 0.2703125 0.0140625 0.02578125
1 0.50234375 0.32890625 0.0234375 0.03671875
1 0.7078125 0.253125 0.01484375 0.03515625
1 0.7390625 0.25546875 0.0140625 0.02890625
1 0.74140625 0.2421875 0.0125 0.02734375
1 0.7484375 0.2359375 0.01015625 0.01875
1 0.78359375 0.24140625 0.0140625 0.02890625
1 0.8125 0.24453125 0.0140625 0.02578125
1 0.82109375 0.2734375 0.01796875 0.03515625
1 0.85078125 0.2609375 0.01484375 0.03046875
1 0.85859375 0.275 0.0140625 0.03203125
1 0.8828125 0.25859375 0.01484375 0.02890625
1 0.8984375 0.28203125 0.01640625 0.0375
1 0.94453125 0.28359375 0.01484375 0.0234375
1 0.93515625 0.31015625 0.01796875 0.03046875
1 0.925 0.33125 0.0140625 0.03515625
1 0.89296875 0.31953125 0.01640625 0.02890625
1 0.871875 0.34375 0.01796875 0.03671875
1 0.85078125 0.31875 0.0171875 0.03671875
1 0.79921875 0.296875 0.015625 0.02734375
1 0.784375 0.28828125 0.0140625 0.03359375
1 0.7046875 0.30078125 0.0171875 0.03515625
1 0.66953125 0.27578125 0.01328125 0.03046875
1 0.37578125 0.35 0.0171875 0.0375
1 0.47578125 0.40703125 0.02578125 0.05234375
1 0.53828125 0.35859375 0.0234375 0.04765625
1 0.52890625 0.4375 0.03046875 0.0609375
1 0.5859375 0.46484375 0.03125 0.06953125
1 0.634375 0.47109375 0.034375 0.0671875
1 0.63515625 0.303125 0.01875 0.03671875
1 0.60078125 0.33125 0.01796875 0.0375
1 0.6140625 0.36953125 0.01875 0.0421875
1 0.646875 0.35 0.01875 0.040625
1 0.65546875 0.365625 0.0234375 0.0390625
1 0.67890625 0.31796875 0.01875 0.040625
1 0.69453125 0.3671875 0.02109375 0.04765625
1 0.7234375 0.40625 0.025 0.05703125
1 0.7875 0.425 0.02421875 0.04765625
1 0.81484375 0.36484375 0.02265625 0.040625
1 0.859375 0.3703125 0.02265625 0.03515625
1 0.85546875 0.41171875 0.02265625 0.0453125
1 0.93515625 0.40546875 0.01875 0.0375
1 0.9296875 0.4734375 0.02734375 0.059375
1 0.84609375 0.47890625 0.02890625 0.0625
1 0.825 0.4953125 0.0296875 0.0609375
1 0.7015625 0.5484375 0.0375 0.07109375