1 0.20390625 0.41875 0.03515625 0.08515625
1 0.26484375 0.26171875 0.01328125 0.03046875
1 0.28125 0.2609375 0.01328125 0.03203125
1 0.3078125 0.22578125 0.0125 0.03046875
1 0.31875 0.27734375 0.015625 0.03984375
1 0.33046875 0.225 0.01484375 0.034375
1 0.3625 0.24765625 0.01640625 0.03828125
1 0.37421875 0.25859375 0.01796875 0.04140625
1 0.3921875 0.2765625 0.0203125 0.04921875
1 0.3953125 0.19296875 0.0125 0.025
1 0.40390625 0.175 0.01328125 0.03046875
1 0.421875 0.1796875 0.0125 0.02890625
1 0.41796875 0.22734375 0.01796875 0.0359375
1 0.44765625 0.21796875 0.015625 0.0328125
1 0.47578125 0.22265625 0.0171875 0.04296875
1 0.446875 0.15390625 0.01171875 0.02734375
1 0.45390625 0.16796875 0.0109375 0.025
1 0.509375 0.18125 0.01328125 0.034375
1 0.50234375 0.1296875 0.00859375 0.01953125
1 0.51953125 0.13125 0.01015625 0.02578125
1 0.53984375 0.19296875 0.015625 0.0328125
1 0.5359375 0.175 0.01484375 0.0359375
1 0.54765625 0.146875 0.0109375 0.02890625
1 0.5578125 0.165625 0.01640625 0.03984375
1 0.590625 0.10234375 0.0109375 0.0234375
1 0.571875 0.140625 0.0125 0.025
1 0.56640625 0.23515625 0.01796875 0.04296875
1 0.575 0.1609375 0.0140625 0.02734375
1 0.51875 0.2828125 0.01796875 0.0484375
1 0.5484375 0.30234375 0.0265625 0.05390625
1 0.596875 0.25859375 0.0203125 0.05546875
1 0.6046875 0.14375 0.01171875 0.02890625
1 0.6109375 0.20703125 0.01640625 0.04296875
1 0.63125 0.11953125 0.01328125 0.025
1 0.615625 0.12421875 0.0109375 0.021875
1 0.6375 0.17265625 0.015625 0.03984375
1 0.66875 0.1078125 0.0109375 0.02578125
1 0.653125 0.2234375 0.01875 0.04375
1 0.6515625 0.2625 0.021875 0.0484375
1 0.68515625 0.31015625 0.0265625 0.0578125
1 0.70078125 0.278125 0.021875 0.05546875
1 0.67421875 0.16796875 0.01484375 0.0359375
1 0.6984375 0.22578125 0.02265625 0.04140625
1 0.68984375 0.18984375 0.01640625 0.0328125
1 0.7390625 0.21953125 0.0171875 0.034375
1 0.7765625 0.26953125 0.0234375 0.06171875
1 0.7265625 0.16015625 0.01328125 0.03203125
1 0.74765625 0.17578125 0.01484375 0.034375
1 0.7359375 0.1890625 0.015625 0.03046875
1 0.75625 0.1390625 0.0140625 0.02734375
1 0.77578125 0.14765625 0.0125 0.03046875
1 0.78984375 0.13515625 0.01171875 0.03046875
1 0.82421875 0.14140625 0.0109375 0.02890625
1 0.79375 0.1796875 0.01484375 0.034375
1 0.77578125 0.1921875 0.01640625 0.0375
1 0.81015625 0.22890625 0.01640625 0.046875
1 0.83046875 0.20625 0.015625 0.04296875
1 0.86015625 0.146875 0.009375 0.02890625
1 0.87734375 0.20078125 0.01328125 0.03203125
1 0.86796875 0.21484375 0.01640625 0.04140625
1 0.8546875 0.2421875 0.01953125 0.04375
1 0.86484375 0.3015625 0.02109375 0.05546875
1 0.89609375 0.25390625 0.01796875 0.04296875
1 0.75078125 0.32421875 0.02578125 0.06484375