1 0.06875 0.29453125 0.02578125 0.0546875
1 0.309375 0.2171875 0.01875 0.03515625
1 0.32734375 0.23203125 0.01953125 0.04453125
1 0.34375 0.2515625 0.021875 0.040625
1 0.375 0.25078125 0.025 0.0421875
1 0.34765625 0.2109375 0.01796875 0.03359375
1 0.35234375 0.1875 0.01796875 0.03203125
1 0.38203125 0.19453125 0.021875 0.0390625
1 0.41640625 0.1953125 0.02265625 0.04453125
1 0.42421875 0.23125 0.02109375 0.0421875
1 0.46484375 0.209375 0.01953125 0.040625
1 0.50078125 0.215625 0.01953125 0.04609375
1 0.47421875 0.16171875 0.01484375 0.0296875
1 0.4703125 0.1828125 0.0171875 0.0265625
1 0.4515625 0.17421875 0.02265625 0.03359375
1 0.41953125 0.1421875 0.0171875 0.03359375
1 0.46015625 0.146875 0.01328125 0.025
1 0.47109375 0.13359375 0.01328125 0.02265625
1 0.49453125 0.13984375 0.01171875 0.03203125
1 0.50625 0.153125 0.0140625 0.0296875
1 0.5109375 0.134375 0.01484375 0.028125
1 0.5140625 0.1203125 0.01171875 0.02109375
1 0.52265625 0.128125 0.01171875 0.0265625
1 0.52265625 0.16953125 0.015625 0.0390625
1 0.5328125 0.18359375 0.01875 0.03515625
1 0.54609375 0.1640625 0.015625 0.03515625
1 0.5609375 0.184375 0.01796875 0.04453125
1 0.57890625 0.17578125 0.015625 0.03671875
1 0.5875 0.15546875 0.0140625 0.03203125
1 0.55859375 0.1296875 0.01484375 0.0296875
1 0.56796875 0.12265625 0.0140625 0.040625
1 0.58671875 0.11875 0.01484375 0.03515625
1 0.59453125 0.1296875 0.0140625 0.0296875
1 0.6140625 0.15625 0.015625 0.0296875
1 0.61875 0.1328125 0.015625 0.03515625
1 0.6140625 0.11640625 0.01171875 0.028125
1 0.634375 0.1109375 0.01484375 0.03203125
1 0.64375 0.103125 0.01171875 0.0265625
1 0.653125 0.1234375 0.01484375 0.03203125
1 0.6671875 0.1328125 0.01328125 0.0390625
1 0.67578125 0.12734375 0.01328125 0.028125
1 0.68046875 0.1078125 0.015625 0.028125
1 0.7046875 0.10703125 0.015625 0.0265625
1 0.484375 0.290625 0.028125 0.06875
1 0.534375 0.2921875 0.0328125 0.065625
1 0.584375 0.2359375 0.02265625 0.04765625
1 0.609375 0.31015625 0.034375 0.07578125
1 0.62734375 0.24453125 0.02421875 0.0546875
1 0.62578125 0.21328125 0.025 0.040625
1 0.65625 0.1890625 0.02265625 0.0421875
1 0.68203125 0.25859375 0.0296875 0.06171875
1 0.70625 0.2421875 0.025 0.053125
1 0.7140625 0.3234375 0.0375 0.0703125
1 0.74453125 0.37421875 0.03984375 0.078125
1 0.7203125 0.284375 0.0296875 0.0421875
1 0.765625 0.25 0.028125 0.0515625
1 0.815625 0.38984375 0.0296875 0.07578125
1 0.9015625 0.44765625 0.04140625 0.0828125
1 0.7890625 0.29296875 0.0265625 0.06328125
1 0.82734375 0.31015625 0.0265625 0.06171875
1 0.79296875 0.2359375 0.02265625 0.04453125
1 0.7546875 0.18984375 0.01796875 0.03671875
1 0.78828125 0.15703125 0.0171875 0.03515625
1 0.77890625 0.13984375 0.015625 0.03515625
1 0.7421875 0.13984375 0.01171875 0.028125
1 0.74375 0.17421875 0.0140625 0.03359375
1 0.72421875 0.1484375 0.01171875 0.03515625
1 0.71328125 0.178125 0.01796875 0.0421875
1 0.69140625 0.159375 0.0171875 0.03515625
1 0.81796875 0.25390625 0.01953125 0.0546875
1 0.859375 0.2578125 0.02421875 0.04609375
1 0.8703125 0.221875 0.02109375 0.0515625
1 0.91015625 0.3328125 0.02265625 0.06171875
1 0.9171875 0.284375 0.02109375 0.04921875
1 0.92578125 0.21875 0.01796875 0.0421875