1 0.14296875 0.35859375 0.078125 0.1203125
1 0.4046875 0.51875 0.02578125 0.03984375
1 0.43125 0.52421875 0.021875 0.03984375
1 0.4453125 0.53203125 0.02578125 0.05078125
1 0.47890625 0.5265625 0.0296875 0.05078125
1 0.52890625 0.528125 0.021875 0.0375
1 0.54296875 0.53046875 0.021875 0.04765625
1 0.56015625 0.52265625 0.028125 0.05859375
1 0.5890625 0.55703125 0.034375 0.05859375
1 0.646875 0.5375 0.04609375 0.071875
1 0.684375 0.565625 0.03984375 0.075
1 0.73984375 0.5828125 0.05234375 0.071875
1 0.7953125 0.5828125 0.05 0.071875
1 0.7828125 0.53828125 0.0421875 0.05859375
1 0.73125 0.5375 0.034375 0.0453125
1 0.71171875 0.509375 0.0203125 0.03203125
1 0.72890625 0.49765625 0.01796875 0.034375
1 0.775 0.49453125 0.02578125 0.03984375
1 0.81484375 0.49609375 0.01796875 0.0375
1 0.80234375 0.50234375 0.0203125 0.03984375
1 0.85234375 0.54140625 0.03203125 0.04296875
1 0.85234375 0.50546875 0.02421875 0.03984375
1 0.86328125 0.5984375 0.05 0.0828125
1 0.90390625 0.54375 0.0359375 0.0640625
1 0.9671875 0.590625 0.0578125 0.09296875
1 0.9421875 0.57734375 0.03984375 0.071875
1 0.9453125 0.51484375 0.02578125 0.04765625
1 0.96328125 0.49609375 0.021875 0.04296875
1 0.93984375 0.48671875 0.028125 0.03984375
1 0.921875 0.475 0.015625 0.04296875
1 0.875 0.50234375 0.01796875 0.0296875
1 0.98984375 0.4921875 0.015625 0.034375