1 0.2171875 0.45078125 0.05234375 0.11171875
1 0.265625 0.46171875 0.05546875 0.11015625
1 0.31328125 0.29921875 0.02734375 0.04453125
1 0.37109375 0.27109375 0.025 0.05078125
1 0.43515625 0.2796875 0.0265625 0.05078125
1 0.42734375 0.2328125 0.02109375 0.0390625
1 0.45546875 0.23125 0.021875 0.04296875
1 0.45859375 0.19296875 0.01875 0.034375
1 0.478125 0.19921875 0.021875 0.040625
1 0.49296875 0.1984375 0.02421875 0.0359375
1 0.48046875 0.15234375 0.01796875 0.0296875
1 0.49375 0.1453125 0.0125 0.028125
1 0.5390625 0.146875 0.01640625 0.034375
1 0.56796875 0.14765625 0.01328125 0.0328125
1 0.596875 0.1453125 0.0140625 0.028125
1 0.5453125 0.2046875 0.02265625 0.0359375
1 0.48671875 0.328125 0.02421875 0.059375
1 0.67265625 0.253125 0.0265625 0.04765625
1 0.728125 0.2890625 0.02890625 0.05703125
1 0.79609375 0.2921875 0.0296875 0.05546875
1 0.7171875 0.15390625 0.0203125 0.0359375
1 0.76015625 0.14296875 0.0140625 0.0328125
1 0.775 0.11796875 0.02109375 0.0359375
1 0.815625 0.17734375 0.0203125 0.0390625
1 0.8296875 0.13046875 0.0125 0.03125
1 0.90234375 0.21640625 0.02265625 0.05546875