1 0.07421875 0.29921875 0.025 0.0484375
1 0.3125 0.23671875 0.01953125 0.04140625
1 0.34453125 0.190625 0.01640625 0.03125
1 0.34609375 0.215625 0.01484375 0.0296875
1 0.41171875 0.2078125 0.01640625 0.04140625
1 0.4453125 0.21484375 0.01875 0.03828125
1 0.4578125 0.1796875 0.015625 0.034375
1 0.46953125 0.23125 0.01875 0.04296875
1 0.4796875 0.184375 0.0171875 0.03671875
1 0.49609375 0.16015625 0.015625 0.0328125
1 0.51484375 0.1671875 0.01328125 0.0328125
1 0.5234375 0.13046875 0.009375 0.02578125
1 0.53125 0.14296875 0.01171875 0.02578125
1 0.5390625 0.13046875 0.0109375 0.02578125
1 0.54921875 0.1890625 0.01640625 0.04296875
1 0.58203125 0.11640625 0.01171875 0.02578125
1 0.5828125 0.17734375 0.015625 0.0296875
1 0.590625 0.15390625 0.01484375 0.02734375
1 0.6 0.1296875 0.00859375 0.02421875
1 0.61796875 0.1109375 0.0078125 0.02421875
1 0.6265625 0.12109375 0.0109375 0.02109375
1 0.64140625 0.11328125 0.0109375 0.02265625
1 0.6296875 0.1546875 0.01484375 0.0296875
1 0.6515625 0.12890625 0.009375 0.01875
1 0.66328125 0.11796875 0.009375 0.02421875
1 0.675 0.12265625 0.01171875 0.02421875
1 0.69375 0.1453125 0.01171875 0.02421875
1 0.5234375 0.28984375 0.02109375 0.046875
1 0.58828125 0.2375 0.02265625 0.04296875
1 0.59140625 0.2875 0.02109375 0.05546875
1 0.61328125 0.3109375 0.0265625 0.0640625
1 0.62578125 0.21328125 0.0171875 0.04296875
1 0.6359375 0.2546875 0.02109375 0.0484375
1 0.6671875 0.2234375 0.0171875 0.0453125
1 0.66015625 0.27109375 0.02109375 0.046875
1 0.6609375 0.18515625 0.01640625 0.03828125
1 0.6671875 0.34609375 0.028125 0.07578125
1 0.70390625 0.396875 0.03984375 0.05703125
1 0.703125 0.19921875 0.01953125 0.04140625
1 0.71640625 0.22265625 0.0203125 0.046875
1 0.7359375 0.184375 0.01484375 0.03671875
1 0.77890625 0.14453125 0.0125 0.0296875
1 0.775 0.1921875 0.01640625 0.02734375
1 0.7796875 0.22421875 0.0203125 0.03984375
1 0.7890625 0.16796875 0.01484375 0.03828125
1 0.8109375 0.20390625 0.01328125 0.034375
1 0.825 0.184375 0.01328125 0.0328125
1 0.796875 0.29375 0.0203125 0.05546875
1 0.80625 0.27421875 0.01875 0.04296875
1 0.80234375 0.353125 0.03125 0.0625
1 0.83828125 0.3125 0.02265625 0.05703125
1 0.8421875 0.15859375 0.01171875 0.0328125
1 0.84765625 0.19609375 0.015625 0.03671875
1 0.8640625 0.1921875 0.01328125 0.034375
1 0.8765625 0.159375 0.01328125 0.03125
1 0.853125 0.2375 0.0171875 0.03984375
1 0.87421875 0.2546875 0.015625 0.0453125
1 0.8578125 0.28984375 0.0203125 0.046875
1 0.8890625 0.22109375 0.015625 0.03828125
1 0.89453125 0.1640625 0.0109375 0.03125
1 0.93046875 0.171875 0.01484375 0.0296875
1 0.9359375 0.20625 0.01484375 0.02734375
1 0.93125 0.24375 0.01953125 0.0453125
1 0.9203125 0.27890625 0.01953125 0.0484375
1 0.89921875 0.27109375 0.0171875 0.04296875
1 0.90703125 0.31953125 0.02421875 0.05390625
1 0.89375 0.38515625 0.0265625 0.08125
1 0.7515625 0.13671875 0.0109375 0.03125
1 0.7546875 0.1625 0.01328125 0.034375
1 0.42265625 0.18203125 0.0125 0.03125
1 0.44921875 0.16640625 0.015625 0.03125
1 0.5015625 0.12890625 0.0109375 0.02265625
1 0.50625 0.1375 0.0109375 0.02265625