1 0.015625 0.41953125 0.021875 0.04375
1 0.23515625 0.34296875 0.015625 0.03046875
1 0.26015625 0.375 0.01796875 0.0421875
1 0.29140625 0.3078125 0.01484375 0.02890625
1 0.29296875 0.384375 0.0171875 0.02890625
1 0.3390625 0.36640625 0.0203125 0.0359375
1 0.359375 0.30078125 0.01484375 0.02734375
1 0.36328125 0.3359375 0.0140625 0.03046875
1 0.3875 0.33125 0.01484375 0.02890625
1 0.40078125 0.2703125 0.01171875 0.02578125
1 0.4125 0.27578125 0.0140625 0.02890625
1 0.41171875 0.30859375 0.0140625 0.025
1 0.4390625 0.36484375 0.0203125 0.0359375
1 0.4125 0.34375 0.0171875 0.03515625
1 0.4296875 0.3234375 0.0125 0.0203125
1 0.45703125 0.26640625 0.01328125 0.02734375
1 0.4375 0.2484375 0.0109375 0.0234375
1 0.47421875 0.24140625 0.01015625 0.015625
1 0.47890625 0.2453125 0.0140625 0.0234375
1 0.48046875 0.2734375 0.0140625 0.021875
1 0.4796875 0.3109375 0.01484375 0.025
1 0.5078125 0.32578125 0.01640625 0.03046875
1 0.5140625 0.26484375 0.0140625 0.03046875
1 0.528125 0.2515625 0.01328125 0.025
1 0.52890625 0.28046875 0.01953125 0.03515625
1 0.55625 0.25 0.0140625 0.03046875
1 0.5671875 0.23046875 0.01328125 0.0234375
1 0.5828125 0.22578125 0.0125 0.021875
1 0.57109375 0.284375 0.0171875 0.03515625
1 0.59140625 0.2640625 0.01484375 0.03203125
1 0.5859375 0.25234375 0.01328125 0.0234375
1 0.6109375 0.22578125 0.01328125 0.02734375
1 0.61875 0.21015625 0.01328125 0.02578125
1 0.63671875 0.22578125 0.01328125 0.03046875
1 0.64921875 0.2296875 0.0140625 0.03046875
1 0.6453125 0.25078125 0.01484375 0.02578125
1 0.6171875 0.25859375 0.01484375 0.02890625
1 0.66953125 0.2140625 0.0125 0.025
1 0.7109375 0.2265625 0.0125 0.02578125
1 0.68828125 0.23984375 0.01328125 0.02734375
1 0.6890625 0.2703125 0.0171875 0.03515625
1 0.715625 0.25 0.01484375 0.02890625
1 0.64609375 0.30390625 0.0171875 0.0359375
1 0.60625 0.34140625 0.01953125 0.040625
1 0.62265625 0.36328125 0.0234375 0.0421875
1 0.65703125 0.35078125 0.01953125 0.0359375
1 0.6671875 0.371875 0.0265625 0.04609375
1 0.69921875 0.3609375 0.02109375 0.0390625
1 0.64609375 0.4875 0.0328125 0.0578125
1 0.5984375 0.46796875 0.028125 0.0625
1 0.721875 0.490625 0.03359375 0.0640625
1 0.75234375 0.41796875 0.0234375 0.04375
1 0.79609375 0.43203125 0.02734375 0.05078125
1 0.83984375 0.5328125 0.028125 0.05546875
1 0.8578125 0.484375 0.02890625 0.05234375
1 0.825 0.36796875 0.02109375 0.04765625
1 0.85078125 0.35234375 0.01796875 0.0375
1 0.8765625 0.3796875 0.02265625 0.0453125
1 0.88515625 0.3421875 0.015625 0.02890625
1 0.85390625 0.3203125 0.0140625 0.02734375
1 0.83125 0.3109375 0.01484375 0.02734375
1 0.95 0.3546875 0.0171875 0.0359375
1 0.93125 0.32890625 0.01640625 0.03046875
1 0.90078125 0.32265625 0.01328125 0.025
1 0.91015625 0.290625 0.01328125 0.03359375
1 0.94765625 0.309375 0.0140625 0.03203125
1 0.9515625 0.2890625 0.01328125 0.02578125
1 0.884375 0.2546875 0.0109375 0.03046875
1 0.8671875 0.28359375 0.0125 0.02734375
1 0.87421875 0.278125 0.01171875 0.03046875
1 0.85 0.26171875 0.01171875 0.025
1 0.8265625 0.26953125 0.01484375 0.03046875
1 0.7375 0.29140625 0.01484375 0.02890625
1 0.74375 0.2515625 0.0140625 0.02734375
1 0.76015625 0.25390625 0.01484375 0.03515625
1 0.77421875 0.240625 0.01328125 0.03203125
1 0.784375 0.2828125 0.015625 0.0375
1 0.7921875 0.25390625 0.01484375 0.02578125
1 0.8 0.2515625 0.0125 0.02734375
1 0.54609375 0.3625 0.02421875 0.0421875
1 0.5390625 0.43359375 0.02890625 0.05234375
1 0.47109375 0.41796875 0.02890625 0.04921875
1 0.9265625 0.465625 0.028125 0.05234375