1 0.109375 0.45703125 0.065625 0.11484375
1 0.13515625 0.23984375 0.021875 0.04296875
1 0.16015625 0.25859375 0.0234375 0.053125
1 0.209375 0.21796875 0.02265625 0.04921875
1 0.2296875 0.225 0.02578125 0.04921875
1 0.28359375 0.25078125 0.0203125 0.0328125
1 0.31875 0.26328125 0.021875 0.04140625
1 0.346875 0.2515625 0.028125 0.04453125
1 0.33984375 0.21484375 0.01953125 0.0359375
1 0.38203125 0.24375 0.0234375 0.04921875
1 0.3828125 0.19921875 0.021875 0.0390625
1 0.4109375 0.20546875 0.021875 0.0375
1 0.4171875 0.16171875 0.015625 0.0328125
1 0.440625 0.16171875 0.01953125 0.0328125
1 0.45078125 0.20625 0.021875 0.04296875
1 0.47421875 0.1859375 0.0203125 0.04453125
1 0.4890625 0.16171875 0.01875 0.0359375
1 0.48125 0.1453125 0.01875 0.034375
1 0.53046875 0.15703125 0.01796875 0.034375
1 0.55625 0.1828125 0.021875 0.04140625
1 0.58125 0.115625 0.015625 0.02890625
1 0.61796875 0.1140625 0.0140625 0.02890625
1 0.65234375 0.115625 0.01640625 0.02890625
1 0.59609375 0.2296875 0.02265625 0.04296875
1 0.62578125 0.2296875 0.02265625 0.0390625
1 0.6640625 0.234375 0.02734375 0.04765625
1 0.7171875 0.2328125 0.0234375 0.0546875
1 0.72890625 0.1484375 0.01953125 0.0375
1 0.80078125 0.28203125 0.028125 0.0578125
1 0.896875 0.30703125 0.028125 0.06640625
1 0.915625 0.28203125 0.02421875 0.0546875
1 0.9265625 0.24375 0.01953125 0.0390625
1 0.88828125 0.2390625 0.01953125 0.0515625
1 0.89921875 0.2015625 0.015625 0.04140625
1 0.9328125 0.20390625 0.01640625 0.0390625
1 0.95078125 0.17421875 0.0140625 0.034375