1 0.078125 0.54296875 0.04453125 0.09765625
1 0.2328125 0.246875 0.01953125 0.04453125
1 0.2453125 0.24609375 0.01875 0.04609375
1 0.26484375 0.234375 0.01640625 0.05078125
1 0.32109375 0.22265625 0.0203125 0.04296875
1 0.32109375 0.18671875 0.0203125 0.04140625
1 0.34296875 0.2203125 0.01953125 0.05078125
1 0.37109375 0.246875 0.0203125 0.04765625
1 0.36015625 0.1875 0.01640625 0.03984375
1 0.378125 0.16875 0.015625 0.03515625
1 0.40390625 0.21640625 0.0171875 0.03984375
1 0.4453125 0.28125 0.021875 0.04609375
1 0.4828125 0.22109375 0.0234375 0.04609375
1 0.5 0.1890625 0.0171875 0.04296875
1 0.48515625 0.14765625 0.0140625 0.03984375
1 0.4984375 0.13515625 0.0125 0.03359375
1 0.4546875 0.14375 0.01953125 0.03828125
1 0.44296875 0.175 0.01484375 0.03984375
1 0.425 0.16171875 0.01328125 0.03984375
1 0.53125 0.1453125 0.0140625 0.04140625
1 0.55390625 0.2046875 0.01875 0.04609375
1 0.5859375 0.18203125 0.01796875 0.04140625
1 0.55625 0.14296875 0.01484375 0.03046875
1 0.559375 0.1203125 0.01484375 0.03359375
1 0.5828125 0.11953125 0.0140625 0.03203125
1 0.5890625 0.1453125 0.01796875 0.03515625
1 0.6015625 0.11328125 0.0140625 0.02578125
1 0.609375 0.13671875 0.015625 0.03359375
1 0.61640625 0.17734375 0.0171875 0.03515625
1 0.61484375 0.1546875 0.0140625 0.02890625
1 0.6328125 0.11328125 0.0171875 0.03515625
1 0.65234375 0.13359375 0.01640625 0.03515625
1 0.65859375 0.11640625 0.0140625 0.03515625
1 0.65546875 0.16796875 0.01484375 0.03359375
1 0.66875 0.209375 0.01875 0.05234375
1 0.69296875 0.190625 0.01796875 0.04296875
1 0.6875 0.15078125 0.01484375 0.04296875
1 0.69140625 0.1265625 0.015625 0.03359375
1 0.71640625 0.1390625 0.01640625 0.03828125
1 0.61015625 0.2765625 0.01953125 0.05234375
1 0.578125 0.3171875 0.02265625 0.05703125
1 0.61484375 0.35234375 0.0265625 0.05703125
1 0.65859375 0.38125 0.0296875 0.0734375
1 0.72890625 0.3734375 0.025 0.0640625
1 0.72109375 0.2421875 0.02109375 0.04765625
1 0.74140625 0.21015625 0.0171875 0.04453125
1 0.76015625 0.178125 0.01484375 0.03046875
1 0.7765625 0.1625 0.0125 0.04140625
1 0.76328125 0.2578125 0.01953125 0.04921875
1 0.79609375 0.221875 0.0140625 0.04453125
1 0.78359375 0.2015625 0.015625 0.03984375
1 0.8140625 0.16328125 0.015625 0.03984375
1 0.83046875 0.19140625 0.01328125 0.03828125
1 0.81015625 0.2140625 0.01484375 0.04765625
1 0.81484375 0.2859375 0.0203125 0.05234375
1 0.79921875 0.4375 0.034375 0.075
1 0.85 0.47109375 0.03203125 0.075
1 0.875 0.38828125 0.02265625 0.065625
1 0.8609375 0.31484375 0.02109375 0.05234375
1 0.8703125 0.21640625 0.01484375 0.03984375
1 0.8875 0.26328125 0.015625 0.04453125
1 0.896875 0.2203125 0.01171875 0.03515625
1 0.90703125 0.2359375 0.0125 0.04140625
1 0.92734375 0.246875 0.015625 0.03828125
1 0.9453125 0.225 0.01328125 0.03515625
1 0.9046875 0.31640625 0.01953125 0.04609375
1 0.9484375 0.4265625 0.02265625 0.06875
1 0.94453125 0.359375 0.02109375 0.059375
1 0.97109375 0.34140625 0.01875 0.05078125
1 0.96328125 0.2984375 0.01484375 0.04453125
1 0.97265625 0.28203125 0.01171875 0.04140625
1 0.97734375 0.23984375 0.01328125 0.03984375