1 0.2015625 0.4765625 0.04296875 0.0765625
1 0.3109375 0.49375 0.046875 0.09453125
1 0.128125 0.240625 0.01875 0.02890625
1 0.328125 0.159375 0.025 0.0421875
1 0.41875 0.12265625 0.0125 0.034375
1 0.446875 0.1703125 0.0140625 0.0328125
1 0.465625 0.17890625 0.01640625 0.02890625
1 0.48984375 0.14921875 0.01328125 0.02890625
1 0.51640625 0.14765625 0.01328125 0.0328125
1 0.5375 0.159375 0.01328125 0.02578125
1 0.565625 0.1578125 0.015625 0.02578125
1 0.7609375 0.11328125 0.01640625 0.0421875
1 0.42578125 0.15234375 0.01171875 0.02265625