1 0.11796875 0.2609375 0.02421875 0.0421875
1 0.1890625 0.3125 0.040625 0.09140625
1 0.17578125 0.4375 0.04609375 0.08828125
1 0.35390625 0.2125 0.02109375 0.040625
1 0.42578125 0.2171875 0.02109375 0.0421875
1 0.453125 0.196875 0.02578125 0.04765625
1 0.50625 0.11640625 0.025 0.04609375
1 0.56015625 0.10546875 0.025 0.04609375
1 0.62421875 0.13046875 0.01875 0.0421875
1 0.54765625 0.18984375 0.02109375 0.04375
1 0.58125 0.20625 0.025 0.04609375
1 0.63984375 0.24609375 0.02890625 0.0546875
1 0.7203125 0.27265625 0.02890625 0.06171875
1 0.84296875 0.33984375 0.0328125 0.0578125
1 0.8359375 0.21328125 0.021875 0.04609375
1 0.9140625 0.2828125 0.0265625 0.05078125
1 0.92890625 0.16171875 0.01328125 0.03359375
1 0.9015625 0.12265625 0.0171875 0.03359375