1 0.16640625 0.49765625 0.034375 0.0796875
1 0.26328125 0.2671875 0.01640625 0.02734375
1 0.30078125 0.26484375 0.01875 0.0359375
1 0.31953125 0.26796875 0.0203125 0.04609375
1 0.3375 0.21328125 0.01328125 0.02890625
1 0.36171875 0.225 0.01796875 0.02578125
1 0.359375 0.20625 0.015625 0.02578125
1 0.3546875 0.26796875 0.02109375 0.0390625
1 0.40390625 0.26171875 0.01875 0.0375
1 0.43828125 0.25859375 0.02109375 0.040625
1 0.4 0.22109375 0.01640625 0.034375
1 0.38125 0.18125 0.0125 0.02578125
1 0.40703125 0.184375 0.0140625 0.02890625
1 0.42421875 0.18984375 0.0140625 0.03203125
1 0.440625 0.20078125 0.0140625 0.03046875
1 0.453125 0.23046875 0.01640625 0.0421875
1 0.47734375 0.24453125 0.0171875 0.040625
1 0.4859375 0.203125 0.01796875 0.02890625
1 0.45234375 0.1578125 0.0140625 0.02734375
1 0.47734375 0.1609375 0.01640625 0.02578125
1 0.51796875 0.19609375 0.015625 0.02890625
1 0.5359375 0.2078125 0.01796875 0.040625
1 0.55 0.17109375 0.0140625 0.03203125
1 0.5328125 0.16953125 0.015625 0.03203125
1 0.5015625 0.13203125 0.01171875 0.01875
1 0.5890625 0.175 0.0140625 0.03046875
1 0.57421875 0.15 0.01328125 0.0234375
1 0.59140625 0.146875 0.01796875 0.03203125
1 0.57890625 0.1234375 0.0125 0.02890625
1 0.59375 0.1234375 0.0125 0.02890625
1 0.62109375 0.1453125 0.015625 0.02890625
1 0.6109375 0.125 0.01171875 0.02578125
1 0.62109375 0.11640625 0.01328125 0.02578125
1 0.646875 0.1375 0.0140625 0.03046875
1 0.6515625 0.11875 0.0125 0.02734375
1 0.67734375 0.12421875 0.0125 0.03046875
1 0.50703125 0.31640625 0.02890625 0.04765625
1 0.55234375 0.31015625 0.025 0.05234375
1 0.55703125 0.25546875 0.02109375 0.040625
1 0.60390625 0.3484375 0.02890625 0.0578125
1 0.6265625 0.20859375 0.01875 0.03203125
1 0.63515625 0.26171875 0.025 0.04453125
1 0.6828125 0.25078125 0.02578125 0.04921875
1 0.66015625 0.2140625 0.01875 0.0375
1 0.67109375 0.1796875 0.0140625 0.0359375
1 0.71171875 0.18125 0.0140625 0.03203125
1 0.709375 0.153125 0.015625 0.034375
1 0.7328125 0.16484375 0.0140625 0.03046875
1 0.7140625 0.22265625 0.0171875 0.040625
1 0.73046875 0.26875 0.02421875 0.0546875
1 0.77578125 0.24140625 0.0203125 0.05078125
1 0.74375 0.20546875 0.01640625 0.040625
1 0.78125 0.16171875 0.01328125 0.034375
1 0.77734375 0.128125 0.0125 0.02578125
1 0.7703125 0.1546875 0.0125 0.02734375
1 0.765625 0.11796875 0.0125 0.02578125
1 0.79765625 0.16015625 0.0125 0.02734375
1 0.8171875 0.17109375 0.0203125 0.0359375
1 0.83828125 0.12890625 0.01328125 0.034375
1 0.859375 0.1890625 0.0140625 0.034375
1 0.86640625 0.1640625 0.0125 0.03203125
1 0.8453125 0.21015625 0.015625 0.0390625
1 0.78359375 0.309375 0.02734375 0.0546875
1 0.8609375 0.340625 0.02578125 0.05625
1 0.875 0.26875 0.02421875 0.05078125
1 0.93046875 0.26796875 0.021875 0.04921875
1 0.934375 0.2484375 0.02109375 0.04765625
1 0.90703125 0.215625 0.015625 0.034375
1 0.9 0.175 0.01328125 0.02734375
1 0.91640625 0.18515625 0.0140625 0.034375
1 0.90703125 0.15078125 0.0125 0.02578125