1 0.7890625 0.67109375 0.0875 0.128125
1 0.7546875 0.60390625 0.05859375 0.0984375
1 0.7171875 0.525 0.03984375 0.06640625
1 0.70546875 0.48671875 0.04140625 0.06328125
1 0.675 0.5 0.0375 0.046875
1 0.759375 0.4875 0.03125 0.0515625
1 0.82109375 0.4953125 0.0421875 0.053125
1 0.84140625 0.54921875 0.05 0.071875
1 0.89765625 0.5328125 0.0453125 0.06484375
1 0.9234375 0.61015625 0.0765625 0.08671875
1 0.9546875 0.546875 0.0609375 0.0765625
1 0.63203125 0.390625 0.02890625 0.03828125
1 0.22421875 0.59921875 0.08125 0.11796875
1 0.18046875 0.52265625 0.04609375 0.071875
1 0.1734375 0.48984375 0.0484375 0.046875
1 0.23125 0.46640625 0.03515625 0.053125
1 0.2515625 0.5046875 0.03515625 0.053125
1 0.28671875 0.4625 0.03359375 0.0484375
1 0.31640625 0.47734375 0.0375 0.0453125
1 0.35234375 0.50234375 0.0375 0.0515625
1 0.3921875 0.509375 0.04765625 0.06796875
1 0.40703125 0.46484375 0.03359375 0.04296875
1 0.4453125 0.49140625 0.03984375 0.06328125
1 0.07421875 0.5203125 0.0515625 0.06640625
1 0.0671875 0.46015625 0.03515625 0.04296875
1 0.0390625 0.44921875 0.03359375 0.0453125