1 0.1046875 0.57421875 0.0453125 0.08671875
1 0.19140625 0.35390625 0.02109375 0.0421875
1 0.225 0.371875 0.0203125 0.05
1 0.26953125 0.36875 0.0234375 0.05
1 0.2921875 0.40546875 0.02421875 0.0453125
1 0.25703125 0.321875 0.01953125 0.0375
1 0.29296875 0.3390625 0.02265625 0.04375
1 0.32109375 0.35234375 0.025 0.0421875
1 0.328125 0.30546875 0.01875 0.0359375
1 0.36328125 0.3453125 0.0203125 0.04375
1 0.390625 0.34453125 0.01953125 0.0359375
1 0.3703125 0.26796875 0.01875 0.0390625
1 0.3859375 0.28203125 0.01640625 0.0296875
1 0.384375 0.31015625 0.01875 0.0359375
1 0.4109375 0.25625 0.01328125 0.03125
1 0.4265625 0.2625 0.01875 0.034375
1 0.41875 0.31484375 0.01875 0.0359375
1 0.4515625 0.32421875 0.02265625 0.0421875
1 0.44453125 0.2796875 0.01875 0.0375
1 0.44765625 0.2484375 0.01484375 0.0296875
1 0.45234375 0.2359375 0.01484375 0.0296875
1 0.50703125 0.278125 0.01796875 0.034375
1 0.49296875 0.27265625 0.01484375 0.0328125
1 0.48984375 0.33046875 0.0203125 0.0390625
1 0.50625 0.24609375 0.0140625 0.03125
1 0.5453125 0.2765625 0.02109375 0.040625
1 0.54296875 0.24296875 0.01796875 0.03125
1 0.5578125 0.21484375 0.0140625 0.025
1 0.571875 0.21484375 0.01796875 0.03125
1 0.5671875 0.24765625 0.01875 0.0375
1 0.59453125 0.2515625 0.01640625 0.03125
1 0.59921875 0.225 0.01484375 0.0328125
1 0.60859375 0.2046875 0.01484375 0.0328125
1 0.62578125 0.21328125 0.01484375 0.034375
1 0.63828125 0.22109375 0.0171875 0.034375
1 0.6453125 0.2546875 0.01640625 0.0375
1 0.66953125 0.20703125 0.01171875 0.028125
1 0.6796875 0.22734375 0.01640625 0.034375
1 0.6859375 0.21484375 0.01640625 0.03125
1 0.59296875 0.34453125 0.025 0.0515625
1 0.58671875 0.40390625 0.0296875 0.0609375
1 0.5296875 0.43359375 0.03203125 0.065625
1 0.52109375 0.39375 0.0265625 0.05
1 0.45703125 0.42109375 0.0328125 0.08125
1 0.43203125 0.36171875 0.025 0.0421875
1 0.575 0.48203125 0.03671875 0.078125
1 0.63671875 0.50234375 0.04453125 0.08671875
1 0.70625 0.5515625 0.04296875 0.0828125
1 0.6734375 0.375 0.0296875 0.0625
1 0.69765625 0.37109375 0.025 0.0578125
1 0.6421875 0.3609375 0.02421875 0.053125
1 0.6359375 0.3125 0.0203125 0.046875
1 0.67265625 0.28046875 0.02265625 0.0421875
1 0.7109375 0.26171875 0.01796875 0.0328125
1 0.71875 0.303125 0.01953125 0.046875
1 0.68515625 0.3234375 0.02421875 0.046875
1 0.7515625 0.25390625 0.02109375 0.0453125
1 0.77578125 0.25703125 0.01640625 0.0328125
1 0.7828125 0.28515625 0.01640625 0.0484375
1 0.72890625 0.4265625 0.02890625 0.0671875
1 0.7890625 0.45234375 0.03046875 0.06875
1 0.83828125 0.53125 0.03671875 0.0796875
1 0.86875 0.48125 0.0328125 0.0734375
1 0.940625 0.50625 0.0359375 0.0796875
1 0.859375 0.40703125 0.03125 0.0640625
1 0.82734375 0.37109375 0.02578125 0.0515625
1 0.84140625 0.3515625 0.0234375 0.05
1 0.8203125 0.29375 0.0234375 0.040625
1 0.79296875 0.26875 0.01484375 0.03125
1 0.79609375 0.2328125 0.01640625 0.0359375
1 0.8265625 0.24296875 0.01796875 0.0375
1 0.8375 0.2703125 0.01875 0.04375
1 0.86015625 0.2546875 0.01640625 0.034375
1 0.86796875 0.28203125 0.0171875 0.0359375
1 0.87890625 0.2671875 0.0171875 0.034375
1 0.90234375 0.26015625 0.0140625 0.0390625
1 0.87265625 0.33515625 0.02265625 0.0453125
1 0.89296875 0.34453125 0.01875 0.0484375
1 0.9109375 0.3453125 0.01875 0.05
1 0.91953125 0.2796875 0.01640625 0.05
1 0.96171875 0.36015625 0.02109375 0.0515625
1 0.9640625 0.31328125 0.0171875 0.0359375
1 0.965625 0.2875 0.01640625 0.034375