1 0.16875 0.24765625 0.021875 0.040625
1 0.2390625 0.2453125 0.0234375 0.04765625
1 0.19453125 0.51328125 0.05546875 0.090625
1 0.28671875 0.2265625 0.01953125 0.04609375
1 0.32890625 0.19453125 0.02109375 0.0375
1 0.33203125 0.23125 0.01796875 0.04765625
1 0.35703125 0.25625 0.02109375 0.04765625
1 0.42890625 0.24921875 0.02265625 0.040625
1 0.346875 0.2125 0.01875 0.03203125
1 0.38046875 0.196875 0.02109375 0.0421875
1 0.43125 0.20859375 0.0234375 0.0375
1 0.46484375 0.21484375 0.02109375 0.0390625
1 0.4140625 0.15546875 0.01171875 0.03046875
1 0.4375 0.1515625 0.01796875 0.01953125
1 0.440625 0.17578125 0.02109375 0.028125
1 0.48046875 0.153125 0.01328125 0.03046875
1 0.49453125 0.17890625 0.0171875 0.03515625
1 0.5015625 0.22578125 0.02265625 0.040625
1 0.55859375 0.18203125 0.01953125 0.040625
1 0.496875 0.26953125 0.02578125 0.053125
1 0.528125 0.1234375 0.015625 0.0265625
1 0.503125 0.15078125 0.01328125 0.028125
1 0.54453125 0.1328125 0.01484375 0.028125
1 0.5484375 0.1515625 0.01796875 0.0234375
1 0.5796875 0.16875 0.01484375 0.03203125
1 0.57265625 0.13359375 0.01484375 0.0265625
1 0.5796875 0.11015625 0.01328125 0.025
1 0.62109375 0.146875 0.01171875 0.025
1 0.60546875 0.12109375 0.0140625 0.0265625
1 0.6265625 0.11640625 0.0109375 0.0234375
1 0.64296875 0.12890625 0.015625 0.0265625
1 0.64453125 0.10703125 0.0140625 0.0265625
1 0.66484375 0.11875 0.0140625 0.03203125
1 0.69140625 0.1046875 0.01171875 0.025
1 0.68828125 0.12734375 0.01328125 0.028125
1 0.6546875 0.178125 0.01796875 0.03359375
1 0.61484375 0.23203125 0.015625 0.04609375
1 0.53984375 0.3109375 0.02890625 0.0546875
1 0.56875 0.25546875 0.02578125 0.04609375
1 0.6109375 0.32265625 0.03046875 0.0671875
1 0.67734375 0.34921875 0.03359375 0.05703125
1 0.73203125 0.40546875 0.03046875 0.06171875
1 0.6625 0.2828125 0.025 0.0546875
1 0.7234375 0.30859375 0.025 0.053125
1 0.771875 0.3140625 0.0234375 0.06015625
1 0.84609375 0.32421875 0.02578125 0.0640625
1 0.9 0.34609375 0.028125 0.05703125
1 0.9078125 0.2953125 0.01953125 0.0375
1 0.865625 0.296875 0.02109375 0.040625
1 0.80390625 0.24609375 0.025 0.053125
1 0.80078125 0.203125 0.0171875 0.03359375
1 0.76171875 0.24296875 0.0234375 0.0421875
1 0.7328125 0.2296875 0.02265625 0.04453125
1 0.69609375 0.20859375 0.021875 0.040625
1 0.69921875 0.1734375 0.0140625 0.028125
1 0.71953125 0.146875 0.01484375 0.028125
1 0.703125 0.1203125 0.01015625 0.028125
1 0.74921875 0.1328125 0.0171875 0.03515625
1 0.778125 0.1390625 0.01484375 0.03359375
1 0.87734375 0.228125 0.0171875 0.0375
1 0.92890625 0.22265625 0.01953125 0.04453125
1 0.9640625 0.15546875 0.015625 0.040625