1 0.42578125 0.22578125 0.0234375 0.04453125
1 0.46015625 0.24140625 0.021875 0.040625
1 0.54921875 0.12265625 0.0203125 0.040625
1 0.57421875 0.12578125 0.0171875 0.04609375
1 0.609375 0.165625 0.021875 0.0546875
1 0.6125 0.1984375 0.0171875 0.0390625
1 0.61875 0.28828125 0.04765625 0.08828125
1 0.66796875 0.20859375 0.021875 0.04609375
1 0.71328125 0.2734375 0.02109375 0.04765625
1 0.7953125 0.28515625 0.03359375 0.07421875
1 0.82265625 0.25234375 0.03203125 0.0546875
1 0.803125 0.23203125 0.0234375 0.053125
1 0.85234375 0.17421875 0.01796875 0.04453125
1 0.86328125 0.26796875 0.021875 0.04765625
1 0.9546875 0.25625 0.0265625 0.07109375