1 0.1765625 0.4796875 0.0375 0.06875
1 0.3390625 0.21953125 0.01796875 0.03671875
1 0.36171875 0.21796875 0.01796875 0.0296875
1 0.3671875 0.259375 0.02265625 0.0421875
1 0.38984375 0.26640625 0.02265625 0.0453125
1 0.4109375 0.1984375 0.01875 0.03359375
1 0.47265625 0.24453125 0.02421875 0.040625
1 0.4578125 0.2109375 0.01875 0.03515625
1 0.44453125 0.1640625 0.015625 0.0296875
1 0.45703125 0.16171875 0.01484375 0.03125
1 0.465625 0.13671875 0.01328125 0.02265625
1 0.49296875 0.19453125 0.0203125 0.0421875
1 0.50859375 0.13828125 0.0140625 0.028125
1 0.52890625 0.12109375 0.01484375 0.025
1 0.52578125 0.15703125 0.0140625 0.03515625
1 0.5578125 0.1578125 0.015625 0.03125
1 0.5625 0.1328125 0.015625 0.0296875
1 0.55078125 0.1265625 0.01484375 0.03359375
1 0.575 0.11875 0.015625 0.0296875
1 0.59296875 0.12265625 0.01328125 0.025
1 0.6 0.10625 0.009375 0.01796875
1 0.625 0.14140625 0.01484375 0.03515625
1 0.6640625 0.1203125 0.0140625 0.03203125
1 0.5921875 0.15625 0.02109375 0.03359375
1 0.56640625 0.2390625 0.02421875 0.05078125
1 0.61875 0.253125 0.02265625 0.04921875
1 0.6171875 0.20703125 0.02109375 0.0453125
1 0.66328125 0.225 0.0203125 0.0453125
1 0.66796875 0.275 0.025 0.0578125
1 0.70546875 0.16875 0.0203125 0.0421875
1 0.72890625 0.228125 0.0234375 0.05078125
1 0.74140625 0.171875 0.02109375 0.05078125
1 0.7296875 0.15234375 0.01796875 0.03125
1 0.771875 0.1640625 0.01796875 0.040625
1 0.7890625 0.209375 0.01953125 0.04921875
1 0.81328125 0.1703125 0.021875 0.0390625
1 0.8359375 0.2109375 0.0234375 0.04921875
1 0.8515625 0.18203125 0.01953125 0.040625
1 0.86328125 0.1609375 0.01875 0.03203125
1 0.90546875 0.18125 0.015625 0.04375
1 0.88359375 0.2234375 0.0203125 0.04921875
1 0.9296875 0.2421875 0.02109375 0.05390625
1 0.9171875 0.340625 0.02421875 0.06484375
1 0.9203125 0.28984375 0.01953125 0.0453125
1 0.84921875 0.30703125 0.0265625 0.0703125
1 0.8140625 0.38203125 0.03671875 0.0828125
1 0.8 0.2859375 0.02578125 0.06171875
1 0.88828125 0.39765625 0.040625 0.0828125