1 0.0546875 0.253125 0.01875 0.0359375
1 0.0765625 0.2359375 0.01640625 0.02734375
1 0.16171875 0.303125 0.03671875 0.0890625
1 0.165625 0.4484375 0.0375 0.08671875
1 0.33203125 0.15234375 0.0203125 0.0296875
1 0.52734375 0.14921875 0.02265625 0.0484375
1 0.46171875 0.171875 0.02109375 0.03828125
1 0.628125 0.19921875 0.025 0.05546875
1 0.5640625 0.05703125 0.01328125 0.02578125
1 0.59140625 0.05859375 0.01328125 0.02734375
1 0.61171875 0.06171875 0.01640625 0.02578125
1 0.740625 0.07421875 0.0140625 0.03359375
1 0.796875 0.09453125 0.015625 0.0359375
1 0.90625 0.16640625 0.01328125 0.03203125
1 0.9375 0.18828125 0.01171875 0.0296875
1 0.9265625 0.2359375 0.01875 0.0359375
1 0.92890625 0.1703125 0.00703125 0.0234375