1 0.17109375 0.403125 0.04921875 0.0828125
1 0.30625 0.221875 0.01875 0.03671875
1 0.31796875 0.25078125 0.01875 0.040625
1 0.33125 0.22421875 0.02109375 0.03359375
1 0.32890625 0.1890625 0.01796875 0.03515625
1 0.34609375 0.2015625 0.01640625 0.0390625
1 0.3703125 0.21328125 0.0171875 0.03515625
1 0.37265625 0.2453125 0.01796875 0.0421875
1 0.384375 0.24765625 0.02109375 0.046875
1 0.390625 0.2078125 0.0203125 0.0421875
1 0.415625 0.25625 0.025 0.05390625
1 0.43984375 0.22890625 0.02109375 0.046875
1 0.43984375 0.18125 0.0171875 0.03515625
1 0.4265625 0.17578125 0.0171875 0.0390625
1 0.41796875 0.153125 0.01640625 0.0265625
1 0.4453125 0.16015625 0.01484375 0.03046875
1 0.47421875 0.1859375 0.02109375 0.0390625
1 0.4859375 0.2234375 0.021875 0.0421875
1 0.5015625 0.19609375 0.01796875 0.0390625
1 0.48984375 0.159375 0.0140625 0.02890625
1 0.47890625 0.14140625 0.01171875 0.0234375
1 0.48984375 0.1375 0.01015625 0.025
1 0.51015625 0.12734375 0.01484375 0.03515625
1 0.5078125 0.153125 0.0140625 0.03046875
1 0.53203125 0.16015625 0.01640625 0.03359375
1 0.53046875 0.13046875 0.0125 0.02890625
1 0.54375 0.13515625 0.01484375 0.02890625
1 0.54765625 0.1625 0.01484375 0.03203125
1 0.55703125 0.18671875 0.01640625 0.03359375
1 0.5609375 0.159375 0.01484375 0.03203125
1 0.58203125 0.1703125 0.01796875 0.040625
1 0.5953125 0.14296875 0.01640625 0.03046875
1 0.58359375 0.128125 0.01328125 0.0234375
1 0.603125 0.121875 0.01640625 0.02890625
1 0.628125 0.128125 0.01484375 0.03671875
1 0.63515625 0.11015625 0.0125 0.02890625
1 0.61875 0.1640625 0.01640625 0.0421875
1 0.66953125 0.13359375 0.01171875 0.02890625
1 0.65 0.13046875 0.0140625 0.02890625
1 0.6625 0.10625 0.01484375 0.03359375
1 0.68515625 0.12265625 0.01328125 0.03359375
1 0.71640625 0.11640625 0.01484375 0.03046875
1 0.67109375 0.17578125 0.021875 0.0421875
1 0.62890625 0.2234375 0.02109375 0.05234375
1 0.62734375 0.265625 0.0265625 0.05703125
1 0.56484375 0.25703125 0.02734375 0.05546875
1 0.54609375 0.31640625 0.03125 0.0609375
1 0.4890625 0.28359375 0.0296875 0.0625
1 0.59453125 0.346875 0.0296875 0.0640625
1 0.659375 0.3515625 0.034375 0.08046875
1 0.6796875 0.27421875 0.025 0.05703125
1 0.71796875 0.2453125 0.0234375 0.0484375
1 0.7359375 0.28984375 0.02265625 0.05390625
1 0.7546875 0.325 0.0296875 0.05390625
1 0.7421875 0.41640625 0.04296875 0.07890625
1 0.82265625 0.41953125 0.028125 0.0640625
1 0.86953125 0.42421875 0.03125 0.08046875
1 0.84375 0.3375 0.03046875 0.0625
1 0.865625 0.28515625 0.02265625 0.05546875
1 0.909375 0.34765625 0.0296875 0.06875
1 0.9234375 0.303125 0.021875 0.05390625
1 0.88203125 0.234375 0.025 0.046875
1 0.92890625 0.23671875 0.0171875 0.0484375
1 0.8046875 0.25078125 0.025 0.04375
1 0.7984375 0.2296875 0.021875 0.0390625
1 0.7671875 0.25234375 0.0234375 0.04375
1 0.7484375 0.2109375 0.021875 0.0390625
1 0.7140625 0.19296875 0.0203125 0.0390625
1 0.703125 0.16640625 0.01875 0.03671875
1 0.7265625 0.15859375 0.0171875 0.03671875
1 0.74765625 0.13828125 0.01484375 0.03671875
1 0.7765625 0.16015625 0.01640625 0.03046875
1 0.78359375 0.13828125 0.01484375 0.03046875
1 0.80859375 0.16171875 0.01328125 0.03046875