1 0.3921875 0.2375 0.015625 0.03515625
1 0.41015625 0.24453125 0.0171875 0.0390625
1 0.41640625 0.25546875 0.02109375 0.040625
1 0.37890625 0.1921875 0.01796875 0.040625
1 0.4171875 0.20078125 0.015625 0.03359375
1 0.434375 0.209375 0.01796875 0.0375
1 0.41484375 0.16171875 0.01796875 0.03359375
1 0.4265625 0.15859375 0.015625 0.0375
1 0.46484375 0.1640625 0.0140625 0.0375
1 0.47421875 0.175 0.01640625 0.03515625
1 0.45703125 0.2140625 0.02109375 0.0390625
1 0.471875 0.1359375 0.0125 0.02109375
1 0.4765625 0.1546875 0.0125 0.03046875
1 0.48828125 0.15546875 0.0140625 0.03515625
1 0.48203125 0.1359375 0.0109375 0.02109375
1 0.49765625 0.11875 0.0109375 0.028125
1 0.49921875 0.21328125 0.01953125 0.04453125
1 0.5046875 0.19375 0.0171875 0.0375
1 0.53359375 0.190625 0.01640625 0.0375
1 0.534375 0.16015625 0.0140625 0.03046875
1 0.534375 0.13828125 0.015625 0.028125
1 0.56015625 0.128125 0.0125 0.03359375
1 0.57578125 0.1390625 0.0140625 0.03046875
1 0.553125 0.16484375 0.01796875 0.03203125
1 0.6015625 0.1609375 0.0140625 0.03203125
1 0.5984375 0.1046875 0.0125 0.025
1 0.60390625 0.12421875 0.01328125 0.025
1 0.621875 0.09609375 0.00859375 0.02265625
1 0.6234375 0.12109375 0.0140625 0.02265625
1 0.62109375 0.14375 0.015625 0.028125
1 0.65078125 0.1484375 0.01640625 0.028125
1 0.65625 0.10859375 0.015625 0.03359375
1 0.68125 0.1203125 0.0125 0.025
1 0.703125 0.1109375 0.01328125 0.0265625
1 0.6640625 0.184375 0.0171875 0.03515625
1 0.62421875 0.2171875 0.02109375 0.0375
1 0.61015625 0.24609375 0.02734375 0.05625
1 0.55859375 0.26796875 0.02578125 0.0546875
1 0.62890625 0.28515625 0.028125 0.053125
1 0.65859375 0.3734375 0.034375 0.07421875
1 0.7515625 0.4484375 0.06484375 0.12890625
1 0.71640625 0.18046875 0.015625 0.03515625
1 0.72109375 0.1484375 0.01640625 0.03203125
1 0.75703125 0.13515625 0.01171875 0.02265625
1 0.78203125 0.12578125 0.0125 0.03515625
1 0.79140625 0.15546875 0.0109375 0.03515625
1 0.75546875 0.16796875 0.0140625 0.028125
1 0.75703125 0.19296875 0.01640625 0.03515625
1 0.79296875 0.20390625 0.0171875 0.0390625
1 0.80078125 0.17265625 0.0140625 0.03046875
1 0.825 0.178125 0.01328125 0.03046875
1 0.83984375 0.15078125 0.0125 0.03203125
1 0.85703125 0.18828125 0.015625 0.0265625
1 0.8734375 0.16640625 0.0125 0.028125
1 0.8953125 0.19296875 0.0125 0.03203125
1 0.9015625 0.21484375 0.015625 0.03359375
1 0.934375 0.1640625 0.01171875 0.040625
1 0.93984375 0.19609375 0.01640625 0.04609375
1 0.9296875 0.24609375 0.015625 0.03515625
1 0.88671875 0.2328125 0.0203125 0.040625
1 0.83828125 0.2171875 0.0171875 0.0375
1 0.821875 0.259375 0.021875 0.0515625
1 0.84453125 0.3015625 0.025 0.0546875
1 0.875 0.26640625 0.02109375 0.0515625
1 0.92421875 0.315625 0.025 0.0546875
1 0.753125 0.24140625 0.0203125 0.0546875
1 0.74453125 0.2609375 0.02734375 0.0546875