1 0.12421875 0.31875 0.03125 0.06015625
1 0.14453125 0.34765625 0.0328125 0.0734375
1 0.18046875 0.3859375 0.0453125 0.0859375
1 0.1796875 0.31328125 0.03203125 0.0578125
1 0.23125 0.32578125 0.03828125 0.06640625
1 0.2109375 0.3765625 0.0375 0.07734375
1 0.240625 0.29140625 0.02578125 0.059375
1 0.29375 0.33203125 0.03359375 0.07578125
1 0.33203125 0.37421875 0.04140625 0.07578125
1 0.36484375 0.3234375 0.03828125 0.0671875
1 0.3984375 0.30078125 0.034375 0.07890625
1 0.325 0.26015625 0.03515625 0.07578125