1 0.3203125 0.19765625 0.01796875 0.03203125
1 0.3671875 0.196875 0.0140625 0.0265625
1 0.37265625 0.17890625 0.0125 0.02421875
1 0.40859375 0.17265625 0.0140625 0.0296875
1 0.428125 0.17734375 0.0140625 0.028125
1 0.45078125 0.22578125 0.015625 0.03203125
1 0.45703125 0.16875 0.01171875 0.02265625
1 0.44921875 0.15078125 0.01171875 0.02421875
1 0.4375 0.14453125 0.01171875 0.0296875
1 0.47109375 0.13125 0.009375 0.01875
1 0.4703125 0.15859375 0.01171875 0.02421875
1 0.503125 0.18359375 0.0125 0.0296875
1 0.49140625 0.17421875 0.009375 0.0296875
1 0.49296875 0.13046875 0.01015625 0.0203125
1 0.50625 0.13046875 0.01015625 0.02421875
1 0.515625 0.1625 0.01171875 0.03203125
1 0.540625 0.13984375 0.01171875 0.028125
1 0.56796875 0.14296875 0.01171875 0.01875
1 0.5734375 0.1234375 0.0140625 0.02265625
1 0.59140625 0.1546875 0.0125 0.028125
1 0.5890625 0.1296875 0.01171875 0.02265625
1 0.553125 0.06015625 0.009375 0.01875
1 0.6140625 0.10625 0.009375 0.0203125
1 0.62734375 0.13203125 0.01015625 0.0171875
1 0.62421875 0.15859375 0.01015625 0.0203125
1 0.65234375 0.109375 0.009375 0.0171875
1 0.66875 0.11171875 0.01171875 0.028125
1 0.678125 0.12890625 0.00859375 0.028125
1 0.69765625 0.121875 0.009375 0.02265625
1 0.56328125 0.23828125 0.01875 0.0453125
1 0.54921875 0.18359375 0.0125 0.02265625
1 0.62890625 0.2 0.015625 0.046875
1 0.64296875 0.1875 0.01484375 0.03359375
1 0.6625 0.2140625 0.015625 0.0375
1 0.70546875 0.23359375 0.01796875 0.04296875
1 0.70546875 0.19296875 0.01484375 0.03359375
1 0.68984375 0.178125 0.0125 0.03359375
1 0.7640625 0.3171875 0.03359375 0.07109375
1 0.73125 0.17421875 0.0171875 0.03359375
1 0.7234375 0.1453125 0.01171875 0.02421875
1 0.74921875 0.13828125 0.01015625 0.0171875
1 0.76015625 0.13046875 0.009375 0.0171875
1 0.7671875 0.171875 0.0125 0.03203125
1 0.78515625 0.16328125 0.01015625 0.0265625
1 0.80390625 0.15703125 0.01484375 0.03203125
1 0.815625 0.13515625 0.0125 0.0296875
1 0.79140625 0.21015625 0.01484375 0.04140625
1 0.8125 0.190625 0.0125 0.0390625
1 0.8265625 0.16953125 0.01015625 0.03203125
1 0.85078125 0.1359375 0.01171875 0.028125
1 0.88125 0.15 0.01171875 0.0265625
1 0.85234375 0.196875 0.0125 0.0375
1 0.87734375 0.228125 0.0140625 0.04296875
1 0.8859375 0.20234375 0.0140625 0.02265625
1 0.9140625 0.18125 0.01015625 0.02421875
1 0.9296875 0.22578125 0.015625 0.04296875
1 0.934375 0.16875 0.0125 0.02265625
1 0.87109375 0.2703125 0.01796875 0.0453125