1 0.834375 0.20546875 0.0140625 0.0390625
1 0.88125 0.21875 0.0125 0.0453125
1 0.87265625 0.23359375 0.01328125 0.0421875
1 0.87421875 0.4046875 0.01796875 0.06953125
1 0.8640625 0.33984375 0.0140625 0.0609375
1 0.94765625 0.375 0.0203125 0.0609375
1 0.965625 0.43984375 0.01796875 0.065625
1 0.92421875 0.31875 0.01328125 0.05234375
1 0.97578125 0.33203125 0.01015625 0.0421875
1 0.97734375 0.36328125 0.0125 0.04375
1 0.9390625 0.2671875 0.0125 0.04375
1 0.95078125 0.2390625 0.0109375 0.0390625
1 0.98671875 0.2625 0.009375 0.03515625
1 0.9828125 0.30390625 0.01171875 0.040625
1 0.9109375 0.2265625 0.01328125 0.040625
1 0.88828125 0.26640625 0.01484375 0.04921875
1 0.90234375 0.24375 0.01171875 0.0390625
1 0.81953125 0.29375 0.01953125 0.05390625
1 0.71484375 0.1484375 0.0109375 0.03046875
1 0.71640625 0.2078125 0.01171875 0.04375
1 0.725 0.26953125 0.01640625 0.04921875
1 0.73671875 0.2109375 0.01171875 0.040625
1 0.76015625 0.2296875 0.015625 0.04765625
1 0.76875 0.28046875 0.01796875 0.04765625
1 0.78359375 0.165625 0.0125 0.040625
1 0.78046875 0.20625 0.01640625 0.05078125
1 0.8140625 0.1859375 0.01328125 0.04375
1 0.81640625 0.23671875 0.0125 0.05078125
1 0.7953125 0.25 0.01640625 0.04375
1 0.7328125 0.3875 0.02578125 0.065625
1 0.80625 0.45859375 0.02890625 0.0828125
1 0.86171875 0.51484375 0.02578125 0.08125
1 0.61015625 0.3703125 0.02109375 0.0578125
1 0.6609375 0.4046875 0.02421875 0.07265625
1 0.61875 0.2859375 0.02109375 0.05546875
1 0.63125 0.190625 0.0125 0.04375
1 0.6671875 0.24375 0.01953125 0.059375
1 0.6671875 0.178125 0.0125 0.03515625
1 0.66015625 0.1453125 0.01015625 0.0375
1 0.69765625 0.1359375 0.0109375 0.03203125
1 0.68984375 0.15859375 0.0125 0.040625
1 0.6453125 0.13359375 0.0125 0.0375
1 0.6015625 0.12109375 0.01171875 0.03515625
1 0.58203125 0.134375 0.01328125 0.03515625
1 0.62265625 0.12421875 0.0109375 0.03203125
1 0.61875 0.15234375 0.01328125 0.03046875
1 0.528125 0.15625 0.0109375 0.03515625
1 0.55703125 0.1359375 0.01171875 0.0390625
1 0.553125 0.15859375 0.01328125 0.0375
1 0.575 0.1921875 0.01328125 0.040625
1 0.55546875 0.2125 0.015625 0.040625
1 0.4953125 0.146875 0.0109375 0.03046875
1 0.44921875 0.15703125 0.0125 0.0375
1 0.4359375 0.18671875 0.01328125 0.0390625
1 0.4171875 0.16953125 0.01171875 0.025
1 0.40234375 0.18359375 0.0125 0.03515625
1 0.40390625 0.23125 0.01171875 0.040625
1 0.471875 0.24609375 0.015625 0.04921875
1 0.4796875 0.1609375 0.01484375 0.0421875
1 0.50234375 0.20234375 0.0140625 0.04375
1 0.35859375 0.20546875 0.015625 0.0390625
1 0.37109375 0.2625 0.015625 0.05234375
1 0.440625 0.30234375 0.01953125 0.0609375
1 0.3171875 0.20078125 0.01484375 0.04375
1 0.3296875 0.2296875 0.01640625 0.04765625
1 0.30859375 0.23046875 0.015625 0.0390625
1 0.2765625 0.23515625 0.0171875 0.0375
1 0.20625 0.26484375 0.01484375 0.04375
1 0.21796875 0.28203125 0.01796875 0.04765625
1 0.365625 0.19140625 0.01640625 0.02890625
1 0.56484375 0.33984375 0.021875 0.0578125
1 0.10234375 0.5671875 0.03828125 0.11484375