1 0.5484375 0.196875 0.025 0.05703125
1 0.61015625 0.246875 0.02421875 0.06640625
1 0.68984375 0.2890625 0.03828125 0.08828125
1 0.51171875 0.16953125 0.021875 0.04921875
1 0.46640625 0.196875 0.02265625 0.05703125
1 0.40859375 0.1703125 0.021875 0.0546875
1 0.4109375 0.2265625 0.0265625 0.05703125
1 0.3765625 0.2046875 0.01875 0.04921875
1 0.3453125 0.196875 0.01875 0.04921875
1 0.2953125 0.21484375 0.02109375 0.04921875
1 0.259375 0.21796875 0.01953125 0.0390625
1 0.30546875 0.2140625 0.015625 0.0390625
1 0.33046875 0.20078125 0.021875 0.053125