1 0.19296875 0.40625 0.0484375 0.0859375
1 0.2609375 0.265625 0.01875 0.03203125
1 0.2984375 0.2390625 0.02421875 0.0421875
1 0.32421875 0.20703125 0.0171875 0.0390625
1 0.321875 0.246875 0.0203125 0.03203125
1 0.35234375 0.25390625 0.02421875 0.03671875
1 0.384375 0.25234375 0.0171875 0.0421875
1 0.3796875 0.1984375 0.015625 0.0390625
1 0.4046875 0.16796875 0.01328125 0.025
1 0.4328125 0.15625 0.01484375 0.03359375
1 0.4625 0.1390625 0.0140625 0.028125
1 0.46171875 0.1625 0.01640625 0.03828125
1 0.47890625 0.1265625 0.0125 0.028125
1 0.5046875 0.11953125 0.01171875 0.02265625
1 0.5203125 0.128125 0.0140625 0.03125
1 0.41640625 0.17890625 0.01171875 0.03359375
1 0.42734375 0.23984375 0.01875 0.03203125
1 0.4125 0.275 0.02109375 0.0421875
1 0.47890625 0.21015625 0.01875 0.0390625
1 0.49453125 0.184375 0.01484375 0.0390625
1 0.55703125 0.1375 0.01328125 0.03515625
1 0.52578125 0.19921875 0.01953125 0.03515625
1 0.56953125 0.16796875 0.01796875 0.03515625
1 0.5796875 0.13046875 0.01640625 0.0296875
1 0.584375 0.1453125 0.01640625 0.03125
1 0.5984375 0.1046875 0.01875 0.0296875
1 0.61953125 0.109375 0.01484375 0.0296875
1 0.640625 0.1109375 0.01640625 0.03515625
1 0.61328125 0.15 0.0140625 0.02421875
1 0.62890625 0.1453125 0.01875 0.0390625
1 0.66328125 0.11796875 0.01328125 0.03125
1 0.50078125 0.28046875 0.02734375 0.05390625
1 0.54609375 0.30078125 0.028125 0.05234375
1 0.5796875 0.23828125 0.02265625 0.0453125
1 0.60546875 0.25078125 0.03125 0.05390625
1 0.62578125 0.20390625 0.01796875 0.05390625
1 0.65390625 0.19609375 0.025 0.05390625
1 0.65390625 0.15234375 0.01953125 0.0390625
1 0.6921875 0.14375 0.0171875 0.0390625
1 0.765625 0.125 0.01328125 0.03515625
1 0.7953125 0.12421875 0.015625 0.03671875
1 0.72578125 0.15234375 0.01875 0.0390625
1 0.74453125 0.146875 0.01640625 0.04375
1 0.75859375 0.16796875 0.01640625 0.03671875
1 0.790625 0.18046875 0.01875 0.0453125
1 0.8046875 0.16796875 0.01640625 0.040625
1 0.83515625 0.1328125 0.0171875 0.04375
1 0.86640625 0.13671875 0.01328125 0.03359375
1 0.6984375 0.2125 0.02265625 0.0453125
1 0.66484375 0.24140625 0.02421875 0.0546875
1 0.6734375 0.290625 0.0265625 0.071875
1 0.71953125 0.2515625 0.02734375 0.0546875
1 0.74140625 0.325 0.03515625 0.084375
1 0.771875 0.28125 0.02421875 0.0546875
1 0.84375 0.17734375 0.01796875 0.0390625
1 0.88828125 0.1921875 0.01875 0.04609375
1 0.8171875 0.225 0.0203125 0.04609375
1 0.8375 0.21796875 0.01875 0.0390625
1 0.86953125 0.24765625 0.01875 0.05625
1 0.9109375 0.2640625 0.028125 0.04609375
1 0.33671875 0.215625 0.01796875 0.0390625
1 0.71171875 0.18671875 0.02890625 0.05234375
1 0.74375 0.2390625 0.0171875 0.040625
1 0.73984375 0.19609375 0.0203125 0.040625