1 0.06484375 0.4296875 0.03984375 0.0703125
1 0.2921875 0.26796875 0.02265625 0.046875
1 0.33203125 0.2640625 0.01953125 0.0421875
1 0.31640625 0.23359375 0.01875 0.040625
1 0.35078125 0.20859375 0.01953125 0.03828125
1 0.3578125 0.225 0.01875 0.0328125
1 0.3734375 0.25390625 0.01953125 0.04375
1 0.409375 0.2828125 0.021875 0.04375
1 0.4 0.26484375 0.01875 0.03828125
1 0.38515625 0.22578125 0.0203125 0.0421875
1 0.4046875 0.22265625 0.01796875 0.0328125
1 0.41484375 0.19375 0.0171875 0.03671875
1 0.4484375 0.21484375 0.01953125 0.03984375
1 0.45859375 0.18984375 0.0171875 0.03828125
1 0.4921875 0.221875 0.02109375 0.0421875
1 0.43515625 0.17734375 0.01953125 0.040625
1 0.4703125 0.16015625 0.01484375 0.0265625
1 0.47109375 0.14140625 0.0140625 0.02578125
1 0.4796875 0.1375 0.0109375 0.0265625
1 0.5109375 0.1875 0.01953125 0.03984375
1 0.51640625 0.1625 0.01953125 0.03359375
1 0.5078125 0.1484375 0.0140625 0.02578125
1 0.5140625 0.13359375 0.015625 0.0265625
1 0.525 0.14140625 0.01328125 0.03125
1 0.5453125 0.13046875 0.0140625 0.0265625
1 0.54921875 0.1734375 0.01875 0.03671875
1 0.56796875 0.13828125 0.01640625 0.03125
1 0.59453125 0.159375 0.0203125 0.03359375
1 0.5875 0.14375 0.01484375 0.03125
1 0.571875 0.1171875 0.01640625 0.028125
1 0.59765625 0.12109375 0.01640625 0.03671875
1 0.63125 0.13671875 0.0171875 0.03671875
1 0.62265625 0.11796875 0.0140625 0.0328125
1 0.625 0.0953125 0.0140625 0.02109375
1 0.64453125 0.12109375 0.0125 0.03125
1 0.66328125 0.125 0.0140625 0.0328125
1 0.66015625 0.09609375 0.01328125 0.028125
1 0.67734375 0.09609375 0.015625 0.02578125
1 0.68046875 0.1203125 0.0109375 0.03125
1 0.71171875 0.1078125 0.015625 0.0265625
1 0.55078125 0.2828125 0.03359375 0.06328125
1 0.56875 0.2359375 0.025 0.05390625
1 0.6109375 0.3203125 0.03203125 0.06796875
1 0.62578125 0.24296875 0.0234375 0.05390625
1 0.62578125 0.2125 0.02421875 0.04375
1 0.6890625 0.21796875 0.01796875 0.04921875
1 0.68203125 0.278125 0.02265625 0.0625
1 0.7234375 0.2234375 0.02421875 0.05625
1 0.68984375 0.18203125 0.0171875 0.03359375
1 0.7171875 0.1453125 0.0171875 0.03984375
1 0.740625 0.18671875 0.021875 0.0453125
1 0.775 0.2921875 0.025 0.06796875
1 0.76875 0.23828125 0.0265625 0.0609375
1 0.7875 0.20625 0.01953125 0.0421875
1 0.7484375 0.13125 0.0140625 0.03125
1 0.859375 0.2390625 0.02265625 0.04765625
1 0.846875 0.31875 0.02734375 0.06328125
1 0.8296875 0.38515625 0.0375 0.0859375
1 0.90390625 0.43046875 0.03046875 0.08203125
1 0.82890625 0.24609375 0.01796875 0.04375
1 0.92265625 0.3359375 0.03046875 0.0734375
1 0.9328125 0.2359375 0.01953125 0.0453125
1 0.95078125 0.2890625 0.02421875 0.046875
1 0.89140625 0.21796875 0.01953125 0.04375
1 0.90703125 0.18359375 0.01484375 0.03125
1 0.9109375 0.1578125 0.01640625 0.03359375
1 0.92421875 0.1359375 0.0140625 0.03671875
1 0.9484375 0.14921875 0.01328125 0.0296875
1 0.85390625 0.1875 0.01640625 0.03984375
1 0.86796875 0.1609375 0.01640625 0.03125
1 0.87109375 0.1328125 0.0140625 0.03125
1 0.775 0.14375 0.01640625 0.040625
1 0.79453125 0.1546875 0.01640625 0.03515625
1 0.79375 0.11796875 0.01484375 0.0328125
1 0.81484375 0.11015625 0.015625 0.03359375
1 0.82421875 0.1453125 0.01328125 0.03359375
1 0.81796875 0.17265625 0.0140625 0.03359375
1 0.8359375 0.12109375 0.0109375 0.03359375
1 0.85078125 0.1265625 0.0140625 0.0296875
1 0.88515625 0.13671875 0.0125 0.028125