1 0.08125 0.43046875 0.04296875 0.0875
1 0.2546875 0.2796875 0.01796875 0.0265625
1 0.29765625 0.25078125 0.01953125 0.03828125
1 0.321875 0.221875 0.0140625 0.0328125
1 0.296875 0.275 0.0171875 0.025
1 0.3046875 0.30390625 0.015625 0.0234375
1 0.3359375 0.24140625 0.0140625 0.0296875
1 0.35078125 0.21796875 0.01953125 0.0328125
1 0.3671875 0.21171875 0.0125 0.0265625
1 0.3765625 0.26015625 0.0171875 0.028125
1 0.39140625 0.19140625 0.01328125 0.0328125
1 0.44375 0.225 0.01953125 0.0328125
1 0.4109375 0.1734375 0.015625 0.01953125
1 0.44921875 0.14609375 0.01015625 0.025
1 0.4453125 0.19140625 0.0171875 0.0328125
1 0.46875 0.1921875 0.015625 0.03125
1 0.4734375 0.14921875 0.01328125 0.028125
1 0.48671875 0.13984375 0.0109375 0.025
1 0.496875 0.1828125 0.025 0.03828125
1 0.515625 0.1375 0.01484375 0.0296875
1 0.5296875 0.13828125 0.0171875 0.03125
1 0.56171875 0.1078125 0.01015625 0.01953125
1 0.590625 0.1234375 0.0109375 0.03125
1 0.571875 0.171875 0.0234375 0.03984375
1 0.553125 0.1515625 0.0171875 0.025
1 0.525 0.21171875 0.025 0.03671875
1 0.43359375 0.26640625 0.015625 0.03984375
1 0.49765625 0.28046875 0.0265625 0.04453125
1 0.53828125 0.3046875 0.025 0.0515625
1 0.62265625 0.1390625 0.01953125 0.04609375
1 0.63828125 0.10078125 0.01328125 0.0234375
1 0.67734375 0.11171875 0.0140625 0.03125
1 0.6984375 0.1 0.01328125 0.03125
1 0.6296875 0.18828125 0.01875 0.03671875
1 0.6109375 0.2515625 0.02421875 0.03984375
1 0.6078125 0.3234375 0.02890625 0.04140625
1 0.67890625 0.321875 0.0234375 0.0515625
1 0.66015625 0.25625 0.01953125 0.04296875
1 0.66015625 0.19921875 0.02265625 0.04453125
1 0.66171875 0.15703125 0.0171875 0.03671875
1 0.69375 0.1765625 0.0171875 0.0296875
1 0.69140625 0.13671875 0.01328125 0.034375
1 0.70390625 0.2203125 0.01484375 0.04140625
1 0.73515625 0.1265625 0.0140625 0.03125
1 0.753125 0.10859375 0.0171875 0.03125
1 0.73515625 0.16328125 0.015625 0.0296875
1 0.7546875 0.221875 0.02265625 0.04609375
1 0.7453125 0.18515625 0.01484375 0.03671875
1 0.75546875 0.175 0.01953125 0.03984375
1 0.7703125 0.12890625 0.01484375 0.0296875
1 0.7859375 0.290625 0.02265625 0.05625
1 0.809375 0.253125 0.01875 0.053125
1 0.7984375 0.18359375 0.01484375 0.03984375
1 0.79765625 0.12421875 0.0140625 0.0328125
1 0.7796875 0.1140625 0.0109375 0.0296875
1 0.81796875 0.1296875 0.01328125 0.03125
1 0.8671875 0.12578125 0.0140625 0.0296875
1 0.8328125 0.14453125 0.01328125 0.034375
1 0.8453125 0.18984375 0.01484375 0.0296875
1 0.81796875 0.16796875 0.02265625 0.028125
1 0.85546875 0.16640625 0.0171875 0.03125
1 0.896875 0.13125 0.01484375 0.04140625
1 0.8859375 0.1890625 0.015625 0.03125
1 0.89609375 0.16875 0.0171875 0.0296875
1 0.87421875 0.22421875 0.0140625 0.034375
1 0.9171875 0.27734375 0.01953125 0.04921875
1 0.92734375 0.2046875 0.015625 0.0296875
1 0.91875 0.17109375 0.0140625 0.03125
1 0.9265625 0.1515625 0.01015625 0.025
1 0.728125 0.30625 0.0296875 0.0546875
1 0.503125 0.22421875 0.025 0.04140625
1 0.5109375 0.171875 0.0265625 0.03984375
1 0.41875 0.22734375 0.025 0.03125
1 0.36796875 0.22890625 0.01796875 0.034375
1 0.5625 0.24453125 0.02265625 0.04921875
1 0.41796875 0.1890625 0.01328125 0.028125
1 0.6171875 0.10546875 0.0125 0.0265625
1 0.625 0.1078125 0.01015625 0.0265625
1 0.59765625 0.1015625 0.0125 0.025
1 0.7078125 0.13828125 0.01796875 0.04140625