1 0.08671875 0.31640625 0.02109375 0.04453125
1 0.15 0.3 0.02109375 0.04453125
1 0.3859375 0.26640625 0.02265625 0.04296875
1 0.35625 0.24296875 0.021875 0.04140625
1 0.4234375 0.1625 0.01953125 0.0328125
1 0.46953125 0.2234375 0.021875 0.04609375
1 0.496875 0.3140625 0.0265625 0.059375
1 0.54765625 0.33203125 0.03203125 0.05625
1 0.5453125 0.14296875 0.0171875 0.0296875
1 0.5828125 0.13671875 0.015625 0.0359375
1 0.60546875 0.11875 0.01171875 0.0265625
1 0.6421875 0.23984375 0.0203125 0.0359375
1 0.65859375 0.22734375 0.0203125 0.04296875
1 0.80625 0.2765625 0.025 0.059375
1 0.86484375 0.3125 0.03671875 0.0625
1 0.92578125 0.15078125 0.0125 0.025
1 0.95546875 0.15546875 0.015625 0.034375