1 0.3859375 0.26640625 0.01953125 0.03984375
1 0.3484375 0.2390625 0.021875 0.03984375
1 0.4421875 0.22265625 0.01875 0.04453125
1 0.3984375 0.12734375 0.01484375 0.034375
1 0.49140625 0.30703125 0.02734375 0.05859375
1 0.5453125 0.32265625 0.028125 0.05859375
1 0.58671875 0.3828125 0.0296875 0.0484375
1 0.63046875 0.240625 0.02265625 0.04296875
1 0.6578125 0.2171875 0.02265625 0.0484375
1 0.56015625 0.12265625 0.0140625 0.02421875
1 0.57109375 0.12734375 0.0125 0.02734375
1 0.59765625 0.10859375 0.0109375 0.02734375
1 0.78203125 0.28203125 0.028125 0.0671875
1 0.84765625 0.30859375 0.0296875 0.065625
1 0.909375 0.1453125 0.01484375 0.02578125
1 0.9359375 0.15078125 0.0140625 0.0296875