1 0.8796875 0.42265625 0.03203125 0.08125
1 0.79609375 0.38828125 0.02734375 0.0796875
1 0.83515625 0.31875 0.0234375 0.0625
1 0.88984375 0.3015625 0.0234375 0.0546875
1 0.85625 0.2515625 0.0203125 0.0484375
1 0.8703125 0.2359375 0.01796875 0.053125
1 0.90546875 0.2546875 0.01875 0.0484375
1 0.91328125 0.24375 0.021875 0.0484375
1 0.89453125 0.15625 0.0125 0.03046875
1 0.8890625 0.178125 0.015625 0.03515625
1 0.85390625 0.165625 0.0140625 0.03515625
1 0.8375 0.12265625 0.01171875 0.028125
1 0.81875 0.14453125 0.009375 0.03203125
1 0.79921875 0.17890625 0.015625 0.0359375
1 0.821875 0.21953125 0.01640625 0.03515625
1 0.8140625 0.23515625 0.01640625 0.040625
1 0.80703125 0.1203125 0.01171875 0.02890625
1 0.78046875 0.1140625 0.00859375 0.028125
1 0.778125 0.16171875 0.01328125 0.03046875
1 0.73125 0.1125 0.01015625 0.0265625
1 0.75 0.14140625 0.0125 0.0265625
1 0.74453125 0.165625 0.015625 0.03359375
1 0.715625 0.165625 0.01328125 0.028125
1 0.7234375 0.1796875 0.015625 0.0359375
1 0.70625 0.2171875 0.0171875 0.04296875
1 0.77421875 0.20625 0.01796875 0.0421875
1 0.765625 0.22421875 0.015625 0.0390625
1 0.76640625 0.29375 0.01796875 0.040625
1 0.69140625 0.10703125 0.01171875 0.028125
1 0.66640625 0.12265625 0.01171875 0.025
1 0.67578125 0.19140625 0.01484375 0.0421875
1 0.65234375 0.225 0.01640625 0.040625
1 0.6578125 0.2609375 0.02109375 0.05859375
1 0.6375 0.09609375 0.01015625 0.025
1 0.64375 0.11171875 0.01015625 0.025
1 0.63828125 0.13203125 0.01328125 0.0375
1 0.590625 0.10078125 0.00625 0.01640625
1 0.609375 0.11328125 0.00859375 0.01953125
1 0.60859375 0.1484375 0.01171875 0.03203125
1 0.56328125 0.1265625 0.009375 0.0234375
1 0.58515625 0.1484375 0.0125 0.02890625
1 0.60234375 0.2125 0.015625 0.0375
1 0.603125 0.25859375 0.01953125 0.0546875
1 0.63125 0.2953125 0.02421875 0.06171875
1 0.56484375 0.246875 0.0171875 0.04765625
1 0.54296875 0.28203125 0.0265625 0.06171875
1 0.5625 0.17578125 0.0140625 0.03359375
1 0.546875 0.16171875 0.0140625 0.03046875
1 0.52734375 0.1390625 0.01171875 0.0265625
1 0.5046875 0.13671875 0.0078125 0.02265625
1 0.515625 0.16015625 0.01171875 0.025
1 0.50078125 0.18359375 0.01640625 0.04609375
1 0.49140625 0.1578125 0.009375 0.02265625
1 0.45390625 0.14453125 0.01015625 0.0265625
1 0.46484375 0.15703125 0.009375 0.0265625
1 0.4375 0.16953125 0.01015625 0.02890625
1 0.44921875 0.16875 0.01171875 0.025
1 0.44921875 0.2125 0.01484375 0.0375
1 0.4640625 0.23671875 0.0203125 0.04609375
1 0.41328125 0.19296875 0.01171875 0.02890625
1 0.39765625 0.23046875 0.015625 0.03515625
1 0.38828125 0.2625 0.01640625 0.0359375
1 0.315625 0.24453125 0.01484375 0.0375
1 0.32734375 0.25625 0.015625 0.0359375
1 0.34765625 0.24140625 0.01484375 0.0421875
1 0.34765625 0.21171875 0.01640625 0.0359375
1 0.3703125 0.23515625 0.01484375 0.03203125
1 0.35703125 0.2578125 0.01875 0.0390625
1 0.2078125 0.40546875 0.0375 0.078125