1 0.20390625 0.359375 0.03671875 0.08203125
1 0.31640625 0.23671875 0.01640625 0.0453125
1 0.346875 0.18828125 0.0203125 0.03515625
1 0.41796875 0.20625 0.0171875 0.03984375
1 0.42421875 0.1796875 0.015625 0.03125
1 0.41875 0.1546875 0.01875 0.03125
1 0.44765625 0.18046875 0.0234375 0.03671875
1 0.4515625 0.221875 0.02265625 0.03984375
1 0.4796875 0.234375 0.02734375 0.05078125
1 0.50390625 0.1765625 0.01953125 0.03984375
1 0.4640625 0.16171875 0.0171875 0.03125
1 0.46328125 0.13828125 0.015625 0.02265625
1 0.5265625 0.159375 0.0125 0.0328125
1 0.5328125 0.13828125 0.01484375 0.0296875
1 0.55 0.11953125 0.0125 0.0296875
1 0.56484375 0.15390625 0.01875 0.0328125
1 0.55390625 0.18828125 0.0171875 0.03515625
1 0.58671875 0.1609375 0.015625 0.03671875
1 0.6015625 0.140625 0.01484375 0.03671875
1 0.58984375 0.1234375 0.01484375 0.03125
1 0.6171875 0.10546875 0.0125 0.0328125
1 0.63671875 0.15625 0.01640625 0.0328125
1 0.628125 0.14140625 0.01484375 0.03125
1 0.6375 0.11953125 0.01171875 0.02578125
1 0.64453125 0.10546875 0.009375 0.02578125
1 0.6515625 0.14296875 0.0125 0.03125
1 0.6546875 0.11953125 0.0109375 0.02578125
1 0.665625 0.11171875 0.01171875 0.028125
1 0.5046875 0.15078125 0.0125 0.01953125
1 0.68984375 0.12109375 0.01484375 0.0296875
1 0.7046875 0.12421875 0.01171875 0.02578125
1 0.6734375 0.17421875 0.01953125 0.03515625
1 0.63046875 0.19609375 0.02109375 0.05078125
1 0.5828125 0.24453125 0.02109375 0.04375
1 0.5046875 0.29609375 0.02890625 0.05234375
1 0.59375 0.2921875 0.02734375 0.0578125
1 0.6140625 0.31328125 0.03125 0.0625
1 0.62578125 0.25546875 0.01953125 0.05078125
1 0.665625 0.2578125 0.02109375 0.0484375
1 0.66484375 0.32578125 0.02890625 0.0734375
1 0.68984375 0.3890625 0.0390625 0.06484375
1 0.671875 0.21484375 0.0203125 0.04375
1 0.709375 0.17421875 0.0203125 0.0453125
1 0.73359375 0.18359375 0.02109375 0.046875
1 0.73515625 0.2296875 0.01953125 0.05546875
1 0.753125 0.12578125 0.01484375 0.03515625
1 0.75859375 0.16015625 0.015625 0.0421875
1 0.76875 0.13515625 0.01171875 0.0296875
1 0.7828125 0.140625 0.01328125 0.03671875
1 0.796875 0.15234375 0.01640625 0.03984375
1 0.79140625 0.2078125 0.0171875 0.05078125
1 0.77109375 0.1953125 0.015625 0.03515625
1 0.81796875 0.28046875 0.025 0.05546875
1 0.8046875 0.2671875 0.01640625 0.04375
1 0.815625 0.35859375 0.034375 0.0734375
1 0.890625 0.44140625 0.03515625 0.07109375
1 0.89453125 0.38359375 0.02734375 0.059375
1 0.85390625 0.303125 0.028125 0.059375
1 0.8625 0.2828125 0.02109375 0.046875
1 0.85546875 0.228125 0.01953125 0.03828125
1 0.88671875 0.2359375 0.01640625 0.05078125
1 0.8953125 0.2296875 0.01640625 0.0421875
1 0.91171875 0.26328125 0.02265625 0.0484375
1 0.92890625 0.28828125 0.01953125 0.046875
1 0.928125 0.240625 0.01875 0.0453125
1 0.9109375 0.17890625 0.01328125 0.0328125
1 0.9171875 0.16328125 0.01171875 0.02578125
1 0.93671875 0.1734375 0.01328125 0.0328125
1 0.93828125 0.21796875 0.01328125 0.03125
1 0.89296875 0.19140625 0.01484375 0.03828125
1 0.86953125 0.190625 0.01328125 0.03671875
1 0.87890625 0.1609375 0.015625 0.03984375
1 0.85390625 0.1953125 0.01875 0.03515625
1 0.81953125 0.20625 0.0171875 0.046875
1 0.82734375 0.1765625 0.015625 0.0328125
1 0.8453125 0.15703125 0.0125 0.03125