1 0.1859375 0.37890625 0.040625 0.07578125
1 0.29609375 0.215625 0.015625 0.0359375
1 0.30546875 0.2375 0.0171875 0.0375
1 0.321875 0.24296875 0.01796875 0.04140625
1 0.3453125 0.24765625 0.0171875 0.0359375
1 0.353125 0.20234375 0.0171875 0.034375
1 0.34140625 0.18203125 0.0125 0.0234375
1 0.37734375 0.19921875 0.0171875 0.03203125
1 0.37890625 0.2421875 0.01796875 0.0359375
1 0.41171875 0.240625 0.01953125 0.0359375
1 0.4125 0.190625 0.0125 0.02890625
1 0.41328125 0.15859375 0.0109375 0.0234375
1 0.43984375 0.16640625 0.015625 0.034375
1 0.465625 0.16953125 0.015625 0.034375
1 0.46796875 0.146875 0.015625 0.025
1 0.48671875 0.14453125 0.0140625 0.0265625
1 0.48515625 0.16953125 0.015625 0.034375
1 0.48359375 0.21328125 0.0140625 0.03984375
1 0.45078125 0.22109375 0.0171875 0.02890625
1 0.49609375 0.13203125 0.01328125 0.0234375
1 0.52421875 0.13359375 0.0140625 0.03046875
1 0.5046875 0.17109375 0.01328125 0.0265625
1 0.52265625 0.16953125 0.015625 0.03046875
1 0.5296875 0.17890625 0.015625 0.03046875
1 0.49296875 0.28125 0.02265625 0.0484375
1 0.546875 0.2796875 0.02421875 0.05390625
1 0.5640625 0.246875 0.02265625 0.0484375
1 0.59375 0.32890625 0.02734375 0.05390625
1 0.62109375 0.24296875 0.0234375 0.0484375
1 0.63125 0.21484375 0.01953125 0.034375
1 0.62265625 0.14921875 0.0109375 0.025
1 0.5890625 0.17421875 0.0140625 0.02890625
1 0.5546875 0.18203125 0.0140625 0.03046875
1 0.553125 0.1609375 0.0140625 0.0265625
1 0.56875 0.1515625 0.0125 0.0234375
1 0.5484375 0.14453125 0.0125 0.01953125
1 0.55546875 0.12890625 0.015625 0.025
1 0.58671875 0.12109375 0.0140625 0.034375
1 0.60546875 0.125 0.0140625 0.03046875
1 0.6234375 0.12265625 0.0109375 0.0265625
1 0.63203125 0.109375 0.0125 0.025
1 0.66640625 0.10625 0.0109375 0.025
1 0.6578125 0.1359375 0.01328125 0.0234375
1 0.69140625 0.12109375 0.0125 0.0234375
1 0.69453125 0.1046875 0.009375 0.01953125
1 0.71875 0.1046875 0.01015625 0.01953125
1 0.66640625 0.1796875 0.0140625 0.02890625
1 0.69296875 0.19921875 0.0203125 0.02890625
1 0.703125 0.1734375 0.0125 0.0234375
1 0.75078125 0.13671875 0.01328125 0.03203125
1 0.675 0.26953125 0.02265625 0.05
1 0.6984375 0.30859375 0.02734375 0.05390625
1 0.7296875 0.29765625 0.02265625 0.046875
1 0.74765625 0.3890625 0.028125 0.0703125
1 0.78203125 0.30703125 0.02109375 0.05390625
1 0.76796875 0.23046875 0.01953125 0.0375
1 0.7359375 0.2203125 0.01953125 0.034375
1 0.7578125 0.1953125 0.015625 0.03203125
1 0.734375 0.19296875 0.01640625 0.0265625
1 0.79296875 0.1421875 0.0125 0.02890625
1 0.8 0.16328125 0.0140625 0.0359375
1 0.80546875 0.21328125 0.015625 0.03203125
1 0.80703125 0.25390625 0.01953125 0.0484375
1 0.85546875 0.29140625 0.02109375 0.05234375
1 0.82109375 0.41328125 0.0265625 0.06796875
1 0.87265625 0.259375 0.01796875 0.04140625
1 0.88125 0.2296875 0.0171875 0.03984375
1 0.93125 0.2171875 0.01640625 0.04296875
1 0.92734375 0.28828125 0.01953125 0.04140625
1 0.9265625 0.3328125 0.02265625 0.05546875
1 0.9046875 0.41171875 0.0328125 0.0734375