1 0.0703125 0.30234375 0.021875 0.05078125
1 0.35 0.2203125 0.015625 0.03359375
1 0.35703125 0.19296875 0.0125 0.0265625
1 0.35234375 0.18046875 0.015625 0.02890625
1 0.4234375 0.203125 0.01640625 0.0375
1 0.45703125 0.21640625 0.01640625 0.0375
1 0.49140625 0.21875 0.01953125 0.0375
1 0.49375 0.17421875 0.015625 0.03359375
1 0.45859375 0.18046875 0.01640625 0.03359375
1 0.4296875 0.17265625 0.01796875 0.0265625
1 0.4375 0.15078125 0.0140625 0.0265625
1 0.47578125 0.14765625 0.0125 0.02890625
1 0.4859375 0.15078125 0.0125 0.021875
1 0.51171875 0.1515625 0.015625 0.02421875
1 0.54921875 0.1859375 0.01640625 0.0265625
1 0.57421875 0.16640625 0.015625 0.0265625
1 0.60625 0.16484375 0.0140625 0.02890625
1 0.51640625 0.1375 0.009375 0.021875
1 0.5265625 0.13671875 0.01171875 0.02890625
1 0.509375 0.11953125 0.0125 0.021875
1 0.53515625 0.11953125 0.01171875 0.0265625
1 0.546875 0.15625 0.0140625 0.02421875
1 0.546875 0.134375 0.01171875 0.02421875
1 0.55625 0.12109375 0.0140625 0.02421875
1 0.57890625 0.14375 0.01171875 0.0265625
1 0.60703125 0.14296875 0.0140625 0.02890625
1 0.5984375 0.109375 0.01171875 0.02421875
1 0.61171875 0.12109375 0.015625 0.02890625
1 0.62109375 0.10546875 0.009375 0.02421875
1 0.6359375 0.13828125 0.0125 0.02890625
1 0.6546875 0.14609375 0.0140625 0.0265625
1 0.64609375 0.0984375 0.009375 0.02421875
1 0.671875 0.10546875 0.01015625 0.02421875
1 0.69609375 0.125 0.01171875 0.02890625
1 0.70390625 0.10859375 0.01171875 0.021875
1 0.72890625 0.11328125 0.0125 0.021875
1 0.7375 0.14296875 0.0140625 0.03359375
1 0.72265625 0.16328125 0.015625 0.03359375
1 0.66484375 0.13828125 0.0125 0.02890625
1 0.534375 0.26484375 0.02421875 0.05078125
1 0.5671875 0.30390625 0.0203125 0.053125
1 0.61796875 0.30859375 0.034375 0.0578125
1 0.5859375 0.25078125 0.0203125 0.04453125
1 0.64453125 0.203125 0.01953125 0.0421875
1 0.67890625 0.21484375 0.0203125 0.04453125
1 0.67578125 0.18515625 0.015625 0.02890625
1 0.7140625 0.20859375 0.01640625 0.03984375
1 0.76875 0.15390625 0.015625 0.03359375
1 0.76640625 0.1234375 0.0140625 0.03359375
1 0.778125 0.125 0.01171875 0.02421875
1 0.79921875 0.13515625 0.0125 0.03125
1 0.78984375 0.1828125 0.0140625 0.03359375
1 0.80859375 0.20078125 0.015625 0.05078125
1 0.81328125 0.16484375 0.015625 0.02890625
1 0.83046875 0.190625 0.015625 0.03984375
1 0.8484375 0.175 0.0125 0.03125
1 0.8609375 0.15625 0.015625 0.03359375
1 0.73671875 0.23203125 0.01796875 0.0421875
1 0.68203125 0.26640625 0.021875 0.03984375
1 0.63515625 0.2640625 0.0234375 0.04453125
1 0.69765625 0.31953125 0.03046875 0.06640625
1 0.76484375 0.34609375 0.028125 0.0578125
1 0.809375 0.27421875 0.01953125 0.05078125
1 0.828125 0.25703125 0.021875 0.0484375
1 0.85078125 0.3578125 0.028125 0.0640625
1 0.8671875 0.3046875 0.01953125 0.05546875
1 0.8875 0.278125 0.01953125 0.0421875
1 0.86171875 0.221875 0.01640625 0.03125
1 0.9328125 0.36484375 0.021875 0.06015625
1 0.95234375 0.278125 0.0203125 0.046875
1 0.9453125 0.23984375 0.0140625 0.03984375
1 0.9609375 0.20859375 0.0140625 0.03125
1 0.95625 0.1828125 0.0125 0.02890625
1 0.92578125 0.171875 0.0125 0.02421875
1 0.91484375 0.19765625 0.01171875 0.03125
1 0.89765625 0.22734375 0.01640625 0.0421875
1 0.875 0.190625 0.0125 0.03515625
1 0.88984375 0.16328125 0.01171875 0.02421875
1 0.89765625 0.18984375 0.01171875 0.02421875