1 0.11171875 0.26015625 0.01640625 0.02890625
1 0.19375 0.4390625 0.0375 0.07734375
1 0.33984375 0.24765625 0.0171875 0.034375
1 0.3421875 0.2140625 0.015625 0.02890625
1 0.390625 0.19296875 0.01484375 0.0328125
1 0.37578125 0.259375 0.0234375 0.034375
1 0.40703125 0.275 0.0171875 0.0375
1 0.4125 0.2390625 0.015625 0.03125
1 0.44609375 0.1984375 0.01328125 0.02890625
1 0.48671875 0.215625 0.01953125 0.04296875
1 0.47890625 0.16171875 0.01328125 0.02734375
1 0.46171875 0.1390625 0.01171875 0.0203125
1 0.50078125 0.128125 0.00859375 0.01875
1 0.52109375 0.13125 0.01171875 0.02265625
1 0.51171875 0.178125 0.01328125 0.0328125
1 0.53984375 0.20390625 0.0171875 0.0328125
1 0.58203125 0.1921875 0.0171875 0.02421875
1 0.61875 0.1328125 0.0125 0.02578125
1 0.6046875 0.1375 0.01171875 0.02734375
1 0.56640625 0.1296875 0.01328125 0.02578125
1 0.5484375 0.11484375 0.0125 0.02421875
1 0.56875 0.25234375 0.015625 0.04453125
1 0.6375 0.25 0.0203125 0.03984375
1 0.6421875 0.20703125 0.0171875 0.0328125
1 0.65859375 0.19296875 0.015625 0.0328125
1 0.66171875 0.26484375 0.0203125 0.04453125
1 0.71328125 0.22421875 0.0171875 0.03984375
1 0.70078125 0.20390625 0.01171875 0.0328125
1 0.73125 0.14921875 0.0125 0.02734375
1 0.74765625 0.2671875 0.01953125 0.05
1 0.81328125 0.30546875 0.0171875 0.0484375
1 0.84453125 0.32265625 0.02109375 0.04453125
1 0.83203125 0.2359375 0.01484375 0.02890625
1 0.8625 0.2765625 0.01640625 0.04140625
1 0.9109375 0.3484375 0.02109375 0.065625
1 0.92734375 0.30703125 0.01640625 0.03984375
1 0.92578125 0.240625 0.0125 0.02734375
1 0.928125 0.28359375 0.01796875 0.034375
1 0.884375 0.21796875 0.0125 0.0375
1 0.840625 0.19921875 0.015625 0.034375
1 0.82734375 0.18125 0.01171875 0.0328125