1 0.21484375 0.3734375 0.0390625 0.08984375
1 0.2859375 0.41171875 0.05546875 0.12578125
1 0.36640625 0.5125 0.06484375 0.1234375
1 0.38984375 0.26796875 0.0234375 0.0484375
1 0.37109375 0.140625 0.0203125 0.0375
1 0.44296875 0.20546875 0.015625 0.03203125
1 0.471875 0.22265625 0.0203125 0.04296875
1 0.49453125 0.21796875 0.02109375 0.0453125
1 0.5890625 0.24765625 0.0234375 0.0484375
1 0.634375 0.24921875 0.0265625 0.06015625
1 0.58125 0.11796875 0.0140625 0.0296875
1 0.6078125 0.1078125 0.01171875 0.02421875
1 0.64140625 0.1203125 0.0125 0.0265625