1 0.134375 0.23984375 0.02265625 0.05234375
1 0.146875 0.25859375 0.025 0.05625
1 0.16796875 0.25234375 0.02265625 0.04765625
1 0.22265625 0.20390625 0.0234375 0.05
1 0.24453125 0.2421875 0.02265625 0.04375
1 0.28046875 0.20546875 0.01875 0.04140625
1 0.30390625 0.1953125 0.01640625 0.0375
1 0.31796875 0.18125 0.01796875 0.04140625
1 0.33515625 0.30078125 0.0328125 0.06875
1 0.4609375 0.1640625 0.02578125 0.05859375
1 0.54765625 0.3234375 0.04921875 0.1015625
1 0.59140625 0.25078125 0.0390625 0.06875
1 0.60703125 0.1671875 0.02109375 0.04375