1 0.1640625 0.3859375 0.0515625 0.11171875
1 0.378125 0.446875 0.0671875 0.13203125
1 0.36171875 0.23125 0.025 0.05390625
1 0.40859375 0.190625 0.02109375 0.04140625
1 0.42734375 0.19765625 0.01953125 0.0453125
1 0.4515625 0.19765625 0.02109375 0.05234375
1 0.46953125 0.22109375 0.02109375 0.0484375
1 0.44375 0.24921875 0.0234375 0.046875
1 0.4484375 0.08515625 0.015625 0.03984375
1 0.590625 0.19765625 0.021875 0.0484375
1 0.640625 0.2171875 0.0234375 0.05234375
1 0.59609375 0.09375 0.01484375 0.02890625
1 0.640625 0.09296875 0.01328125 0.02734375
1 0.6671875 0.10234375 0.01484375 0.0234375