1 0.52890625 0.2265625 0.1046875 0.221875
1 0.74296875 0.615625 0.05 0.10078125
1 0.70234375 0.57265625 0.028125 0.05625
1 0.84921875 0.17421875 0.1484375 0.3484375
1 0.27578125 0.73515625 0.0453125 0.0796875
1 0.17109375 0.75859375 0.0484375 0.09140625
1 0.09609375 0.775 0.03515625 0.06484375
1 0.0578125 0.70859375 0.021875 0.03828125
1 0.115625 0.665625 0.025 0.04765625
1 0.16484375 0.671875 0.0203125 0.04765625
1 0.2171875 0.6734375 0.025 0.05
1 0.2734375 0.6359375 0.0234375 0.04765625
1 0.30546875 0.6421875 0.03203125 0.059375
1 0.321875 0.5890625 0.01640625 0.03515625
1 0.421875 0.6125 0.0203125 0.04140625
1 0.13828125 0.5890625 0.01328125 0.0296875
1 0.06015625 0.6109375 0.01640625 0.0328125
1 0.05078125 0.64375 0.021875 0.0328125
1 0.05390625 0.6734375 0.025 0.0265625
1 0.0078125 0.66875 0.01484375 0.053125