1 0.13046875 0.54296875 0.04375 0.07890625
1 0.215625 0.353125 0.01875 0.03359375
1 0.26171875 0.340625 0.02109375 0.04453125
1 0.2890625 0.3484375 0.0203125 0.04296875
1 0.28046875 0.31328125 0.0203125 0.03359375
1 0.315625 0.38515625 0.02421875 0.04765625
1 0.31640625 0.325 0.02265625 0.03515625
1 0.34453125 0.3328125 0.01953125 0.03203125
1 0.3515625 0.290625 0.01796875 0.03359375
1 0.40625 0.33359375 0.0234375 0.0390625
1 0.40234375 0.29453125 0.02109375 0.0359375
1 0.39140625 0.253125 0.015625 0.03046875
1 0.4109375 0.2609375 0.01484375 0.02890625
1 0.42890625 0.275 0.01875 0.03203125
1 0.4359375 0.30078125 0.02109375 0.03515625
1 0.46640625 0.33203125 0.0234375 0.04296875
1 0.49765625 0.32578125 0.0234375 0.04296875
1 0.43359375 0.23984375 0.01484375 0.0265625
1 0.44453125 0.25234375 0.015625 0.03203125
1 0.45546875 0.27421875 0.015625 0.028125
1 0.4640625 0.2328125 0.01484375 0.0265625
1 0.4984375 0.26875 0.0171875 0.028125
1 0.5078125 0.2421875 0.01640625 0.028125
1 0.51796875 0.275 0.0171875 0.03046875
1 0.53125 0.25234375 0.0171875 0.0375
1 0.54765625 0.28203125 0.01640625 0.0359375
1 0.56015625 0.26171875 0.0171875 0.03359375
1 0.54765625 0.2234375 0.0125 0.03203125
1 0.56640625 0.234375 0.015625 0.02890625
1 0.56328125 0.209375 0.0109375 0.0265625
1 0.6 0.23671875 0.01484375 0.03359375
1 0.59453125 0.20234375 0.0125 0.02890625
1 0.61875 0.20546875 0.015625 0.02890625
1 0.63671875 0.24765625 0.01796875 0.028125
1 0.6484375 0.23203125 0.01640625 0.03046875
1 0.646875 0.20859375 0.015625 0.025
1 0.6703125 0.2203125 0.015625 0.03203125
1 0.45625 0.40859375 0.03046875 0.065625
1 0.496875 0.465625 0.03359375 0.0640625
1 0.528125 0.3578125 0.02421875 0.05390625
1 0.58828125 0.36796875 0.02734375 0.05390625
1 0.59140625 0.32265625 0.02265625 0.04453125
1 0.6359375 0.34609375 0.021875 0.05546875
1 0.62578125 0.30546875 0.0203125 0.040625
1 0.65 0.36640625 0.02890625 0.06015625
1 0.6796875 0.353125 0.02109375 0.04765625
1 0.63125 0.478125 0.03671875 0.0765625
1 0.57734375 0.4375 0.03515625 0.07109375
1 0.68671875 0.48125 0.0375 0.0859375
1 0.7296875 0.39296875 0.03046875 0.05703125
1 0.765625 0.440625 0.02890625 0.0609375
1 0.7953125 0.53203125 0.0390625 0.07890625
1 0.83515625 0.4609375 0.0328125 0.05703125
1 0.84375 0.39609375 0.0265625 0.05859375
1 0.7953125 0.3578125 0.028125 0.05546875
1 0.6953125 0.29453125 0.0203125 0.040625
1 0.6734375 0.3125 0.0203125 0.04296875
1 0.6609375 0.2796875 0.01953125 0.0390625
1 0.69765625 0.24375 0.0171875 0.0375
1 0.72421875 0.25625 0.01796875 0.0359375
1 0.73046875 0.2375 0.01640625 0.03203125
1 0.75625 0.26015625 0.01875 0.021875
1 0.7453125 0.29140625 0.0203125 0.0375
1 0.76171875 0.28828125 0.01640625 0.03359375
1 0.7703125 0.2375 0.0125 0.03203125
1 0.8 0.2421875 0.015625 0.03046875
1 0.80546875 0.2953125 0.01796875 0.0375
1 0.83046875 0.31484375 0.0171875 0.04296875
1 0.84375 0.3078125 0.01640625 0.040625
1 0.83828125 0.26875 0.0140625 0.03046875
1 0.83046875 0.25546875 0.0140625 0.02890625
1 0.86015625 0.2546875 0.01484375 0.0359375
1 0.884375 0.27421875 0.0171875 0.0359375
1 0.88125 0.33203125 0.0203125 0.0390625
1 0.8609375 0.3734375 0.02109375 0.04296875
1 0.90859375 0.3984375 0.02578125 0.05703125
1 0.9109375 0.4546875 0.03359375 0.0640625
1 0.9125 0.3421875 0.0171875 0.04453125
1 0.91953125 0.31953125 0.0140625 0.02890625
1 0.9234375 0.296875 0.0140625 0.02890625
1 0.91953125 0.26640625 0.015625 0.03515625