1 0.07578125 0.27265625 0.0234375 0.0515625
1 0.27578125 0.21796875 0.015625 0.0359375
1 0.309375 0.21640625 0.0171875 0.034375
1 0.32578125 0.17890625 0.015625 0.03828125
1 0.328125 0.2203125 0.0171875 0.034375
1 0.3484375 0.1890625 0.0171875 0.02890625
1 0.346875 0.2203125 0.01796875 0.03828125
1 0.37109375 0.18984375 0.01484375 0.03046875
1 0.36875 0.2328125 0.01875 0.03984375
1 0.3765625 0.1625 0.0140625 0.025
1 0.39140625 0.19296875 0.0171875 0.0359375
1 0.39765625 0.1625 0.01484375 0.03984375
1 0.41953125 0.1484375 0.0140625 0.0265625
1 0.4375 0.15703125 0.0125 0.02890625
1 0.415625 0.19140625 0.0171875 0.03203125
1 0.40078125 0.2296875 0.01875 0.0421875
1 0.4375 0.24296875 0.0203125 0.0421875
1 0.44296875 0.1875 0.015625 0.03203125
1 0.45546875 0.20078125 0.01796875 0.04375
1 0.47734375 0.14375 0.01171875 0.03203125
1 0.48359375 0.13046875 0.0125 0.025
1 0.4890625 0.15 0.01171875 0.03046875
1 0.496875 0.1234375 0.01171875 0.03046875
1 0.5046875 0.14296875 0.01484375 0.034375
1 0.49609375 0.17421875 0.01484375 0.0359375
1 0.52109375 0.16953125 0.01484375 0.03046875
1 0.515625 0.12578125 0.0140625 0.02265625
1 0.53203125 0.15 0.01484375 0.03046875
1 0.5453125 0.11328125 0.0140625 0.02890625
1 0.5453125 0.12890625 0.0140625 0.03046875
1 0.55859375 0.15 0.0171875 0.03046875
1 0.55390625 0.18046875 0.0171875 0.03828125
1 0.56953125 0.13125 0.01484375 0.03046875
1 0.59140625 0.1453125 0.0140625 0.02890625
1 0.60078125 0.153125 0.0125 0.03203125
1 0.5875 0.13046875 0.015625 0.025
1 0.60078125 0.115625 0.00859375 0.02265625
1 0.60859375 0.11953125 0.0140625 0.034375
1 0.61875 0.1234375 0.0125 0.03046875
1 0.63515625 0.11015625 0.01171875 0.0265625
1 0.6515625 0.10234375 0.00859375 0.02265625
1 0.66015625 0.1140625 0.0125 0.03046875
1 0.67890625 0.10390625 0.0125 0.02890625
1 0.70078125 0.10546875 0.0140625 0.02890625
1 0.675 0.12734375 0.0140625 0.03046875
1 0.63671875 0.1484375 0.01484375 0.03046875
1 0.7546875 0.12734375 0.0140625 0.034375
1 0.7765625 0.12265625 0.01171875 0.0171875
1 0.78203125 0.13515625 0.0125 0.02265625
1 0.7984375 0.13125 0.0140625 0.02265625
1 0.81875 0.13984375 0.01171875 0.02890625
1 0.834375 0.15078125 0.01484375 0.02890625
1 0.84921875 0.14765625 0.0109375 0.025
1 0.86875 0.1609375 0.0140625 0.0359375
1 0.90546875 0.14296875 0.0125 0.034375
1 0.94140625 0.18359375 0.0140625 0.025
1 0.9421875 0.23515625 0.015625 0.0359375
1 0.91796875 0.25390625 0.01796875 0.03984375
1 0.90859375 0.3125 0.02578125 0.0625
1 0.8828125 0.22421875 0.01796875 0.0453125
1 0.89296875 0.2 0.015625 0.0421875
1 0.825 0.16796875 0.0140625 0.0359375
1 0.78984375 0.16171875 0.0125 0.0265625
1 0.72890625 0.140625 0.01484375 0.03046875
1 0.73203125 0.16640625 0.015625 0.0359375
1 0.7125 0.1828125 0.015625 0.0421875
1 0.66015625 0.178125 0.01484375 0.0359375
1 0.6171875 0.20078125 0.01875 0.04375
1 0.5875 0.2234375 0.01796875 0.03984375
1 0.63515625 0.246875 0.02734375 0.04921875
1 0.6765625 0.21796875 0.0171875 0.03984375
1 0.68515625 0.25390625 0.02109375 0.04765625
1 0.690625 0.3078125 0.03203125 0.06484375
1 0.74375 0.37890625 0.03203125 0.0625
1 0.7890625 0.28671875 0.02265625 0.05703125
1 0.765625 0.23984375 0.0203125 0.04921875
1 0.728125 0.2296875 0.0203125 0.0453125
1 0.75 0.19140625 0.015625 0.0359375
1 0.79375 0.1984375 0.01875 0.0359375
1 0.81640625 0.196875 0.0171875 0.02890625
1 0.8359375 0.21171875 0.01796875 0.03984375
1 0.85 0.21015625 0.0140625 0.03203125
1 0.86171875 0.1765625 0.01484375 0.03828125
1 0.8234375 0.2578125 0.02265625 0.0515625