1 0.1171875 0.66796875 0.0296875 0.08125
1 0.06484375 0.51484375 0.0265625 0.06796875
1 0.07578125 0.4625 0.0234375 0.0640625
1 0.1921875 0.46953125 0.02265625 0.06796875
1 0.23359375 0.40078125 0.021875 0.0625
1 0.2453125 0.321875 0.01875 0.0640625
1 0.1703125 0.2890625 0.015625 0.05078125
1 0.1625 0.24921875 0.01640625 0.04375
1 0.128125 0.2765625 0.01796875 0.0453125
1 0.1203125 0.2375 0.015625 0.05078125
1 0.04921875 0.3078125 0.01484375 0.05078125
1 0.03828125 0.271875 0.015625 0.04765625
1 0.0390625 0.24140625 0.0109375 0.03203125
1 0.04140625 0.21875 0.0140625 0.0359375
1 0.14453125 0.16640625 0.015625 0.0375
1 0.1625 0.19375 0.01484375 0.03984375
1 0.18359375 0.2171875 0.01640625 0.04375
1 0.203125 0.14375 0.0109375 0.0375
1 0.215625 0.1484375 0.0125 0.03984375
1 0.2453125 0.13515625 0.0125 0.03984375
1 0.2875 0.14296875 0.0140625 0.04375
1 0.29140625 0.17890625 0.01484375 0.04375
1 0.28828125 0.22265625 0.01640625 0.04765625
1 0.309375 0.25546875 0.01640625 0.053125
1 0.3453125 0.23984375 0.01875 0.05078125
1 0.37734375 0.190625 0.0140625 0.04375
1 0.40546875 0.18203125 0.01484375 0.0453125
1 0.3578125 0.096875 0.0125 0.04140625
1 0.39765625 0.09375 0.0109375 0.0359375
1 0.42734375 0.1015625 0.0125 0.03984375
1 0.54375 0.49921875 0.03203125 0.07734375
1 0.471875 0.31640625 0.0234375 0.05703125
1 0.56015625 0.3421875 0.0234375 0.06640625
1 0.67734375 0.36875 0.01875 0.0546875
1 0.7046875 0.2984375 0.0203125 0.0546875
1 0.778125 0.4015625 0.025 0.0609375
1 0.73125 0.22421875 0.015625 0.04375
1 0.70859375 0.2234375 0.015625 0.04140625
1 0.69609375 0.23671875 0.01640625 0.0453125
1 0.70703125 0.19140625 0.0125 0.0375
1 0.77265625 0.23203125 0.0171875 0.05078125
1 0.81171875 0.25625 0.01484375 0.0546875
1 0.84765625 0.2953125 0.0203125 0.0453125
1 0.6328125 0.259375 0.0171875 0.0453125
1 0.56953125 0.21953125 0.01875 0.0453125
1 0.5609375 0.1953125 0.0140625 0.04140625
1 0.571875 0.153125 0.01171875 0.0375
1 0.59375 0.15625 0.0125 0.03203125
1 0.64140625 0.1609375 0.0140625 0.0375
1 0.4890625 0.24140625 0.01796875 0.05078125
1 0.4953125 0.196875 0.0171875 0.0453125
1 0.46875 0.1828125 0.0171875 0.04375
1 0.459375 0.14296875 0.01484375 0.0359375
1 0.496875 0.13671875 0.015625 0.0375
1 0.47578125 0.09765625 0.01015625 0.028125
1 0.47578125 0.07734375 0.01015625 0.02265625
1 0.52265625 0.090625 0.0125 0.03046875
1 0.584375 0.10625 0.009375 0.0375
1 0.61796875 0.12890625 0.0125 0.034375