1 0.11171875 0.1 0.11953125 0.171875
1 0.30078125 0.2296875 0.09921875 0.12734375
1 0.20703125 0.23125 0.02265625 0.040625
1 0.42890625 0.2703125 0.06484375 0.09765625
1 0.47265625 0.27265625 0.040625 0.08046875
1 0.515625 0.29375 0.0421875 0.07890625
1 0.55703125 0.3140625 0.02890625 0.05703125
1 0.59921875 0.32890625 0.03046875 0.06484375
1 0.665625 0.3390625 0.02734375 0.05390625
1 0.696875 0.3796875 0.02109375 0.0375
1 0.7265625 0.3859375 0.01953125 0.03125
1 0.75078125 0.39140625 0.01796875 0.0359375
1 0.76796875 0.3953125 0.0171875 0.028125
1 0.7875 0.3984375 0.0171875 0.028125
1 0.9296875 0.25234375 0.053125 0.06796875