1 0.2015625 0.34765625 0.04453125 0.08125
1 0.3125 0.234375 0.01796875 0.03515625
1 0.31875 0.20859375 0.01875 0.03359375
1 0.34609375 0.209375 0.01953125 0.03515625
1 0.42109375 0.19765625 0.01796875 0.0375
1 0.4453125 0.2125 0.01796875 0.0390625
1 0.475 0.2375 0.0234375 0.04609375
1 0.4140625 0.16171875 0.01171875 0.02109375
1 0.421875 0.17265625 0.01171875 0.0234375
1 0.44609375 0.1578125 0.0140625 0.02109375
1 0.453125 0.171875 0.01875 0.03203125
1 0.471875 0.1859375 0.015625 0.03515625
1 0.471875 0.15234375 0.01875 0.03203125
1 0.465625 0.13125 0.0171875 0.03203125
1 0.5 0.15234375 0.01484375 0.028125
1 0.4953125 0.1265625 0.01171875 0.0265625
1 0.51875 0.15859375 0.0171875 0.03046875
1 0.509375 0.13671875 0.01171875 0.028125
1 0.5234375 0.12890625 0.0140625 0.03046875
1 0.53671875 0.1359375 0.0125 0.0265625
1 0.54765625 0.1265625 0.0125 0.0234375
1 0.55625 0.178125 0.01796875 0.03359375
1 0.55078125 0.16171875 0.0171875 0.028125
1 0.5578125 0.140625 0.0140625 0.0265625
1 0.58671875 0.16875 0.01953125 0.03515625
1 0.59921875 0.1375 0.01796875 0.03046875
1 0.58984375 0.1078125 0.0125 0.028125
1 0.61171875 0.10078125 0.01171875 0.028125
1 0.6296875 0.1015625 0.0109375 0.0234375
1 0.6234375 0.15390625 0.015625 0.03203125
1 0.6296875 0.134375 0.01484375 0.02109375
1 0.63671875 0.11171875 0.0109375 0.025
1 0.646875 0.1484375 0.0125 0.0265625
1 0.65234375 0.12421875 0.01171875 0.025
1 0.66640625 0.11015625 0.0125 0.025
1 0.68828125 0.1234375 0.0125 0.0265625
1 0.7 0.11953125 0.0109375 0.0234375
1 0.58984375 0.23828125 0.02109375 0.04765625
1 0.51015625 0.28203125 0.02890625 0.05703125
1 0.59453125 0.3140625 0.03046875 0.0640625
1 0.61953125 0.26171875 0.025 0.0515625
1 0.6296875 0.21328125 0.02109375 0.04453125
1 0.6734375 0.171875 0.0171875 0.0421875
1 0.67890625 0.21640625 0.021875 0.05
1 0.67578125 0.33515625 0.03046875 0.0671875
1 0.66875 0.29453125 0.02890625 0.04609375
1 0.72109375 0.2296875 0.02109375 0.04765625
1 0.70703125 0.19765625 0.01875 0.0375
1 0.70390625 0.16015625 0.0171875 0.0375
1 0.74609375 0.1328125 0.01875 0.03515625
1 0.7609375 0.1453125 0.01953125 0.0421875
1 0.74921875 0.16953125 0.015625 0.03359375
1 0.77734375 0.17890625 0.015625 0.0390625
1 0.78203125 0.1421875 0.0140625 0.028125
1 0.7921875 0.165625 0.01484375 0.0375
1 0.73671875 0.3640625 0.0296875 0.07265625
1 0.82109375 0.278125 0.025 0.053125
1 0.8265625 0.3421875 0.0296875 0.07421875
1 0.84765625 0.30703125 0.025 0.06015625
1 0.89453125 0.4 0.034375 0.0765625
1 0.9140625 0.32421875 0.025 0.06015625
1 0.865625 0.2953125 0.02265625 0.04453125
1 0.82890625 0.21484375 0.015625 0.0390625
1 0.80390625 0.2671875 0.01875 0.04453125
1 0.790625 0.21796875 0.015625 0.03515625
1 0.8109375 0.18515625 0.0171875 0.0375
1 0.8265625 0.1765625 0.0140625 0.03359375
1 0.84765625 0.16484375 0.0125 0.028125
1 0.86484375 0.190625 0.0171875 0.0375
1 0.87734375 0.1625 0.01484375 0.03359375
1 0.88515625 0.228125 0.015625 0.040625
1 0.89375 0.20625 0.0171875 0.03359375
1 0.88203125 0.1859375 0.0140625 0.028125
1 0.903125 0.1734375 0.01171875 0.028125
1 0.9109375 0.16015625 0.0109375 0.0265625
1 0.921875 0.240625 0.01953125 0.040625
1 0.9375 0.28671875 0.021875 0.04453125
1 0.92890625 0.22578125 0.0171875 0.0375
1 0.934375 0.1953125 0.0140625 0.03203125
1 0.93984375 0.1796875 0.0125 0.0265625
1 0.77109375 0.12265625 0.015625 0.025