1 0.10078125 0.59375 0.040625 0.053125
1 0.18828125 0.5953125 0.040625 0.05703125
1 0.28984375 0.5875 0.046875 0.0578125
1 0.36953125 0.60234375 0.0453125 0.0640625
1 0.44140625 0.59765625 0.04609375 0.06875
1 0.53046875 0.6484375 0.05625 0.0703125
1 0.6 0.628125 0.04765625 0.0703125
1 0.65234375 0.61875 0.0375 0.05234375
1 0.709375 0.62421875 0.0578125 0.0859375
1 0.78203125 0.62578125 0.0515625 0.07734375
1 0.85546875 0.61484375 0.04921875 0.0734375
1 0.9140625 0.615625 0.04375 0.05625
1 0.6375 0.55625 0.0359375 0.0609375