1 0.06015625 0.47890625 0.04765625 0.06171875
1 0.25859375 0.28984375 0.01875 0.03203125
1 0.28203125 0.2765625 0.01640625 0.028125
1 0.2984375 0.26875 0.01640625 0.03515625
1 0.3421875 0.28984375 0.01796875 0.03515625
1 0.315625 0.2375 0.01484375 0.03359375
1 0.33203125 0.23515625 0.01640625 0.028125
1 0.36484375 0.22734375 0.0140625 0.03671875
1 0.38984375 0.20703125 0.01328125 0.03359375
1 0.409375 0.18046875 0.0140625 0.0265625
1 0.428125 0.18671875 0.01484375 0.03203125
1 0.45859375 0.18359375 0.0203125 0.0265625
1 0.453125 0.15234375 0.01015625 0.0265625
1 0.46953125 0.15703125 0.01328125 0.0265625
1 0.396875 0.2984375 0.025 0.0421875
1 0.4125 0.2328125 0.01875 0.03359375
1 0.440625 0.2390625 0.01796875 0.03671875
1 0.47578125 0.24140625 0.0203125 0.03828125
1 0.4921875 0.21640625 0.015625 0.03515625
1 0.47734375 0.31953125 0.02109375 0.053125
1 0.53125 0.31953125 0.02890625 0.04375
1 0.5953125 0.3421875 0.0234375 0.05546875
1 0.67265625 0.34375 0.02421875 0.06484375
1 0.70390625 0.29921875 0.0234375 0.046875
1 0.78046875 0.296875 0.02421875 0.0484375
1 0.7625 0.24921875 0.015625 0.03671875
1 0.70078125 0.2359375 0.0203125 0.04375
1 0.6625 0.2640625 0.02109375 0.05
1 0.65625 0.21796875 0.02109375 0.0421875
1 0.6125 0.2234375 0.01875 0.0421875
1 0.6109375 0.26484375 0.02421875 0.03203125
1 0.54140625 0.2015625 0.01796875 0.03828125
1 0.5453125 0.16875 0.015625 0.0265625
1 0.52265625 0.140625 0.0140625 0.03046875
1 0.56171875 0.115625 0.0140625 0.03046875
1 0.57734375 0.17734375 0.0125 0.03359375
1 0.6265625 0.15078125 0.0140625 0.0265625
1 0.609375 0.11796875 0.0109375 0.025
1 0.590625 0.10625 0.01015625 0.01875
1 0.6375 0.11015625 0.01015625 0.0265625
1 0.696875 0.10234375 0.01328125 0.0265625
1 0.6921875 0.153125 0.01875 0.025
1 0.6859375 0.1953125 0.01953125 0.03984375
1 0.72421875 0.1640625 0.0140625 0.03671875
1 0.65 0.18203125 0.015625 0.0265625
1 0.73359375 0.2078125 0.01640625 0.03515625
1 0.74921875 0.16796875 0.01484375 0.021875
1 0.73203125 0.11875 0.00859375 0.0265625
1 0.7625 0.1328125 0.0125 0.03515625
1 0.7796875 0.13125 0.01015625 0.025
1 0.790625 0.1390625 0.01015625 0.03046875
1 0.8109375 0.1359375 0.01015625 0.028125
1 0.82890625 0.1453125 0.01484375 0.03046875
1 0.815625 0.1703125 0.0140625 0.03046875
1 0.7953125 0.18515625 0.0125 0.03203125
1 0.84453125 0.18515625 0.01328125 0.03203125
1 0.8671875 0.13125 0.01015625 0.028125
1 0.89765625 0.1390625 0.0109375 0.0234375
1 0.9265625 0.165625 0.0125 0.0203125
1 0.890625 0.1859375 0.0125 0.0265625
1 0.87890625 0.2015625 0.01796875 0.03203125
1 0.86484375 0.22734375 0.0140625 0.03984375
1 0.8625 0.159375 0.0140625 0.025
1 0.92265625 0.27421875 0.01484375 0.03984375
1 0.92109375 0.21015625 0.015625 0.03515625
1 0.66953125 0.13125 0.0109375 0.025
1 0.4796875 0.16796875 0.0125 0.028125
1 0.48828125 0.1453125 0.0125 0.0234375
1 0.50390625 0.178125 0.0140625 0.03203125
1 0.378125 0.24140625 0.01796875 0.03203125
1 0.55625 0.2609375 0.02109375 0.03671875
1 0.59453125 0.12890625 0.0140625 0.0265625
1 0.55625 0.14765625 0.0140625 0.03515625
1 0.56953125 0.15625 0.0140625 0.03203125
1 0.60859375 0.15 0.01328125 0.03203125
1 0.61796875 0.1046875 0.01015625 0.025
1 0.63203125 0.13359375 0.0125 0.0265625
1 0.6484375 0.1234375 0.0125 0.0265625
1 0.74609375 0.128125 0.0125 0.025
1 0.7015625 0.1390625 0.01484375 0.03359375