1 0.078125 0.44609375 0.04609375 0.1015625
1 0.28359375 0.2484375 0.02265625 0.02734375
1 0.33359375 0.21328125 0.021875 0.03984375
1 0.3875 0.2 0.01875 0.034375
1 0.3671875 0.21875 0.02265625 0.04296875
1 0.40234375 0.23125 0.0203125 0.03828125
1 0.41171875 0.19765625 0.01796875 0.0328125
1 0.41953125 0.1546875 0.015625 0.0328125
1 0.453125 0.14296875 0.015625 0.02734375
1 0.46640625 0.15390625 0.0140625 0.034375
1 0.484375 0.1546875 0.0140625 0.0296875
1 0.49375 0.16171875 0.0140625 0.0328125
1 0.53359375 0.15859375 0.01875 0.03828125
1 0.55703125 0.18515625 0.0203125 0.03828125
1 0.58359375 0.10625 0.0140625 0.0296875
1 0.61875 0.11796875 0.0140625 0.0296875
1 0.65625 0.109375 0.0140625 0.02578125
1 0.4703125 0.18984375 0.01953125 0.03828125
1 0.44296875 0.21328125 0.01875 0.0359375
1 0.59765625 0.2265625 0.02421875 0.03828125
1 0.6359375 0.22265625 0.028125 0.0515625
1 0.66484375 0.2390625 0.0265625 0.05
1 0.7 0.19375 0.021875 0.04140625
1 0.7328125 0.14921875 0.01640625 0.0359375
1 0.8046875 0.2875 0.02421875 0.0671875
1 0.8984375 0.33046875 0.028125 0.0640625
1 0.9140625 0.27890625 0.0265625 0.05
1 0.89296875 0.2390625 0.01875 0.04296875
1 0.9203125 0.23515625 0.01953125 0.034375
1 0.90078125 0.2 0.01484375 0.03828125
1 0.94609375 0.1984375 0.0140625 0.03125
1 0.94375 0.1625 0.01171875 0.03125