1 0.10234375 0.5578125 0.0421875 0.071875
1 0.2359375 0.33671875 0.01875 0.03828125
1 0.265625 0.34296875 0.02109375 0.04609375
1 0.2859375 0.3703125 0.01796875 0.03984375
1 0.29453125 0.30546875 0.0171875 0.0359375
1 0.34296875 0.35546875 0.028125 0.046875
1 0.3625 0.32890625 0.01875 0.034375
1 0.36328125 0.29609375 0.01640625 0.02890625
1 0.39375 0.33203125 0.0203125 0.0375
1 0.40234375 0.26015625 0.01796875 0.034375
1 0.41796875 0.29375 0.01953125 0.0359375
1 0.4234375 0.3265625 0.02109375 0.03984375
1 0.4359375 0.29453125 0.0140625 0.02578125
1 0.43828125 0.25625 0.01953125 0.02890625
1 0.45703125 0.321875 0.02265625 0.03984375
1 0.48828125 0.30546875 0.02109375 0.0328125
1 0.5203125 0.3140625 0.0203125 0.0359375
1 0.484375 0.259375 0.0171875 0.0296875
1 0.48125 0.2390625 0.015625 0.02890625
1 0.52265625 0.26015625 0.01640625 0.03125
1 0.53671875 0.27421875 0.0171875 0.0359375
1 0.49375 0.4 0.0296875 0.06171875
1 0.53671875 0.246875 0.0140625 0.02734375
1 0.55703125 0.25 0.015625 0.03125
1 0.571875 0.278125 0.01640625 0.02734375
1 0.5984375 0.26328125 0.01875 0.034375
1 0.6015625 0.234375 0.01328125 0.02578125
1 0.57109375 0.22421875 0.015625 0.02578125
1 0.5875 0.21640625 0.01328125 0.02421875
1 0.62265625 0.21953125 0.0140625 0.02734375
1 0.61796875 0.20546875 0.015625 0.02421875
1 0.621875 0.2453125 0.0109375 0.02734375
1 0.64609375 0.21328125 0.015625 0.03125
1 0.6578125 0.21640625 0.0140625 0.0296875
1 0.6609375 0.24453125 0.015625 0.03125
1 0.69296875 0.2265625 0.0125 0.02734375
1 0.690625 0.2046875 0.0125 0.02578125
1 0.70390625 0.22421875 0.0125 0.0328125
1 0.553125 0.35390625 0.02734375 0.05
1 0.56328125 0.4078125 0.0421875 0.06328125
1 0.5984375 0.4109375 0.02578125 0.0515625
1 0.621875 0.325 0.02578125 0.0484375
1 0.6546875 0.3 0.02265625 0.04140625
1 0.69140625 0.2765625 0.01875 0.03828125
1 0.7171875 0.2984375 0.01953125 0.03828125
1 0.728125 0.29609375 0.01875 0.0484375
1 0.61328125 0.453125 0.0328125 0.053125
1 0.653125 0.46171875 0.03359375 0.06875
1 0.68046875 0.36015625 0.02421875 0.05
1 0.66796875 0.33828125 0.01953125 0.03828125
1 0.7078125 0.36015625 0.02265625 0.04609375
1 0.74296875 0.39921875 0.0296875 0.0484375
1 0.72421875 0.54140625 0.034375 0.0703125
1 0.8421875 0.50546875 0.03203125 0.0671875
1 0.8078125 0.41953125 0.02890625 0.05859375
1 0.8359375 0.36015625 0.0234375 0.04453125
1 0.884375 0.3953125 0.01953125 0.05546875
1 0.86953125 0.44453125 0.02890625 0.0640625
1 0.94921875 0.459375 0.03046875 0.07734375
1 0.93828125 0.396875 0.0203125 0.05
1 0.9609375 0.35078125 0.0203125 0.04609375
1 0.940625 0.32265625 0.01796875 0.0359375
1 0.9390625 0.29765625 0.015625 0.02890625
1 0.95859375 0.303125 0.0171875 0.034375
1 0.96640625 0.27109375 0.0140625 0.0328125
1 0.921875 0.27578125 0.015625 0.03125
1 0.91328125 0.31484375 0.0203125 0.0375
1 0.89375 0.334375 0.021875 0.04296875
1 0.8640625 0.296875 0.01953125 0.03828125
1 0.83671875 0.2984375 0.01796875 0.03828125
1 0.8375 0.275 0.0140625 0.02578125
1 0.83515625 0.24453125 0.01640625 0.02890625
1 0.8671875 0.25234375 0.0140625 0.0359375
1 0.88125 0.26875 0.01640625 0.03984375
1 0.79765625 0.27265625 0.01796875 0.0328125
1 0.81015625 0.26015625 0.015625 0.02890625
1 0.803125 0.234375 0.0171875 0.02890625
1 0.75234375 0.24921875 0.01640625 0.0375
1 0.72578125 0.246875 0.0140625 0.0296875
1 0.76171875 0.23828125 0.0140625 0.0328125
1 0.76875 0.23203125 0.015625 0.02890625