1 0.1109375 0.24375 0.01953125 0.04140625
1 0.21484375 0.38359375 0.05546875 0.11484375
1 0.41484375 0.2265625 0.02109375 0.04140625
1 0.39921875 0.20546875 0.0203125 0.04140625
1 0.3890625 0.1765625 0.015625 0.03203125
1 0.396875 0.1515625 0.01484375 0.028125
1 0.4328125 0.16796875 0.0203125 0.0375
1 0.42734375 0.20625 0.01484375 0.0359375
1 0.4859375 0.21875 0.02109375 0.0453125
1 0.4828125 0.1515625 0.0171875 0.03984375
1 0.53203125 0.19375 0.02109375 0.04375
1 0.4578125 0.16640625 0.01484375 0.03046875
1 0.5875 0.1109375 0.0140625 0.03046875
1 0.6109375 0.23359375 0.0234375 0.0453125
1 0.64453125 0.2375 0.0234375 0.04921875
1 0.72265625 0.14921875 0.0171875 0.0375
1 0.73046875 0.16875 0.01484375 0.0359375
1 0.74921875 0.1578125 0.015625 0.046875
1 0.7625 0.18671875 0.01953125 0.0375
1 0.7921875 0.16796875 0.015625 0.03359375
1 0.7921875 0.14453125 0.01171875 0.028125
1 0.8234375 0.15859375 0.01484375 0.03046875
1 0.82265625 0.2015625 0.02109375 0.04140625
1 0.85625 0.26484375 0.02109375 0.05078125
1 0.88125 0.33359375 0.04375 0.11328125
1 0.903125 0.25625 0.0234375 0.05625
1 0.94453125 0.2609375 0.0203125 0.046875
1 0.9546875 0.221875 0.015625 0.04375
1 0.9671875 0.1890625 0.015625 0.0375