1 0.07578125 0.484375 0.0515625 0.10546875
1 0.17421875 0.303125 0.0234375 0.05234375
1 0.2 0.3125 0.028125 0.05234375
1 0.240625 0.25703125 0.01875 0.04375
1 0.28125 0.26484375 0.02109375 0.0453125
1 0.28671875 0.22734375 0.02265625 0.040625
1 0.30859375 0.25078125 0.0203125 0.05234375
1 0.3265625 0.23671875 0.02109375 0.05234375
1 0.34609375 0.284375 0.02421875 0.059375
1 0.3421875 0.22109375 0.021875 0.0421875
1 0.36875 0.209375 0.02421875 0.04375
1 0.37265625 0.25546875 0.01875 0.04765625
1 0.409375 0.2171875 0.02109375 0.03515625
1 0.409375 0.1875 0.0171875 0.03515625
1 0.41640625 0.334375 0.0265625 0.0578125
1 0.4296875 0.1859375 0.01796875 0.0421875
1 0.453125 0.2671875 0.0234375 0.0578125
1 0.48203125 0.2265625 0.01796875 0.04921875
1 0.5046875 0.1921875 0.02421875 0.0546875
1 0.47734375 0.16875 0.0203125 0.03828125
1 0.46171875 0.18125 0.01875 0.040625
1 0.53515625 0.2375 0.01796875 0.04375
1 0.54296875 0.18125 0.01796875 0.040625
1 0.5375 0.1515625 0.021875 0.03671875
1 0.56484375 0.15078125 0.02109375 0.0421875
1 0.57890625 0.13359375 0.015625 0.03515625
1 0.56640625 0.1921875 0.01796875 0.03359375
1 0.5578125 0.21953125 0.01640625 0.0421875
1 0.590625 0.171875 0.0171875 0.03515625
1 0.596875 0.196875 0.0171875 0.0421875
1 0.609375 0.2171875 0.0171875 0.0453125
1 0.61875 0.1484375 0.01796875 0.04375
1 0.6421875 0.171875 0.015625 0.03828125
1 0.65703125 0.16015625 0.01484375 0.040625
1 0.68125 0.1546875 0.01640625 0.0421875
1 0.67421875 0.1796875 0.01640625 0.04375
1 0.70234375 0.1796875 0.01328125 0.04765625
1 0.646875 0.2046875 0.0171875 0.03671875
1 0.6515625 0.25546875 0.025 0.06171875
1 0.603125 0.30859375 0.0234375 0.06328125
1 0.559375 0.3640625 0.028125 0.06171875
1 0.59140625 0.40078125 0.03203125 0.06875
1 0.65390625 0.4234375 0.0296875 0.06484375
1 0.7109375 0.41875 0.02890625 0.06875
1 0.7734375 0.48984375 0.028125 0.09453125
1 0.8671875 0.51953125 0.03203125 0.08046875
1 0.6890625 0.25078125 0.021875 0.0453125
1 0.7328125 0.25 0.0203125 0.04375
1 0.72265625 0.23984375 0.021875 0.04375
1 0.7078125 0.30234375 0.02734375 0.05078125
1 0.74375 0.315625 0.025 0.059375
1 0.74375 0.21328125 0.01484375 0.04765625
1 0.76796875 0.209375 0.01875 0.03671875
1 0.76484375 0.23828125 0.0203125 0.05625
1 0.80390625 0.21015625 0.015625 0.0453125
1 0.821875 0.240625 0.015625 0.0453125
1 0.8109375 0.24375 0.0171875 0.0421875
1 0.7828125 0.2828125 0.02109375 0.05625
1 0.80625 0.3265625 0.02109375 0.059375
1 0.8640625 0.2515625 0.01484375 0.040625
1 0.8984375 0.253125 0.01640625 0.040625
1 0.94765625 0.2703125 0.0140625 0.0453125
1 0.9265625 0.2921875 0.01640625 0.03671875
1 0.90078125 0.28359375 0.015625 0.040625
1 0.8875 0.30546875 0.01796875 0.05234375
1 0.9265625 0.3578125 0.015625 0.05625
1 0.9828125 0.284375 0.0140625 0.04921875
1 0.97578125 0.3265625 0.015625 0.0421875
1 0.975 0.36015625 0.015625 0.0546875
1 0.97421875 0.39453125 0.01796875 0.05234375
1 0.94453125 0.409375 0.02109375 0.06484375
1 0.95859375 0.48671875 0.021875 0.0828125
1 0.86875 0.3375 0.0203125 0.0546875
1 0.86171875 0.4046875 0.01875 0.06875
1 0.878125 0.43359375 0.02109375 0.0703125