1 0.12734375 0.54296875 0.03515625 0.078125
1 0.221875 0.3546875 0.02421875 0.0375
1 0.26171875 0.34921875 0.025 0.04296875
1 0.290625 0.3015625 0.0203125 0.040625
1 0.29296875 0.36796875 0.021875 0.0390625
1 0.32265625 0.3859375 0.0234375 0.05
1 0.36015625 0.29453125 0.0203125 0.03203125
1 0.3828125 0.33125 0.01796875 0.03046875
1 0.4125 0.33359375 0.02265625 0.03203125
1 0.40859375 0.29609375 0.02109375 0.03203125
1 0.39296875 0.25234375 0.01640625 0.0296875
1 0.43515625 0.2765625 0.01875 0.03046875
1 0.428125 0.24296875 0.01328125 0.0234375
1 0.46953125 0.32890625 0.0203125 0.03671875
1 0.51015625 0.31640625 0.01953125 0.0390625
1 0.509375 0.26328125 0.0203125 0.03046875
1 0.5625 0.27109375 0.0171875 0.03046875
1 0.5421875 0.24765625 0.01328125 0.03046875
1 0.46328125 0.2796875 0.01875 0.02265625
1 0.45703125 0.253125 0.01640625 0.025
1 0.47265625 0.23359375 0.0203125 0.02265625
1 0.60390625 0.2109375 0.01171875 0.028125
1 0.5734375 0.2203125 0.01171875 0.0234375
1 0.6296875 0.21015625 0.02109375 0.03046875
1 0.6625 0.2328125 0.015625 0.0265625
1 0.6875 0.21796875 0.015625 0.025
1 0.71015625 0.2453125 0.01328125 0.0296875
1 0.68359375 0.3140625 0.01875 0.0375
1 0.7078125 0.29609375 0.01640625 0.03515625
1 0.73671875 0.2546875 0.01796875 0.03046875
1 0.609375 0.246875 0.0125 0.0234375
1 0.5359375 0.3671875 0.025 0.04609375
1 0.46015625 0.42109375 0.03203125 0.05
1 0.51015625 0.47421875 0.0296875 0.04453125
1 0.5640625 0.4484375 0.03359375 0.065625
1 0.6 0.359375 0.0234375 0.03671875
1 0.6046875 0.321875 0.0234375 0.028125
1 0.6515625 0.33671875 0.0171875 0.03359375
1 0.63828125 0.30546875 0.01953125 0.0296875
1 0.64609375 0.2515625 0.01484375 0.028125
1 0.62890625 0.39765625 0.03046875 0.04609375
1 0.6875 0.3578125 0.0265625 0.04453125
1 0.64296875 0.4828125 0.02734375 0.05625
1 0.70234375 0.4953125 0.03671875 0.07578125
1 0.79765625 0.5296875 0.0296875 0.06875
1 0.7421875 0.403125 0.025 0.04453125
1 0.77109375 0.4109375 0.02734375 0.0703125
1 0.80703125 0.36484375 0.02109375 0.0421875
1 0.85625 0.4046875 0.02265625 0.04296875
1 0.84375 0.45078125 0.03046875 0.0515625
1 0.921875 0.46328125 0.03359375 0.05703125
1 0.921875 0.40390625 0.0203125 0.04453125
1 0.928125 0.34609375 0.01796875 0.0375
1 0.8921875 0.33203125 0.01796875 0.03203125
1 0.84296875 0.3171875 0.0171875 0.028125
1 0.81640625 0.296875 0.0171875 0.03203125
1 0.75625 0.303125 0.01796875 0.03046875
1 0.859375 0.31015625 0.0109375 0.028125
1 0.85078125 0.26875 0.0109375 0.03046875
1 0.87421875 0.25703125 0.0140625 0.03203125
1 0.896875 0.275 0.0125 0.03515625
1 0.934375 0.26640625 0.01640625 0.03203125
1 0.92734375 0.3234375 0.01875 0.0421875
1 0.93515625 0.290625 0.0140625 0.025
1 0.809375 0.23671875 0.01640625 0.02265625
1 0.7828125 0.2375 0.021875 0.03359375
1 0.7484375 0.23203125 0.01953125 0.028125
1 0.55859375 0.2234375 0.015625 0.0296875
1 0.62890625 0.246875 0.0125 0.0234375
1 0.52734375 0.27578125 0.015625 0.025
1 0.5171875 0.23984375 0.0140625 0.01796875
1 0.415625 0.2640625 0.0140625 0.028125
1 0.575 0.26328125 0.0140625 0.028125
1 0.6703125 0.28046875 0.0171875 0.0265625
1 0.87265625 0.37578125 0.01640625 0.0296875
1 0.3546875 0.33828125 0.01796875 0.03046875
1 0.775 0.284375 0.015625 0.0265625
1 0.8421875 0.25625 0.01328125 0.03046875