1 0.54375 0.059375 0.0171875 0.0265625
1 0.46953125 0.1625 0.01328125 0.03828125
1 0.484375 0.17578125 0.01796875 0.040625
1 0.4484375 0.2328125 0.021875 0.034375
1 0.4125 0.20859375 0.02265625 0.034375
1 0.54921875 0.17265625 0.0171875 0.034375
1 0.5625 0.1828125 0.01796875 0.04609375
1 0.63671875 0.11875 0.01796875 0.028125
1 0.67421875 0.17109375 0.0171875 0.04453125
1 0.6328125 0.2140625 0.02265625 0.0484375
1 0.6203125 0.2765625 0.02265625 0.0484375
1 0.63828125 0.3265625 0.0328125 0.06484375
1 0.6796875 0.28515625 0.02265625 0.04609375
1 0.68046875 0.215625 0.0203125 0.05234375
1 0.725 0.21796875 0.0203125 0.06015625
1 0.93984375 0.2390625 0.0203125 0.0546875