1 0.115625 0.53984375 0.0375 0.07421875
1 0.21796875 0.3296875 0.0171875 0.03125
1 0.24609375 0.334375 0.01796875 0.0375
1 0.27265625 0.36015625 0.0171875 0.034375
1 0.3234375 0.3546875 0.02109375 0.034375
1 0.275 0.29921875 0.01484375 0.0359375
1 0.34140625 0.31640625 0.01328125 0.03046875
1 0.34453125 0.28203125 0.01484375 0.03046875
1 0.3765625 0.32109375 0.01171875 0.03125
1 0.39921875 0.3203125 0.0171875 0.03125
1 0.4359375 0.32265625 0.0171875 0.0375
1 0.396875 0.28984375 0.0140625 0.02890625
1 0.38671875 0.2484375 0.0140625 0.02578125
1 0.40234375 0.26484375 0.01171875 0.02421875
1 0.415625 0.25 0.0109375 0.021875
1 0.43671875 0.25078125 0.0109375 0.02578125
1 0.4640625 0.29453125 0.01328125 0.02734375
1 0.49609375 0.31328125 0.01484375 0.03046875
1 0.45234375 0.2375 0.01171875 0.021875
1 0.48203125 0.2546875 0.0140625 0.02734375
1 0.496875 0.24921875 0.01171875 0.021875
1 0.51328125 0.2609375 0.01328125 0.03125
1 0.54921875 0.271875 0.0125 0.02734375
1 0.4234375 0.29765625 0.01484375 0.0328125
1 0.4609375 0.2234375 0.0109375 0.02265625
1 0.5140625 0.228125 0.01171875 0.02890625
1 0.5359375 0.2359375 0.0125 0.02734375
1 0.565625 0.25703125 0.01328125 0.03125
1 0.56015625 0.20625 0.009375 0.021875
1 0.56640625 0.221875 0.01171875 0.02421875
1 0.57890625 0.23359375 0.0109375 0.0203125
1 0.59140625 0.24453125 0.0140625 0.02421875
1 0.64375 0.2328125 0.0109375 0.021875
1 0.66875 0.21953125 0.009375 0.0203125
1 0.68203125 0.21484375 0.01171875 0.02578125
1 0.66484375 0.1984375 0.0109375 0.021875
1 0.6328125 0.21796875 0.0125 0.02578125
1 0.62265625 0.209375 0.0125 0.02265625
1 0.60078125 0.209375 0.01171875 0.02890625
1 0.6015625 0.19453125 0.01171875 0.02421875
1 0.47890625 0.365625 0.025 0.0515625
1 0.540625 0.3921875 0.0265625 0.05
1 0.5328125 0.35390625 0.0265625 0.04453125
1 0.58984375 0.35546875 0.021875 0.0484375
1 0.6046875 0.41640625 0.02421875 0.06015625
1 0.62890625 0.4546875 0.03046875 0.06015625
1 0.7015625 0.52734375 0.03125 0.0703125
1 0.83203125 0.5046875 0.03046875 0.065625
1 0.5953125 0.31484375 0.021875 0.04140625
1 0.6421875 0.3265625 0.0234375 0.04453125
1 0.62734375 0.29375 0.01953125 0.03984375
1 0.66484375 0.26875 0.01875 0.0390625
1 0.68828125 0.28828125 0.01484375 0.0375
1 0.71015625 0.28203125 0.01484375 0.0390625
1 0.70390625 0.2390625 0.01484375 0.0390625
1 0.72890625 0.246875 0.015625 0.034375
1 0.73125 0.2265625 0.01328125 0.034375
1 0.74765625 0.21796875 0.0140625 0.03125
1 0.75859375 0.253125 0.0125 0.03046875
1 0.7765625 0.271875 0.01484375 0.03046875
1 0.784375 0.25234375 0.0125 0.02578125
1 0.7796875 0.22578125 0.015625 0.0328125
1 0.66171875 0.37265625 0.02421875 0.053125
1 0.6859375 0.353125 0.021875 0.0484375
1 0.72421875 0.39140625 0.025 0.0515625
1 0.7859375 0.415625 0.0265625 0.05625
1 0.84765625 0.4484375 0.03046875 0.06171875
1 0.9234375 0.4546875 0.0265625 0.0546875
1 0.9171875 0.38515625 0.02265625 0.04453125
1 0.8609375 0.36953125 0.02109375 0.053125
1 0.81328125 0.346875 0.02265625 0.04296875
1 0.81484375 0.28828125 0.0171875 0.03125
1 0.81015625 0.234375 0.0140625 0.03046875
1 0.84296875 0.2453125 0.0109375 0.02265625
1 0.84921875 0.2640625 0.0125 0.02578125
1 0.84375 0.2953125 0.0140625 0.0375
1 0.8703125 0.32578125 0.0171875 0.03125
1 0.87109375 0.24375 0.0140625 0.03125
1 0.8953125 0.2671875 0.0125 0.02890625
1 0.8921875 0.309375 0.0140625 0.0328125
1 0.9328125 0.34453125 0.0171875 0.03984375
1 0.9140625 0.29921875 0.01328125 0.0328125
1 0.9359375 0.2984375 0.0140625 0.02578125
1 0.93671875 0.25703125 0.01328125 0.03125