1 0.4875 0.1921875 0.02734375 0.05078125
1 0.53125 0.19375 0.01796875 0.03984375
1 0.625 0.1875 0.02109375 0.03828125
1 0.6640625 0.1796875 0.01953125 0.0328125
1 0.68671875 0.1453125 0.01796875 0.0328125
1 0.6734375 0.2078125 0.0203125 0.04140625
1 0.7515625 0.196875 0.02109375 0.03828125
1 0.68828125 0.240625 0.02734375 0.03984375
1 0.72421875 0.27421875 0.02265625 0.05234375
1 0.78828125 0.23515625 0.02109375 0.0546875
1 0.76484375 0.3421875 0.0265625 0.06875
1 0.8109375 0.3640625 0.0359375 0.06875
1 0.82890625 0.23828125 0.02734375 0.0453125
1 0.8953125 0.2859375 0.03671875 0.0796875
1 0.91328125 0.36875 0.0328125 0.0671875