1 0.1015625 0.4078125 0.0390625 0.07734375
1 0.29375 0.23828125 0.0125 0.03046875
1 0.3 0.21328125 0.01640625 0.02890625
1 0.33828125 0.21796875 0.01484375 0.02890625
1 0.3515625 0.19453125 0.01328125 0.03046875
1 0.35390625 0.17421875 0.0109375 0.01953125
1 0.35546875 0.2234375 0.01640625 0.03359375
1 0.371875 0.21171875 0.015625 0.03359375
1 0.3796875 0.23203125 0.01484375 0.03515625
1 0.37890625 0.17578125 0.015625 0.02578125
1 0.40234375 0.21171875 0.01640625 0.03359375
1 0.4125 0.2390625 0.0203125 0.0390625
1 0.44609375 0.24453125 0.01875 0.04375
1 0.44765625 0.20234375 0.01484375 0.03359375
1 0.465625 0.20546875 0.01640625 0.03671875
1 0.421875 0.190625 0.0109375 0.02265625
1 0.41875 0.16875 0.0125 0.02421875
1 0.4296875 0.15859375 0.009375 0.01796875
1 0.44453125 0.15859375 0.01328125 0.02734375
1 0.484375 0.13671875 0.01015625 0.01953125
1 0.48515625 0.1484375 0.01328125 0.02578125
1 0.4984375 0.18125 0.01328125 0.03359375
1 0.5015625 0.1296875 0.01015625 0.01796875
1 0.515625 0.15390625 0.01328125 0.03046875
1 0.52578125 0.17890625 0.01640625 0.03203125
1 0.5203125 0.13671875 0.009375 0.01640625
1 0.53984375 0.1609375 0.01328125 0.02578125
1 0.55234375 0.134375 0.0125 0.03046875
1 0.56953125 0.16328125 0.0125 0.02890625
1 0.56328125 0.18515625 0.01640625 0.03515625
1 0.58046875 0.13984375 0.0125 0.02421875
1 0.59453125 0.1265625 0.009375 0.01484375
1 0.6 0.12109375 0.009375 0.01328125
1 0.63984375 0.103125 0.0109375 0.01640625
1 0.6390625 0.11953125 0.01171875 0.02265625
1 0.6515625 0.11875 0.0125 0.02421875
1 0.62578125 0.13828125 0.01171875 0.02734375
1 0.60859375 0.165625 0.015625 0.03046875
1 0.59921875 0.15625 0.01171875 0.02890625
1 0.64453125 0.1609375 0.01328125 0.02890625
1 0.6546875 0.15078125 0.01328125 0.02734375
1 0.68046875 0.12890625 0.01328125 0.02578125
1 0.68828125 0.11640625 0.0109375 0.02265625
1 0.709375 0.11796875 0.0109375 0.02578125
1 0.5984375 0.2296875 0.021875 0.040625
1 0.64140625 0.25078125 0.0234375 0.04375
1 0.653125 0.2359375 0.01875 0.04375
1 0.66171875 0.1828125 0.01484375 0.03046875
1 0.6921875 0.2578125 0.01875 0.0421875
1 0.7 0.31484375 0.03125 0.0578125
1 0.71328125 0.1890625 0.01640625 0.03203125
1 0.73046875 0.17109375 0.01640625 0.02890625
1 0.734375 0.14765625 0.01328125 0.02421875
1 0.76171875 0.1359375 0.01171875 0.03046875
1 0.78125 0.1328125 0.0109375 0.02421875
1 0.78671875 0.14921875 0.01171875 0.02734375
1 0.79453125 0.171875 0.01171875 0.02734375
1 0.8078125 0.14296875 0.01015625 0.02734375
1 0.8203125 0.14609375 0.01015625 0.02421875
1 0.76171875 0.2015625 0.01640625 0.0390625
1 0.740625 0.24375 0.01796875 0.0453125
1 0.771875 0.246875 0.01875 0.0390625
1 0.8046875 0.20625 0.01640625 0.03515625
1 0.79609375 0.28359375 0.02265625 0.0453125
1 0.7640625 0.34609375 0.0265625 0.05625
1 0.83046875 0.25078125 0.01875 0.046875
1 0.840625 0.22109375 0.01796875 0.0421875
1 0.8328125 0.17734375 0.0125 0.02890625
1 0.8390625 0.1640625 0.01328125 0.02734375
1 0.85546875 0.15390625 0.0109375 0.02734375
1 0.86875 0.18515625 0.01328125 0.03515625
1 0.87421875 0.165625 0.01171875 0.02421875
1 0.9078125 0.153125 0.0109375 0.02265625
1 0.909375 0.16953125 0.009375 0.02265625
1 0.9046875 0.1890625 0.0109375 0.03203125
1 0.89296875 0.2140625 0.0109375 0.02109375
1 0.89609375 0.2328125 0.015625 0.03671875
1 0.93984375 0.1921875 0.0109375 0.02265625
1 0.93828125 0.203125 0.01328125 0.01953125
1 0.9375 0.2203125 0.01484375 0.02734375
1 0.9390625 0.25546875 0.01640625 0.040625
1 0.91171875 0.36171875 0.0203125 0.053125