1 0.11875 0.54296875 0.040625 0.0734375
1 0.21484375 0.34140625 0.01953125 0.03828125
1 0.24296875 0.37578125 0.021875 0.0453125
1 0.275 0.36953125 0.021875 0.04765625
1 0.271875 0.3171875 0.0203125 0.03515625
1 0.3234375 0.359375 0.02421875 0.04609375
1 0.3390625 0.334375 0.0203125 0.03671875
1 0.3359375 0.3015625 0.0171875 0.03515625
1 0.3671875 0.33984375 0.01796875 0.03828125
1 0.39375 0.33671875 0.021875 0.040625
1 0.3921875 0.30390625 0.01796875 0.028125
1 0.37421875 0.26640625 0.01484375 0.0265625
1 0.38671875 0.2828125 0.01796875 0.028125
1 0.409375 0.2609375 0.01640625 0.0265625
1 0.42890625 0.26328125 0.01484375 0.03125
1 0.44453125 0.2734375 0.01875 0.03515625
1 0.44921875 0.24296875 0.015625 0.03125
1 0.490625 0.2640625 0.0171875 0.03515625
1 0.503125 0.28125 0.01796875 0.03359375
1 0.50703125 0.253125 0.01484375 0.028125
1 0.53125 0.2828125 0.01796875 0.03671875
1 0.4859375 0.3328125 0.01953125 0.03828125
1 0.44609375 0.32265625 0.0234375 0.03828125
1 0.41796875 0.31328125 0.0203125 0.03671875
1 0.43359375 0.35234375 0.0234375 0.03828125
1 0.515625 0.365625 0.025 0.04765625
1 0.45 0.42890625 0.0296875 0.059375
1 0.5203125 0.4328125 0.034375 0.06171875
1 0.5375 0.24921875 0.01640625 0.03359375
1 0.540625 0.22109375 0.015625 0.028125
1 0.5546875 0.25703125 0.015625 0.0296875
1 0.5578125 0.2328125 0.01328125 0.03203125
1 0.5796875 0.253125 0.01640625 0.025
1 0.584375 0.23125 0.015625 0.0296875
1 0.5921875 0.2125 0.01328125 0.028125
1 0.6125 0.21328125 0.0140625 0.0296875
1 0.62109375 0.22890625 0.01484375 0.0265625
1 0.646875 0.21640625 0.0140625 0.028125
1 0.65859375 0.23125 0.0125 0.0296875
1 0.66640625 0.2203125 0.0171875 0.03203125
1 0.61328125 0.259375 0.0171875 0.0296875
1 0.584375 0.32890625 0.025 0.04765625
1 0.56484375 0.459375 0.0375 0.07421875
1 0.61640625 0.47421875 0.0375 0.08125
1 0.60390625 0.36953125 0.025 0.0453125
1 0.63671875 0.37421875 0.025 0.06171875
1 0.67109375 0.3765625 0.0234375 0.04921875
1 0.70078125 0.40625 0.03203125 0.05625
1 0.61796875 0.309375 0.0203125 0.0421875
1 0.6546875 0.2828125 0.0203125 0.03359375
1 0.66484375 0.31875 0.021875 0.04921875
1 0.68515625 0.3015625 0.01875 0.03828125
1 0.6875 0.25234375 0.01640625 0.03828125
1 0.7203125 0.2640625 0.01640625 0.03203125
1 0.7171875 0.240625 0.01328125 0.03125
1 0.728125 0.23046875 0.015625 0.03125
1 0.74765625 0.2609375 0.01484375 0.03203125
1 0.75625 0.28671875 0.01484375 0.03359375
1 0.76484375 0.24609375 0.0171875 0.03359375
1 0.79296875 0.24453125 0.0171875 0.03125
1 0.684375 0.54296875 0.0375 0.07890625
1 0.75859375 0.434375 0.03046875 0.06484375
1 0.7921875 0.36484375 0.02109375 0.05234375
1 0.80625 0.5015625 0.034375 0.08046875
1 0.821875 0.46953125 0.034375 0.0734375
1 0.8359375 0.39765625 0.0265625 0.05234375
1 0.89375 0.46875 0.03359375 0.071875
1 0.91875 0.36484375 0.021875 0.05234375
1 0.903125 0.3359375 0.02109375 0.0421875
1 0.91640625 0.315625 0.01640625 0.03515625
1 0.87578125 0.27890625 0.0171875 0.03828125
1 0.87265625 0.32734375 0.0171875 0.03515625
1 0.85234375 0.34140625 0.0203125 0.04375
1 0.8296875 0.33046875 0.02265625 0.0453125
1 0.79765625 0.30390625 0.01875 0.0390625
1 0.79609375 0.27265625 0.015625 0.028125
1 0.8234375 0.26015625 0.01640625 0.0390625
1 0.83515625 0.28046875 0.01875 0.040625
1 0.8484375 0.2640625 0.01953125 0.0390625