1 0.4625 0.24921875 0.03984375 0.07734375
1 0.53828125 0.1921875 0.0203125 0.04140625
1 0.6 0.16796875 0.02109375 0.04453125
1 0.609375 0.2078125 0.0234375 0.04765625
1 0.6625 0.1984375 0.01875 0.0359375
1 0.67421875 0.2140625 0.021875 0.04765625
1 0.7078125 0.2046875 0.025 0.05
1 0.67421875 0.26875 0.0296875 0.06015625
1 0.7296875 0.275 0.02890625 0.05625
1 0.74453125 0.2109375 0.01640625 0.04453125
1 0.76484375 0.22421875 0.02265625 0.04609375
1 0.82265625 0.24453125 0.02109375 0.05625
1 0.74375 0.35703125 0.03046875 0.06875
1 0.81484375 0.3921875 0.0359375 0.08046875
1 0.909375 0.4 0.03828125 0.09296875