1 0.0484375 0.3984375 0.03828125 0.05703125
1 0.25234375 0.27734375 0.0171875 0.021875
1 0.2984375 0.25703125 0.02265625 0.0296875
1 0.33515625 0.27734375 0.01796875 0.03203125
1 0.38125 0.3109375 0.02265625 0.04140625
1 0.484375 0.2921875 0.028125 0.03515625
1 0.525 0.309375 0.025 0.0546875
1 0.5984375 0.328125 0.02421875 0.05
1 0.66796875 0.34765625 0.0234375 0.0546875
1 0.77890625 0.290625 0.025 0.0453125
1 0.71015625 0.27890625 0.02578125 0.0453125
1 0.65625 0.259375 0.02890625 0.0453125
1 0.6078125 0.25859375 0.025 0.03359375
1 0.5609375 0.2390625 0.025 0.03203125
1 0.48359375 0.22109375 0.0234375 0.03828125
1 0.44765625 0.22421875 0.02265625 0.028125
1 0.409375 0.221875 0.02265625 0.03671875
1 0.37265625 0.221875 0.0140625 0.0296875
1 0.34296875 0.2140625 0.02265625 0.028125
1 0.31484375 0.221875 0.01796875 0.0296875
1 0.3796875 0.1953125 0.01484375 0.0203125
1 0.41015625 0.16796875 0.01328125 0.0234375
1 0.446875 0.13671875 0.0109375 0.0203125
1 0.45078125 0.1671875 0.01484375 0.03515625
1 0.4734375 0.18671875 0.01796875 0.0296875
1 0.471875 0.13984375 0.0140625 0.0265625
1 0.5015625 0.1703125 0.0171875 0.0296875
1 0.534375 0.190625 0.01796875 0.03515625
1 0.6046875 0.2125 0.02265625 0.04140625
1 0.56171875 0.17265625 0.01875 0.03203125
1 0.5296875 0.13671875 0.021875 0.03359375
1 0.55234375 0.1125 0.0171875 0.021875
1 0.5859375 0.115625 0.0171875 0.028125
1 0.6234375 0.13828125 0.01875 0.0296875
1 0.65078125 0.2078125 0.02734375 0.03828125
1 0.696875 0.21015625 0.025 0.03671875
1 0.74453125 0.23203125 0.02734375 0.04296875
1 0.79921875 0.23359375 0.0296875 0.05
1 0.73046875 0.18828125 0.021875 0.0296875
1 0.79140625 0.16796875 0.021875 0.03671875
1 0.7515625 0.15859375 0.02265625 0.03359375
1 0.6875 0.1015625 0.0171875 0.0203125
1 0.67109375 0.1125 0.0203125 0.021875
1 0.65 0.1140625 0.01796875 0.01796875
1 0.61015625 0.11171875 0.015625 0.0234375
1 0.70546875 0.1375 0.01328125 0.03203125
1 0.725 0.13203125 0.01328125 0.01640625
1 0.740625 0.11171875 0.00859375 0.0203125
1 0.76484375 0.13046875 0.009375 0.021875
1 0.771875 0.1203125 0.009375 0.0265625
1 0.78671875 0.125 0.0109375 0.0265625
1 0.678125 0.1578125 0.015625 0.028125
1 0.575 0.1484375 0.01484375 0.0296875
1 0.91328125 0.28359375 0.02265625 0.046875
1 0.8625 0.22578125 0.0171875 0.04140625
1 0.87421875 0.17109375 0.0140625 0.028125
1 0.915625 0.196875 0.0171875 0.03671875
1 0.8921875 0.12890625 0.0125 0.028125
1 0.828125 0.13671875 0.0140625 0.0296875
1 0.81171875 0.16328125 0.0140625 0.0296875
1 0.7984375 0.121875 0.009375 0.0265625
1 0.84609375 0.153125 0.01796875 0.03984375
1 0.9109375 0.1609375 0.0109375 0.025
1 0.925 0.15234375 0.01015625 0.028125
1 0.8640625 0.13359375 0.0125 0.0265625
1 0.8921875 0.16640625 0.0140625 0.0265625
1 0.89765625 0.19921875 0.0140625 0.03515625