1 0.43046875 0.53203125 0.059375 0.15625
1 0.53671875 0.20078125 0.0234375 0.04921875
1 0.59609375 0.1609375 0.01953125 0.04140625
1 0.6171875 0.20234375 0.01953125 0.0453125
1 0.66171875 0.25390625 0.025 0.0546875
1 0.67578125 0.209375 0.0203125 0.0453125
1 0.6640625 0.190625 0.01484375 0.0359375
1 0.69453125 0.20546875 0.01640625 0.04375
1 0.74765625 0.2234375 0.01953125 0.046875
1 0.77734375 0.2453125 0.025 0.0578125
1 0.73671875 0.28515625 0.0265625 0.06171875
1 0.73515625 0.36171875 0.03203125 0.08203125
1 0.81015625 0.3890625 0.03359375 0.08515625
1 0.8171875 0.25234375 0.02109375 0.0546875
1 0.9578125 0.353125 0.0390625 0.08515625