1 0.04375 0.359375 0.0203125 0.0328125
1 0.3671875 0.1921875 0.01875 0.0375
1 0.38515625 0.275 0.01953125 0.0390625
1 0.37578125 0.22421875 0.01875 0.0328125
1 0.45390625 0.22109375 0.021875 0.04140625
1 0.41015625 0.1609375 0.015625 0.0375
1 0.47890625 0.13359375 0.01484375 0.03125
1 0.5109375 0.12109375 0.0125 0.02578125
1 0.52578125 0.12890625 0.015625 0.02734375
1 0.559375 0.175 0.01640625 0.034375
1 0.55703125 0.13046875 0.01640625 0.034375
1 0.578125 0.121875 0.01171875 0.03125
1 0.4671875 0.334375 0.0328125 0.05859375
1 0.5296875 0.325 0.028125 0.06015625
1 0.609375 0.24609375 0.02421875 0.06015625
1 0.64765625 0.2171875 0.02109375 0.05
1 0.67109375 0.309375 0.0359375 0.0671875
1 0.7 0.1859375 0.0328125 0.05625
1 0.775 0.3078125 0.0296875 0.0703125
1 0.83203125 0.309375 0.0296875 0.06328125
1 0.88984375 0.3046875 0.0296875 0.06015625
1 0.9140625 0.2140625 0.0203125 0.0546875
1 0.9203125 0.15234375 0.01484375 0.03125
1 0.89453125 0.1484375 0.01171875 0.02890625
1 0.86015625 0.1296875 0.01640625 0.0359375