1 0.20703125 0.40078125 0.03671875 0.0859375
1 0.25234375 0.265625 0.0203125 0.03984375
1 0.2875 0.26796875 0.021875 0.04140625
1 0.26953125 0.265625 0.01484375 0.0265625
1 0.31171875 0.2328125 0.01796875 0.0359375
1 0.33828125 0.24609375 0.0203125 0.0359375
1 0.346875 0.23125 0.01484375 0.0359375
1 0.34453125 0.2015625 0.0140625 0.0296875
1 0.3640625 0.2421875 0.01875 0.04296875
1 0.38046875 0.26796875 0.0234375 0.04453125
1 0.39921875 0.28125 0.02578125 0.05078125
1 0.365625 0.17734375 0.0140625 0.03125
1 0.3796875 0.1859375 0.015625 0.03828125
1 0.3984375 0.21484375 0.01796875 0.0359375
1 0.421875 0.18125 0.01484375 0.03984375
1 0.4359375 0.1859375 0.0203125 0.04140625
1 0.4578125 0.240625 0.02421875 0.05625
1 0.47578125 0.19921875 0.01796875 0.034375
1 0.46875 0.1640625 0.015625 0.025
1 0.4546875 0.14375 0.01484375 0.0234375
1 0.4796875 0.12890625 0.01484375 0.0265625
1 0.51171875 0.1640625 0.015625 0.03125
1 0.4984375 0.196875 0.02109375 0.03828125
1 0.521875 0.20078125 0.02109375 0.04140625
1 0.54921875 0.15625 0.015625 0.04140625
1 0.57578125 0.16328125 0.01796875 0.0328125
1 0.5609375 0.15234375 0.015625 0.03125
1 0.56484375 0.12421875 0.0140625 0.034375
1 0.60234375 0.14609375 0.01484375 0.028125
1 0.6046875 0.121875 0.01171875 0.0234375
1 0.60625 0.10703125 0.0109375 0.01953125
1 0.5828125 0.12578125 0.01328125 0.0296875
1 0.63359375 0.13046875 0.01796875 0.0296875
1 0.640625 0.11484375 0.01171875 0.02109375
1 0.67265625 0.11953125 0.01796875 0.03125
1 0.56875 0.21171875 0.02578125 0.04453125
1 0.49921875 0.2890625 0.02578125 0.05625
1 0.55625 0.28046875 0.03125 0.0625
1 0.61015625 0.30390625 0.028125 0.059375
1 0.5984375 0.28125 0.021875 0.04453125
1 0.61796875 0.21015625 0.02890625 0.04765625
1 0.6546875 0.1765625 0.0203125 0.0359375
1 0.659375 0.21640625 0.0234375 0.04296875
1 0.65859375 0.27109375 0.028125 0.0609375
1 0.690625 0.221875 0.021875 0.05078125
1 0.69609375 0.1796875 0.0203125 0.04296875
1 0.7 0.14765625 0.01796875 0.03125
1 0.71015625 0.2640625 0.03125 0.0625
1 0.74375 0.315625 0.02890625 0.0578125
1 0.7484375 0.2375 0.025 0.059375
1 0.83515625 0.29140625 0.028125 0.0640625
1 0.715625 0.17734375 0.01796875 0.03828125
1 0.7421875 0.1921875 0.01796875 0.034375
1 0.73828125 0.1640625 0.015625 0.028125
1 0.75703125 0.153125 0.01484375 0.0359375
1 0.74609375 0.128125 0.01328125 0.03125
1 0.7734375 0.15546875 0.015625 0.0328125
1 0.7890625 0.1578125 0.0203125 0.03828125
1 0.765625 0.19140625 0.025 0.04609375
1 0.8171875 0.20546875 0.021875 0.03828125
1 0.83203125 0.1875 0.015625 0.03125
1 0.834375 0.16796875 0.0140625 0.0265625
1 0.82421875 0.1453125 0.01171875 0.0265625
1 0.88984375 0.2734375 0.02578125 0.0546875
1 0.8359375 0.26015625 0.021875 0.04140625
1 0.87578125 0.19140625 0.0203125 0.0359375
1 0.87421875 0.16171875 0.0140625 0.0234375
1 0.884375 0.15390625 0.01171875 0.034375