1 0.1875 0.26484375 0.02421875 0.040625
1 0.0546875 0.31640625 0.01953125 0.034375
1 0.41796875 0.19296875 0.02109375 0.03125
1 0.509375 0.15078125 0.01640625 0.03125
1 0.5921875 0.1328125 0.0140625 0.03125
1 0.4953125 0.18671875 0.01796875 0.02734375
1 0.51875 0.18515625 0.02109375 0.0375
1 0.4734375 0.2265625 0.0234375 0.0421875
1 0.44296875 0.2546875 0.028125 0.046875
1 0.5078125 0.28359375 0.02578125 0.0453125
1 0.6578125 0.23828125 0.0234375 0.05390625
1 0.72421875 0.18515625 0.025 0.040625