1 0.0609375 0.41875 0.03359375 0.08359375
1 0.08671875 0.4265625 0.0453125 0.0953125
1 0.3140625 0.1953125 0.025 0.053125
1 0.321875 0.23984375 0.02109375 0.04140625
1 0.36171875 0.22109375 0.0265625 0.05546875
1 0.390625 0.203125 0.02109375 0.04140625
1 0.5140625 0.2859375 0.028125 0.05546875
1 0.54765625 0.28828125 0.028125 0.06484375
1 0.846875 0.47578125 0.053125 0.1234375
1 0.6234375 0.278125 0.0328125 0.06171875
1 0.60390625 0.17421875 0.0265625 0.0515625
1 0.57890625 0.1453125 0.0234375 0.04375
1 0.6125 0.1234375 0.02109375 0.04375
1 0.64921875 0.13203125 0.02578125 0.046875
1 0.6609375 0.19453125 0.034375 0.05546875
1 0.69765625 0.1921875 0.02265625 0.04375