1 0.01953125 0.3890625 0.02578125 0.03984375
1 0.2625 0.2671875 0.01640625 0.03828125
1 0.278125 0.26328125 0.02265625 0.04375
1 0.303125 0.26484375 0.01875 0.03515625
1 0.321875 0.27890625 0.025 0.03828125
1 0.33671875 0.2125 0.01640625 0.0265625
1 0.34375 0.22109375 0.0171875 0.040625
1 0.38984375 0.25078125 0.02109375 0.0421875
1 0.4203125 0.27109375 0.02421875 0.04765625
1 0.40625 0.22265625 0.01875 0.03984375
1 0.39609375 0.1859375 0.01484375 0.025
1 0.4109375 0.17734375 0.01328125 0.02109375
1 0.42578125 0.178125 0.015625 0.0296875
1 0.43671875 0.1609375 0.01640625 0.025
1 0.465625 0.14140625 0.0125 0.025
1 0.46640625 0.15703125 0.0171875 0.0296875
1 0.48828125 0.13515625 0.01171875 0.025
1 0.49609375 0.13046875 0.01328125 0.02421875
1 0.51796875 0.140625 0.0125 0.0296875
1 0.52265625 0.13203125 0.0125 0.02421875
1 0.5484375 0.14609375 0.01484375 0.03515625
1 0.5875 0.11328125 0.01328125 0.0296875
1 0.6453125 0.11484375 0.0140625 0.0265625
1 0.66484375 0.1125 0.0125 0.025
1 0.6203125 0.14453125 0.01640625 0.0296875
1 0.64765625 0.16484375 0.01953125 0.03984375
1 0.5859375 0.1640625 0.01640625 0.0296875
1 0.5640625 0.1609375 0.0125 0.025
1 0.54609375 0.190625 0.01640625 0.03671875
1 0.50625 0.18828125 0.01875 0.0328125
1 0.48046875 0.1921875 0.015625 0.025
1 0.47265625 0.22890625 0.01953125 0.040625
1 0.446875 0.221875 0.01953125 0.0328125
1 0.765625 0.12109375 0.0125 0.025
1 0.74765625 0.14375 0.01484375 0.03125
1 0.73359375 0.15546875 0.01328125 0.02421875
1 0.7015625 0.15625 0.01484375 0.028125
1 0.709375 0.17109375 0.0171875 0.03828125
1 0.73828125 0.18828125 0.01796875 0.03828125
1 0.7625 0.1640625 0.01875 0.0296875
1 0.80234375 0.13671875 0.015625 0.03125
1 0.81015625 0.17109375 0.0171875 0.03828125
1 0.8265625 0.15703125 0.01484375 0.03828125
1 0.8375 0.146875 0.01328125 0.03359375
1 0.86640625 0.14140625 0.015625 0.028125
1 0.8421875 0.18359375 0.0171875 0.03359375
1 0.8703125 0.20625 0.015625 0.03984375
1 0.88359375 0.19921875 0.01171875 0.0328125
1 0.821875 0.2109375 0.015625 0.03515625
1 0.8328125 0.23125 0.01953125 0.0421875
1 0.87109375 0.2453125 0.01875 0.03984375
1 0.90703125 0.26875 0.0203125 0.05234375
1 0.8671875 0.30078125 0.02109375 0.0453125
1 0.78671875 0.28984375 0.0234375 0.06640625
1 0.7796875 0.20859375 0.01875 0.0421875
1 0.75546875 0.22734375 0.02109375 0.0421875
1 0.71015625 0.215625 0.0203125 0.03671875
1 0.65234375 0.2171875 0.02265625 0.03359375
1 0.61015625 0.20625 0.02265625 0.03984375
1 0.6078125 0.23984375 0.0234375 0.0453125
1 0.6546875 0.25625 0.0234375 0.046875
1 0.703125 0.30703125 0.028125 0.06328125
1 0.71640625 0.28515625 0.025 0.05625
1 0.740625 0.3609375 0.0328125 0.06484375
1 0.56328125 0.24921875 0.01875 0.046875
1 0.546875 0.3015625 0.0265625 0.05078125
1 0.5015625 0.3 0.0234375 0.046875
1 0.659375 0.3546875 0.04296875 0.08359375