1 0.57734375 0.24375 0.02890625 0.0609375
1 0.28828125 0.31484375 0.03671875 0.06328125
1 0.22734375 0.36640625 0.04375 0.08125
1 0.16015625 0.3796875 0.05 0.09296875
1 0.20625 0.3234375 0.04375 0.07578125
1 0.1015625 0.2984375 0.03046875 0.0515625
1 0.06796875 0.325 0.03828125 0.071875
1 0.02421875 0.33046875 0.04375 0.06875
1 0.6765625 0.32421875 0.02421875 0.0515625
1 0.69921875 0.33984375 0.040625 0.0796875
1 0.753125 0.378125 0.05390625 0.11484375
1 0.81484375 0.3984375 0.06484375 0.13359375
1 0.815625 0.3015625 0.02265625 0.0484375
1 0.83046875 0.31875 0.021875 0.0515625
1 0.86015625 0.3140625 0.02421875 0.05
1 0.8921875 0.32109375 0.040625 0.0796875
1 0.9390625 0.34140625 0.046875 0.08671875