1 0.15234375 0.3515625 0.0375 0.0765625
1 0.25625 0.2765625 0.01484375 0.0265625
1 0.29453125 0.259375 0.01953125 0.04453125
1 0.3453125 0.20859375 0.02109375 0.0265625
1 0.3171875 0.24140625 0.01953125 0.03515625
1 0.31640625 0.2875 0.01875 0.04140625
1 0.365625 0.24921875 0.02734375 0.0484375
1 0.3734375 0.21953125 0.01953125 0.028125
1 0.384375 0.19375 0.02109375 0.0296875
1 0.4109375 0.16796875 0.015625 0.03125
1 0.4234375 0.18515625 0.02421875 0.03828125
1 0.428125 0.21953125 0.02109375 0.03828125
1 0.44609375 0.18984375 0.0265625 0.03828125
1 0.45546875 0.16796875 0.02265625 0.03828125
1 0.45234375 0.2234375 0.0234375 0.04453125
1 0.47578125 0.24765625 0.02421875 0.03515625
1 0.484375 0.13125 0.01328125 0.0296875
1 0.48046875 0.16640625 0.02734375 0.03515625
1 0.4875 0.2015625 0.0234375 0.04140625
1 0.51875 0.20234375 0.028125 0.04296875
1 0.55625 0.15703125 0.01953125 0.03828125
1 0.534375 0.140625 0.01796875 0.0328125
1 0.5125 0.071875 0.01484375 0.025
1 0.575 0.1734375 0.0171875 0.03515625
1 0.58203125 0.13671875 0.02578125 0.0546875
1 0.58984375 0.09765625 0.01875 0.0296875
1 0.61015625 0.05703125 0.009375 0.021875
1 0.6203125 0.14375 0.02265625 0.03828125
1 0.646875 0.09765625 0.01328125 0.0234375
1 0.67265625 0.1140625 0.0140625 0.01953125
1 0.7046875 0.065625 0.01328125 0.03125
1 0.4875 0.29921875 0.028125 0.0578125
1 0.53515625 0.34609375 0.02578125 0.04140625
1 0.5703125 0.240625 0.02734375 0.05
1 0.6359375 0.20390625 0.02265625 0.04296875
1 0.6109375 0.265625 0.02421875 0.03671875
1 0.5921875 0.35234375 0.03125 0.07109375
1 0.6796875 0.3390625 0.0359375 0.06171875
1 0.6609375 0.2921875 0.0375 0.05
1 0.69140625 0.21875 0.0234375 0.03671875
1 0.6984375 0.18359375 0.021875 0.03515625
1 0.73984375 0.11953125 0.01875 0.0296875
1 0.728125 0.14609375 0.02265625 0.03984375
1 0.7875 0.12578125 0.01796875 0.0328125
1 0.7671875 0.1296875 0.0234375 0.0328125
1 0.75078125 0.14453125 0.0234375 0.03984375
1 0.75703125 0.17265625 0.02265625 0.0296875
1 0.746875 0.1921875 0.015625 0.0328125
1 0.75625 0.2390625 0.03359375 0.04609375
1 0.740625 0.284375 0.02578125 0.0578125
1 0.7734375 0.29296875 0.028125 0.0546875
1 0.809375 0.2484375 0.021875 0.04609375
1 0.7953125 0.184375 0.021875 0.0328125
1 0.840625 0.13515625 0.0109375 0.025
1 0.85 0.18125 0.01953125 0.03125
1 0.86796875 0.14765625 0.01796875 0.0328125
1 0.8953125 0.140625 0.01796875 0.0328125
1 0.87109375 0.2390625 0.0171875 0.03984375
1 0.92109375 0.2640625 0.021875 0.05
1 0.8859375 0.1859375 0.02109375 0.03984375
1 0.928125 0.2015625 0.0234375 0.04140625
1 0.93203125 0.15703125 0.01484375 0.028125
1 0.7984375 0.146875 0.01875 0.03125
1 0.51875 0.165625 0.028125 0.0296875
1 0.83125 0.16015625 0.0234375 0.0484375
1 0.66796875 0.21171875 0.02421875 0.0578125
1 0.671875 0.18125 0.01796875 0.0484375
1 0.63828125 0.12109375 0.01796875 0.0328125
1 0.86171875 0.1296875 0.0140625 0.01640625