1 0.34140625 0.215625 0.0203125 0.0390625
1 0.34375 0.26484375 0.02578125 0.06796875
1 0.40078125 0.25234375 0.02578125 0.04453125
1 0.41640625 0.22890625 0.01796875 0.03046875
1 0.440625 0.22421875 0.0234375 0.04609375
1 0.48984375 0.22265625 0.0171875 0.04609375
1 0.48203125 0.128125 0.0140625 0.02421875
1 0.5078125 0.128125 0.0125 0.02421875
1 0.521875 0.13828125 0.015625 0.034375
1 0.5125 0.175 0.01796875 0.0390625
1 0.54140625 0.21015625 0.01953125 0.0375
1 0.58671875 0.175 0.02109375 0.0328125
1 0.57890625 0.12265625 0.01328125 0.02421875
1 0.6046875 0.13046875 0.01640625 0.0328125
1 0.628125 0.1421875 0.0140625 0.0328125
1 0.57890625 0.2515625 0.0203125 0.053125
1 0.64296875 0.25 0.02421875 0.04296875
1 0.63671875 0.23203125 0.02109375 0.040625
1 0.67421875 0.28125 0.02421875 0.04453125
1 0.73125 0.29453125 0.02578125 0.06328125
1 0.67421875 0.19296875 0.01796875 0.0375
1 0.69609375 0.184375 0.0171875 0.034375
1 0.73515625 0.18515625 0.01953125 0.0328125
1 0.73203125 0.07578125 0.015625 0.0328125
1 0.7421875 0.07578125 0.0140625 0.02578125
1 0.76328125 0.2703125 0.02578125 0.04609375
1 0.8109375 0.28046875 0.02421875 0.059375
1 0.85 0.19375 0.0171875 0.02890625
1 0.84296875 0.234375 0.01640625 0.04609375
1 0.86875 0.2875 0.021875 0.04921875
1 0.85625 0.321875 0.0265625 0.053125
1 0.9203125 0.35859375 0.02109375 0.06796875
1 0.93671875 0.27890625 0.01796875 0.053125
1 0.9359375 0.24296875 0.0140625 0.0359375
1 0.890625 0.2203125 0.0203125 0.040625