1 0.08671875 0.46015625 0.04765625 0.096875
1 0.25 0.28359375 0.01875 0.03203125
1 0.290625 0.25859375 0.015625 0.03515625
1 0.3015625 0.26171875 0.01640625 0.0453125
1 0.3109375 0.29765625 0.0203125 0.03984375
1 0.328125 0.21484375 0.0140625 0.03203125
1 0.35078125 0.21796875 0.0140625 0.03828125
1 0.37578125 0.26171875 0.0203125 0.0421875
1 0.3671875 0.228125 0.015625 0.03515625
1 0.3671875 0.2125 0.0140625 0.0265625
1 0.38671875 0.19765625 0.01796875 0.03046875
1 0.41171875 0.17421875 0.015625 0.03046875
1 0.4140625 0.22421875 0.01796875 0.04375
1 0.43984375 0.16171875 0.01171875 0.03203125
1 0.45 0.14296875 0.01015625 0.025
1 0.45390625 0.1671875 0.01328125 0.03671875
1 0.43671875 0.19765625 0.0140625 0.03359375
1 0.44296875 0.21796875 0.01484375 0.03515625
1 0.43515625 0.259375 0.01953125 0.046875
1 0.4671875 0.19375 0.015625 0.03671875
1 0.4703125 0.1703125 0.01484375 0.03359375
1 0.471875 0.14921875 0.01171875 0.0265625
1 0.48515625 0.13515625 0.01015625 0.0234375
1 0.50390625 0.16796875 0.01640625 0.028125
1 0.4984375 0.18984375 0.015625 0.03515625
1 0.51484375 0.13515625 0.0140625 0.0265625
1 0.53125 0.1390625 0.0140625 0.03046875
1 0.55859375 0.11640625 0.0140625 0.028125
1 0.59453125 0.10078125 0.01328125 0.028125
1 0.61328125 0.10703125 0.00859375 0.0265625
1 0.62109375 0.11015625 0.01171875 0.03671875
1 0.6375 0.10234375 0.01328125 0.0265625
1 0.62109375 0.1390625 0.01484375 0.03359375
1 0.56875 0.16328125 0.015625 0.03828125
1 0.58359375 0.13203125 0.01171875 0.03046875
1 0.58828125 0.11953125 0.0109375 0.025
1 0.55234375 0.16171875 0.01484375 0.03203125
1 0.5796875 0.1546875 0.0140625 0.03203125
1 0.5234375 0.21171875 0.01953125 0.03828125
1 0.503125 0.225 0.0203125 0.0484375
1 0.4921875 0.28125 0.02734375 0.053125
1 0.5375 0.3109375 0.02734375 0.06328125
1 0.56484375 0.24140625 0.01875 0.0484375
1 0.60625 0.25078125 0.02265625 0.05
1 0.62890625 0.1890625 0.0203125 0.05
1 0.6078125 0.32421875 0.02734375 0.05703125
1 0.6578125 0.25078125 0.0234375 0.05
1 0.65078125 0.2265625 0.01796875 0.03203125
1 0.67421875 0.11484375 0.01328125 0.03203125
1 0.69609375 0.10078125 0.01171875 0.03203125
1 0.66171875 0.16796875 0.01640625 0.03828125
1 0.68984375 0.1765625 0.015625 0.03515625
1 0.69140625 0.1421875 0.015625 0.03359375
1 0.70234375 0.14296875 0.0109375 0.03203125
1 0.73125 0.12890625 0.0140625 0.0265625
1 0.72734375 0.15703125 0.0140625 0.03671875
1 0.74140625 0.18359375 0.01640625 0.03671875
1 0.69375 0.221875 0.0234375 0.0484375
1 0.75 0.22890625 0.01953125 0.05
1 0.67890625 0.3296875 0.028125 0.06328125
1 0.721875 0.31328125 0.02421875 0.0515625
1 0.7828125 0.29453125 0.0234375 0.06328125
1 0.803125 0.234375 0.01953125 0.05
1 0.7515625 0.17578125 0.01640625 0.03671875
1 0.74296875 0.14375 0.01328125 0.0265625
1 0.74765625 0.1109375 0.0140625 0.025
1 0.76484375 0.1328125 0.01328125 0.03203125
1 0.77890625 0.121875 0.01171875 0.03359375
1 0.79453125 0.13125 0.01171875 0.03203125
1 0.8140625 0.1265625 0.01328125 0.025
1 0.7953125 0.17421875 0.01640625 0.03984375
1 0.8109375 0.165625 0.01484375 0.03671875
1 0.8296875 0.13984375 0.0140625 0.03203125
1 0.8421875 0.1875 0.01640625 0.04375
1 0.8484375 0.16171875 0.01484375 0.03515625
1 0.86015625 0.14921875 0.01484375 0.03046875
1 0.86171875 0.12421875 0.01328125 0.03203125
1 0.8921875 0.128125 0.01015625 0.03203125
1 0.8921875 0.159375 0.01171875 0.028125
1 0.8859375 0.17421875 0.01328125 0.03671875
1 0.87734375 0.19921875 0.015625 0.03359375
1 0.871875 0.2265625 0.01640625 0.03828125
1 0.9203125 0.28203125 0.01953125 0.0515625
1 0.9296875 0.2015625 0.01484375 0.03828125
1 0.9140625 0.18203125 0.01484375 0.03671875
1 0.92265625 0.15625 0.0109375 0.03203125