1 0.165625 0.34921875 0.03828125 0.08046875
1 0.26015625 0.27890625 0.01953125 0.03046875
1 0.2953125 0.26328125 0.0234375 0.03515625
1 0.31640625 0.21875 0.01640625 0.03359375
1 0.3296875 0.23671875 0.02109375 0.03359375
1 0.34453125 0.209375 0.01875 0.03203125
1 0.353125 0.23359375 0.01953125 0.03359375
1 0.375 0.21796875 0.01875 0.02890625
1 0.38359375 0.1921875 0.0203125 0.03515625
1 0.409375 0.16875 0.01640625 0.02890625
1 0.4203125 0.184375 0.02109375 0.02890625
1 0.453125 0.1703125 0.01953125 0.03515625
1 0.446875 0.184375 0.01640625 0.02890625
1 0.43046875 0.209375 0.01640625 0.025
1 0.46796875 0.14765625 0.0140625 0.0265625
1 0.484375 0.13125 0.0109375 0.0234375
1 0.49921875 0.14609375 0.0140625 0.0265625
1 0.52265625 0.121875 0.01328125 0.025
1 0.55546875 0.109375 0.01171875 0.0203125
1 0.5671875 0.1203125 0.01875 0.025
1 0.59375 0.1109375 0.01171875 0.0203125
1 0.625 0.0875 0.0109375 0.0234375
1 0.63046875 0.10703125 0.015625 0.03515625
1 0.6453125 0.08984375 0.0109375 0.025
1 0.659375 0.04921875 0.015625 0.02890625
1 0.6140625 0.1421875 0.01953125 0.03515625
1 0.571875 0.16953125 0.02265625 0.040625
1 0.51484375 0.19765625 0.02578125 0.0484375
1 0.48203125 0.20078125 0.01796875 0.03203125
1 0.45625 0.22109375 0.02265625 0.03515625
1 0.4671875 0.246875 0.02578125 0.04375
1 0.4375 0.24609375 0.028125 0.03828125
1 0.35 0.27265625 0.02734375 0.03671875
1 0.5046875 0.28046875 0.028125 0.05390625
1 0.5671875 0.24375 0.02109375 0.04375
1 0.53203125 0.34453125 0.025 0.05078125
1 0.5890625 0.346875 0.0296875 0.065625
1 0.60546875 0.26484375 0.0234375 0.05546875
1 0.6328125 0.20625 0.0203125 0.0421875
1 0.6609375 0.203125 0.02109375 0.046875
1 0.6703125 0.175 0.01953125 0.03671875
1 0.6859375 0.18046875 0.0203125 0.03203125
1 0.6859375 0.21015625 0.02265625 0.04375
1 0.671875 0.11484375 0.015625 0.02890625
1 0.7203125 0.13828125 0.01796875 0.03515625
1 0.734375 0.11953125 0.01484375 0.03359375
1 0.75390625 0.10078125 0.01484375 0.03671875
1 0.7578125 0.12109375 0.01171875 0.0234375
1 0.778125 0.1171875 0.0109375 0.03203125
1 0.7890625 0.1328125 0.015625 0.03671875
1 0.80546875 0.13125 0.01484375 0.0234375
1 0.82734375 0.13359375 0.0140625 0.03828125
1 0.8484375 0.14453125 0.01171875 0.040625
1 0.85859375 0.1375 0.015625 0.03671875
1 0.88046875 0.153125 0.0109375 0.03046875
1 0.89453125 0.1375 0.01015625 0.03359375
1 0.925 0.1515625 0.015625 0.0265625
1 0.8875 0.16640625 0.01640625 0.03671875
1 0.8484375 0.18984375 0.0203125 0.03046875
1 0.921875 0.18671875 0.015625 0.03359375
1 0.915625 0.2171875 0.01796875 0.03671875
1 0.8703125 0.23984375 0.01640625 0.03515625
1 0.90859375 0.2578125 0.0234375 0.0453125
1 0.80390625 0.253125 0.0203125 0.0484375
1 0.7875 0.18046875 0.0203125 0.03515625
1 0.75234375 0.1703125 0.01640625 0.03203125
1 0.74140625 0.19375 0.025 0.0421875
1 0.753125 0.25625 0.02734375 0.05234375
1 0.73359375 0.29375 0.02734375 0.05390625
1 0.784375 0.30859375 0.028125 0.05234375
1 0.671875 0.3359375 0.03359375 0.05703125
1 0.37578125 0.24921875 0.01875 0.02890625
1 0.6578125 0.29765625 0.03046875 0.04375