1 0.36171875 0.19296875 0.02265625 0.0421875
1 0.4109375 0.196875 0.02109375 0.0421875
1 0.43984375 0.22109375 0.0265625 0.0421875
1 0.55625 0.1828125 0.02109375 0.034375
1 0.55546875 0.15859375 0.02265625 0.034375
1 0.6265625 0.11796875 0.01875 0.034375
1 0.66875 0.16796875 0.021875 0.040625
1 0.6765625 0.2140625 0.02109375 0.04453125
1 0.665625 0.25390625 0.02265625 0.04609375
1 0.62265625 0.29375 0.03125 0.06640625
1 0.6234375 0.2203125 0.02734375 0.0484375
1 0.78046875 0.3796875 0.05390625 0.1171875
1 0.9375 0.2390625 0.0171875 0.03828125