1 0.275 0.25078125 0.01484375 0.034375
1 0.2921875 0.26875 0.02265625 0.04453125
1 0.29765625 0.2375 0.01796875 0.034375
1 0.36015625 0.2546875 0.02265625 0.04296875
1 0.38359375 0.2671875 0.01640625 0.04140625
1 0.36171875 0.1953125 0.015625 0.0328125
1 0.3953125 0.19453125 0.01640625 0.03125
1 0.4046875 0.1703125 0.01328125 0.0265625
1 0.43671875 0.21953125 0.01796875 0.03671875
1 0.46328125 0.196875 0.02578125 0.04921875
1 0.44140625 0.18359375 0.01640625 0.0328125
1 0.44609375 0.14921875 0.01171875 0.03125
1 0.45859375 0.15546875 0.01484375 0.0296875
1 0.4625 0.140625 0.009375 0.01953125
1 0.4828125 0.1625 0.01328125 0.028125
1 0.48125 0.19453125 0.01796875 0.03828125
1 0.50390625 0.1234375 0.0109375 0.025
1 0.5109375 0.1484375 0.01328125 0.0328125
1 0.52109375 0.159375 0.01328125 0.028125
1 0.515625 0.190625 0.01953125 0.04140625
1 0.53359375 0.1796875 0.01171875 0.028125
1 0.54765625 0.184375 0.01484375 0.03125
1 0.53125 0.13125 0.01484375 0.028125
1 0.55859375 0.12890625 0.01328125 0.0265625
1 0.55234375 0.11015625 0.01171875 0.028125
1 0.57890625 0.134375 0.0140625 0.03125
1 0.58671875 0.1265625 0.01484375 0.028125
1 0.58984375 0.1 0.01015625 0.03125
1 0.60546875 0.1015625 0.01015625 0.025
1 0.61015625 0.13046875 0.01171875 0.0328125
1 0.5984375 0.15234375 0.015625 0.0296875
1 0.63671875 0.13203125 0.0140625 0.0234375
1 0.62734375 0.11796875 0.01171875 0.021875
1 0.634375 0.09765625 0.01328125 0.0265625
1 0.665625 0.10390625 0.01328125 0.0265625
1 0.690625 0.096875 0.01328125 0.028125
1 0.4859375 0.31484375 0.025 0.0546875
1 0.55546875 0.3140625 0.02890625 0.059375
1 0.56484375 0.24609375 0.02578125 0.04609375
1 0.60234375 0.259375 0.0234375 0.053125
1 0.62578125 0.2015625 0.02265625 0.03984375
1 0.61484375 0.33046875 0.03359375 0.059375
1 0.66328125 0.32890625 0.03125 0.06640625
1 0.66875 0.20078125 0.02421875 0.04453125
1 0.65234375 0.1671875 0.02109375 0.03984375
1 0.67578125 0.15703125 0.01875 0.0328125
1 0.68671875 0.1890625 0.0203125 0.03828125
1 0.7140625 0.1703125 0.01640625 0.03671875
1 0.725 0.1890625 0.01953125 0.04453125
1 0.71953125 0.2484375 0.02578125 0.0546875
1 0.74453125 0.215625 0.025 0.04765625
1 0.77421875 0.1984375 0.01953125 0.04609375
1 0.7515625 0.140625 0.0140625 0.03671875
1 0.75859375 0.1265625 0.01484375 0.03125
1 0.73203125 0.1109375 0.015625 0.03671875
1 0.77265625 0.153125 0.01796875 0.04140625
1 0.79453125 0.1515625 0.01875 0.04140625
1 0.82421875 0.20390625 0.0203125 0.04140625
1 0.803125 0.23671875 0.02578125 0.04921875
1 0.7890625 0.26953125 0.02890625 0.059375
1 0.75546875 0.3375 0.0359375 0.07578125
1 0.79453125 0.3953125 0.03984375 0.07578125
1 0.82890625 0.3203125 0.02578125 0.0625
1 0.82578125 0.1375 0.01328125 0.0296875
1 0.82890625 0.1234375 0.01484375 0.03125
1 0.8484375 0.13984375 0.01484375 0.028125
1 0.84609375 0.17109375 0.015625 0.034375
1 0.86328125 0.21015625 0.0203125 0.04296875
1 0.85859375 0.2546875 0.01875 0.04296875
1 0.890625 0.37578125 0.0359375 0.084375
1 0.89609375 0.29609375 0.02890625 0.06953125
1 0.90703125 0.2609375 0.01953125 0.04296875
1 0.91640625 0.234375 0.01640625 0.03671875
1 0.91484375 0.2078125 0.0109375 0.028125
1 0.87890625 0.16953125 0.01640625 0.03828125
1 0.88515625 0.13984375 0.01796875 0.03125
1 0.875 0.13125 0.01328125 0.028125
1 0.91875 0.15703125 0.01171875 0.0328125