1 0.065625 0.5828125 0.0203125 0.0390625
1 0.08203125 0.58828125 0.03046875 0.0359375
1 0.13125 0.603125 0.02734375 0.04921875
1 0.16640625 0.61796875 0.0390625 0.06015625
1 0.20234375 0.63671875 0.04296875 0.06484375
1 0.19296875 0.57265625 0.02421875 0.028125
1 0.234375 0.56796875 0.02265625 0.03984375
1 0.2484375 0.57890625 0.0265625 0.02890625
1 0.2546875 0.62890625 0.0453125 0.07890625
1 0.30703125 0.58515625 0.02578125 0.040625
1 0.3359375 0.59375 0.034375 0.06015625
1 0.35 0.575 0.03203125 0.0453125
1 0.4828125 0.6484375 0.07265625 0.11484375
1 0.46875 0.5578125 0.021875 0.0390625
1 0.53046875 0.56015625 0.02734375 0.04765625
1 0.55546875 0.596875 0.02421875 0.053125
1 0.5765625 0.6046875 0.03203125 0.05390625
1 0.5671875 0.56171875 0.0203125 0.034375
1 0.62578125 0.6046875 0.04609375 0.06875
1 0.73359375 0.6625 0.0671875 0.1015625
1 0.7109375 0.5859375 0.02109375 0.04609375
1 0.7890625 0.571875 0.03046875 0.04921875
1 0.828125 0.49375 0.03125 0.0640625
1 0.9140625 0.4984375 0.03359375 0.0578125
1 0.88671875 0.62890625 0.059375 0.08515625
1 0.89765625 0.5828125 0.040625 0.0671875