1 0.1296875 0.546875 0.03671875 0.06640625
1 0.21640625 0.3453125 0.01640625 0.03359375
1 0.25234375 0.35 0.01875 0.0375
1 0.28359375 0.3578125 0.01640625 0.0375
1 0.3109375 0.38515625 0.01953125 0.0390625
1 0.28046875 0.29453125 0.01484375 0.03359375
1 0.34453125 0.33203125 0.01328125 0.03203125
1 0.34765625 0.290625 0.0125 0.028125
1 0.38671875 0.321875 0.0125 0.03203125
1 0.38046875 0.2578125 0.0140625 0.0234375
1 0.40078125 0.26015625 0.01171875 0.01953125
1 0.403125 0.2859375 0.0140625 0.0234375
1 0.4046875 0.32109375 0.0171875 0.0359375
1 0.42734375 0.346875 0.0171875 0.03515625
1 0.4203125 0.26953125 0.0125 0.025
1 0.428125 0.2953125 0.0140625 0.02890625
1 0.459375 0.3015625 0.0140625 0.025
1 0.41875 0.24296875 0.0125 0.0234375
1 0.4421875 0.2421875 0.01015625 0.021875
1 0.46171875 0.225 0.009375 0.02109375
1 0.48515625 0.25859375 0.01328125 0.025
1 0.51328125 0.2640625 0.01484375 0.028125
1 0.5046875 0.2453125 0.00859375 0.02109375
1 0.50625 0.22890625 0.01171875 0.01796875
1 0.52421875 0.25 0.0140625 0.03046875
1 0.54140625 0.275 0.0125 0.028125
1 0.49765625 0.31953125 0.015625 0.03359375
1 0.55703125 0.26015625 0.01484375 0.03046875
1 0.53828125 0.22109375 0.01328125 0.028125
1 0.5609375 0.234375 0.01015625 0.02109375
1 0.5609375 0.2125 0.0109375 0.01953125
1 0.58203125 0.2375 0.01328125 0.025
1 0.58828125 0.21640625 0.01015625 0.0234375
1 0.59765625 0.1984375 0.009375 0.0234375
1 0.609375 0.2140625 0.01171875 0.021875
1 0.61328125 0.24765625 0.01328125 0.021875
1 0.653125 0.196875 0.01015625 0.0234375
1 0.65625 0.22578125 0.009375 0.0234375
1 0.66484375 0.2171875 0.009375 0.025
1 0.46171875 0.39375 0.02109375 0.04453125
1 0.51171875 0.409375 0.0234375 0.04609375
1 0.5203125 0.3640625 0.01875 0.0359375
1 0.5734375 0.36171875 0.0203125 0.05
1 0.5796875 0.3171875 0.01640625 0.03359375
1 0.61875 0.28828125 0.01328125 0.03046875
1 0.6546875 0.27734375 0.01484375 0.02890625
1 0.628125 0.33125 0.015625 0.0359375
1 0.56015625 0.42734375 0.02578125 0.06015625
1 0.628125 0.45703125 0.02734375 0.0625
1 0.6828125 0.48125 0.03046875 0.0640625
1 0.790625 0.534375 0.02578125 0.06640625
1 0.65 0.3640625 0.02109375 0.0484375
1 0.6734375 0.3453125 0.01796875 0.04453125
1 0.678125 0.2890625 0.0140625 0.03359375
1 0.69296875 0.278125 0.0140625 0.03359375
1 0.68671875 0.24765625 0.0109375 0.025
1 0.71953125 0.2421875 0.01171875 0.03046875
1 0.728125 0.225 0.0109375 0.0234375
1 0.7546875 0.25625 0.01484375 0.03203125
1 0.7609375 0.2328125 0.01484375 0.0265625
1 0.7421875 0.28828125 0.015625 0.0359375
1 0.7125 0.3859375 0.02109375 0.04609375
1 0.79375 0.28984375 0.01171875 0.0234375
1 0.815625 0.25546875 0.01328125 0.02890625
1 0.8359375 0.2625 0.015625 0.03359375
1 0.84765625 0.24921875 0.01015625 0.028125
1 0.82421875 0.30078125 0.015625 0.0359375
1 0.78984375 0.3515625 0.0171875 0.0390625
1 0.8 0.3390625 0.015625 0.0359375
1 0.75859375 0.40703125 0.0203125 0.05703125
1 0.8203125 0.44765625 0.02578125 0.05859375
1 0.88203125 0.46484375 0.0234375 0.05859375
1 0.86796875 0.3953125 0.0203125 0.04609375
1 0.8296875 0.38828125 0.01875 0.05
1 0.85 0.37421875 0.015625 0.0359375
1 0.86328125 0.32265625 0.015625 0.0390625
1 0.890625 0.309375 0.01171875 0.03203125
1 0.90546875 0.3375 0.015625 0.040625
1 0.9125 0.36796875 0.01640625 0.03515625
1 0.9078125 0.30078125 0.01171875 0.03046875
1 0.909375 0.259375 0.01171875 0.03203125
1 0.8734375 0.2703125 0.0171875 0.03203125