1 0.06171875 0.39609375 0.0359375 0.06328125
1 0.25390625 0.28046875 0.0296875 0.0453125
1 0.29375 0.26484375 0.021875 0.0515625
1 0.34453125 0.26171875 0.0203125 0.03828125
1 0.346875 0.21875 0.0234375 0.04375
1 0.31171875 0.221875 0.015625 0.028125
1 0.40234375 0.290625 0.021875 0.05
1 0.4796875 0.30234375 0.03125 0.046875
1 0.56328125 0.2921875 0.03203125 0.0515625
1 0.58828125 0.3734375 0.02421875 0.06484375
1 0.67578125 0.3328125 0.0296875 0.05
1 0.71875 0.29296875 0.025 0.05
1 0.78203125 0.29375 0.02734375 0.0515625
1 0.77421875 0.2125 0.0265625 0.053125
1 0.7484375 0.18125 0.01875 0.025
1 0.7078125 0.22578125 0.01875 0.03046875
1 0.66015625 0.253125 0.0296875 0.05546875
1 0.62265625 0.19296875 0.0171875 0.028125
1 0.6609375 0.2078125 0.01875 0.028125
1 0.65625 0.178125 0.02265625 0.03203125
1 0.57578125 0.24921875 0.0296875 0.03671875
1 0.48515625 0.22265625 0.02734375 0.0234375
1 0.45703125 0.21953125 0.01796875 0.021875
1 0.4296875 0.21640625 0.01953125 0.028125
1 0.38828125 0.22109375 0.01484375 0.0265625
1 0.37109375 0.2140625 0.01796875 0.0234375
1 0.4140625 0.178125 0.01875 0.03203125
1 0.45234375 0.1671875 0.0125 0.0234375
1 0.46796875 0.1890625 0.0171875 0.03046875
1 0.50390625 0.19140625 0.01484375 0.03203125
1 0.54921875 0.1984375 0.01796875 0.0421875
1 0.54296875 0.1625 0.021875 0.03359375
1 0.575 0.16640625 0.01484375 0.03828125
1 0.56640625 0.1109375 0.0171875 0.025
1 0.61875 0.1390625 0.01875 0.0265625
1 0.7046875 0.09765625 0.0140625 0.03203125
1 0.68046875 0.153125 0.0203125 0.03203125
1 0.703125 0.18046875 0.0203125 0.03984375
1 0.5953125 0.096875 0.0125 0.0234375
1 0.6234375 0.0984375 0.0109375 0.0203125
1 0.640625 0.10390625 0.0140625 0.03046875
1 0.79765625 0.17421875 0.0171875 0.03046875
1 0.83359375 0.140625 0.01015625 0.03671875
1 0.8125 0.121875 0.0125 0.0203125
1 0.79765625 0.13125 0.015625 0.025
1 0.74375 0.13984375 0.01328125 0.03203125
1 0.76328125 0.1546875 0.01796875 0.028125
1 0.77265625 0.12421875 0.00859375 0.03203125
1 0.784375 0.1234375 0.01015625 0.03359375
1 0.73984375 0.1125 0.0109375 0.021875
1 0.75390625 0.11015625 0.01328125 0.03359375
1 0.709375 0.1375 0.01796875 0.03046875
1 0.65234375 0.1125 0.00859375 0.03203125
1 0.4765625 0.1640625 0.0171875 0.0265625
1 0.8109375 0.16328125 0.01328125 0.028125
1 0.8515625 0.18203125 0.01796875 0.03671875
1 0.86953125 0.228125 0.01484375 0.03203125
1 0.88828125 0.20078125 0.0125 0.0265625
1 0.89453125 0.16796875 0.015625 0.028125
1 0.853125 0.15 0.01484375 0.03203125
1 0.89453125 0.1296875 0.009375 0.028125
1 0.9296875 0.15625 0.01484375 0.028125
1 0.925 0.1921875 0.0125 0.03671875
1 0.67109375 0.11953125 0.0109375 0.025
1 0.87109375 0.12890625 0.01328125 0.03046875
1 0.871875 0.17109375 0.01875 0.0421875