1 0.97421875 0.32109375 0.0484375 0.096875
1 0.859375 0.278125 0.06171875 0.0953125
1 0.8578125 0.22890625 0.05 0.0765625
1 0.74453125 0.30859375 0.0625 0.11015625
1 0.6875 0.221875 0.046875 0.0859375
1 0.5890625 0.24375 0.05546875 0.09140625
1 0.4875 0.259375 0.08984375 0.12578125
1 0.26328125 0.32265625 0.084375 0.12734375
1 0.22578125 0.22734375 0.0625 0.096875
1 0.1421875 0.409375 0.1015625 0.140625
1 0.08125 0.53515625 0.134375 0.13359375
1 0.11796875 0.66875 0.15546875 0.19453125
1 0.33515625 0.8921875 0.19609375 0.18828125