1 0.35078125 0.21875 0.015625 0.03984375
1 0.41015625 0.2578125 0.0203125 0.03828125
1 0.428125 0.23203125 0.015625 0.0296875
1 0.44765625 0.22890625 0.01796875 0.03984375
1 0.51171875 0.2296875 0.01953125 0.03828125
1 0.5234375 0.203125 0.01484375 0.03125
1 0.54609375 0.2046875 0.01484375 0.03515625
1 0.603125 0.16171875 0.015625 0.03828125
1 0.63359375 0.15078125 0.0125 0.0265625
1 0.64765625 0.2671875 0.021875 0.03984375
1 0.675 0.20234375 0.01875 0.04296875
1 0.715625 0.2015625 0.021875 0.03515625
1 0.73203125 0.3078125 0.02890625 0.0546875
1 0.85390625 0.34765625 0.025 0.0546875
1 0.88203125 0.29296875 0.01796875 0.0515625
1 0.84609375 0.240625 0.015625 0.03671875
1 0.85703125 0.21171875 0.015625 0.03828125
1 0.90390625 0.23515625 0.0140625 0.0328125
1 0.9265625 0.259375 0.0171875 0.03828125
1 0.9578125 0.253125 0.01953125 0.03125