1 0.12578125 0.62890625 0.0265625 0.07109375
1 0.07421875 0.5375 0.021875 0.0578125
1 0.07421875 0.446875 0.01796875 0.05625
1 0.19375 0.46171875 0.01875 0.0671875
1 0.234375 0.3875 0.01640625 0.05078125
1 0.24140625 0.3125 0.01875 0.0390625
1 0.1703125 0.27421875 0.01484375 0.0375
1 0.17890625 0.1859375 0.0140625 0.03359375
1 0.1625 0.1875 0.0125 0.0296875
1 0.11171875 0.21015625 0.015625 0.0375
1 0.0359375 0.19453125 0.0140625 0.028125
1 0.04140625 0.25703125 0.01484375 0.04140625
1 0.196875 0.12890625 0.0109375 0.03203125
1 0.2234375 0.14140625 0.01171875 0.028125
1 0.2453125 0.11640625 0.01171875 0.0375
1 0.2984375 0.14375 0.0109375 0.028125
1 0.29921875 0.16953125 0.015625 0.0390625
1 0.28828125 0.2046875 0.01328125 0.04140625
1 0.315625 0.24375 0.015625 0.0375
1 0.3578125 0.21484375 0.01484375 0.04296875
1 0.37578125 0.17890625 0.01484375 0.0390625
1 0.4140625 0.16953125 0.0140625 0.0390625
1 0.36015625 0.08515625 0.01015625 0.03203125
1 0.403125 0.090625 0.0109375 0.028125
1 0.434375 0.09453125 0.01171875 0.02421875
1 0.4578125 0.14140625 0.01328125 0.028125
1 0.4671875 0.13203125 0.0125 0.028125
1 0.48203125 0.075 0.0109375 0.0296875
1 0.5015625 0.04140625 0.01328125 0.0296875
1 0.52578125 0.07890625 0.01015625 0.02265625
1 0.50234375 0.178125 0.01328125 0.0375
1 0.49375 0.22890625 0.01328125 0.04140625
1 0.4796875 0.303125 0.01875 0.0390625
1 0.54765625 0.17734375 0.01328125 0.028125
1 0.57265625 0.2046875 0.015625 0.03359375
1 0.56171875 0.32109375 0.01796875 0.0484375
1 0.5265625 0.4828125 0.0265625 0.0546875
1 0.68828125 0.3515625 0.01953125 0.046875
1 0.7140625 0.28359375 0.01484375 0.0375
1 0.6328125 0.253125 0.01484375 0.0296875
1 0.64921875 0.14921875 0.0109375 0.028125
1 0.5796875 0.14921875 0.01171875 0.02421875
1 0.5984375 0.14453125 0.01171875 0.0265625
1 0.62265625 0.11328125 0.01171875 0.028125
1 0.590625 0.0953125 0.01015625 0.02265625
1 0.7046875 0.22890625 0.0125 0.03359375
1 0.71484375 0.21640625 0.0109375 0.03203125
1 0.7328125 0.215625 0.0125 0.0296875
1 0.77734375 0.21328125 0.0140625 0.03203125
1 0.81796875 0.23984375 0.01484375 0.0375
1 0.7765625 0.3703125 0.02109375 0.0578125
1 0.85859375 0.28359375 0.0140625 0.03359375
1 0.9296875 0.38203125 0.015625 0.0390625