1 0.20234375 0.478125 0.05078125 0.1015625
1 0.3953125 0.478125 0.0703125 0.14765625
1 0.27265625 0.22734375 0.01953125 0.0390625
1 0.303125 0.2140625 0.0171875 0.0359375
1 0.328125 0.178125 0.01640625 0.0390625
1 0.32734375 0.23515625 0.01796875 0.03125
1 0.321875 0.2140625 0.01484375 0.0296875
1 0.35078125 0.1921875 0.01953125 0.034375
1 0.36171875 0.2421875 0.02109375 0.0390625
1 0.3796875 0.2 0.01796875 0.0390625
1 0.37421875 0.16484375 0.01484375 0.03125
1 0.40625 0.25546875 0.02421875 0.04609375
1 0.40703125 0.21171875 0.01953125 0.040625
1 0.43984375 0.2015625 0.025 0.0359375
1 0.43125 0.128125 0.01796875 0.028125
1 0.46640625 0.11484375 0.01484375 0.0328125
1 0.47890625 0.14296875 0.01484375 0.034375
1 0.47421875 0.15234375 0.01640625 0.0296875
1 0.4953125 0.18828125 0.025 0.0328125
1 0.471875 0.1828125 0.02109375 0.034375
1 0.50625 0.15 0.01484375 0.03125
1 0.4953125 0.11015625 0.01171875 0.02421875
1 0.5171875 0.12578125 0.0140625 0.0328125
1 0.52890625 0.125 0.01171875 0.02421875
1 0.54453125 0.12421875 0.01171875 0.0296875
1 0.54921875 0.16484375 0.01640625 0.03125
1 0.59609375 0.11328125 0.015625 0.0328125
1 0.60859375 0.115625 0.0109375 0.028125
1 0.61640625 0.1015625 0.0109375 0.01953125
1 0.64140625 0.10625 0.01484375 0.0296875
1 0.6484375 0.13125 0.015625 0.0296875
1 0.671875 0.115625 0.0140625 0.028125
1 0.703125 0.109375 0.01484375 0.0296875
1 0.62421875 0.17109375 0.0140625 0.03125
1 0.590625 0.15078125 0.02578125 0.0265625
1 0.55625 0.228125 0.02265625 0.04765625
1 0.5390625 0.20703125 0.0203125 0.040625
1 0.603125 0.2421875 0.0265625 0.05234375
1 0.6875 0.27734375 0.02421875 0.05703125
1 0.71875 0.31953125 0.028125 0.05546875
1 0.7453125 0.328125 0.03203125 0.0640625
1 0.78046875 0.2984375 0.02421875 0.05703125
1 0.90390625 0.38359375 0.028125 0.05078125
1 0.82109375 0.2640625 0.02421875 0.04765625
1 0.7546875 0.2421875 0.0203125 0.0421875
1 0.71953125 0.2296875 0.02109375 0.0375
1 0.67578125 0.21484375 0.02265625 0.04453125
1 0.71171875 0.19140625 0.01796875 0.0359375
1 0.7015625 0.1671875 0.01640625 0.0359375
1 0.728125 0.16953125 0.01484375 0.0375
1 0.74296875 0.196875 0.0171875 0.0375
1 0.7875 0.23046875 0.0171875 0.0390625
1 0.76953125 0.15390625 0.015625 0.0296875
1 0.78828125 0.1546875 0.0140625 0.028125
1 0.7953125 0.1359375 0.0140625 0.01953125
1 0.81796875 0.2015625 0.01953125 0.0328125
1 0.83828125 0.15546875 0.015625 0.0359375
1 0.84921875 0.1453125 0.01171875 0.0265625
1 0.8609375 0.1734375 0.01640625 0.0359375
1 0.8796875 0.26953125 0.0171875 0.0375
1 0.93359375 0.25546875 0.0171875 0.0421875
1 0.91796875 0.20625 0.0203125 0.0421875
1 0.91328125 0.175 0.0171875 0.0296875
1 0.9359375 0.16328125 0.0109375 0.0359375
1 0.9 0.19765625 0.0125 0.0421875
1 0.88984375 0.18828125 0.0125 0.0390625