1 0.9828125 0.259375 0.0109375 0.03828125
1 0.9515625 0.2484375 0.0109375 0.03828125
1 0.92890625 0.27265625 0.0125 0.03828125
1 0.9765625 0.31171875 0.0125 0.03984375
1 0.97265625 0.33671875 0.01328125 0.04453125
1 0.9765625 0.3734375 0.01484375 0.0484375
1 0.9515625 0.3859375 0.01796875 0.06015625
1 0.928125 0.34921875 0.015625 0.0515625
1 0.95546875 0.48203125 0.0203125 0.07265625
1 0.875 0.43125 0.021875 0.07109375
1 0.8609375 0.49140625 0.02578125 0.08828125
1 0.8609375 0.36953125 0.0171875 0.05546875
1 0.8703125 0.31796875 0.0171875 0.04453125
1 0.8671875 0.23203125 0.0109375 0.03984375
1 0.9046875 0.2328125 0.01328125 0.03828125
1 0.90078125 0.2625 0.01328125 0.04140625
1 0.884375 0.24296875 0.0125 0.0296875
1 0.8859375 0.28046875 0.015625 0.05390625
1 0.80703125 0.19375 0.01328125 0.04453125
1 0.8296875 0.2203125 0.0140625 0.04296875
1 0.81796875 0.22421875 0.015625 0.04140625
1 0.81171875 0.30078125 0.01796875 0.05859375
1 0.790625 0.26015625 0.01640625 0.05390625
1 0.78671875 0.20859375 0.01484375 0.04140625
1 0.7671875 0.18984375 0.01484375 0.03828125
1 0.74609375 0.19453125 0.01171875 0.0359375
1 0.746875 0.30390625 0.01796875 0.05546875
1 0.72890625 0.22265625 0.0140625 0.03828125
1 0.7359375 0.23984375 0.0140625 0.0484375
1 0.72421875 0.28515625 0.01796875 0.0515625
1 0.6921875 0.2109375 0.01484375 0.04453125
1 0.684375 0.1375 0.01171875 0.0328125
1 0.6828125 0.1640625 0.0140625 0.03125
1 0.703125 0.16484375 0.0109375 0.0296875
1 0.62578125 0.13046875 0.01171875 0.0359375
1 0.59296875 0.11640625 0.01171875 0.0328125
1 0.56953125 0.13671875 0.01328125 0.034375
1 0.60078125 0.15859375 0.0140625 0.03828125
1 0.5453125 0.14140625 0.0125 0.03828125
1 0.5484375 0.16484375 0.01328125 0.0359375
1 0.5734375 0.175 0.0140625 0.04296875
1 0.57109375 0.2 0.0140625 0.04140625
1 0.51015625 0.1703125 0.01484375 0.046875
1 0.51640625 0.1640625 0.01328125 0.04140625
1 0.54296875 0.22734375 0.01484375 0.046875
1 0.4828125 0.15390625 0.0140625 0.03828125
1 0.484375 0.1609375 0.0140625 0.04140625
1 0.48359375 0.21484375 0.01640625 0.05
1 0.41640625 0.16875 0.01328125 0.0328125
1 0.42421875 0.1953125 0.0140625 0.04140625
1 0.434375 0.16640625 0.0140625 0.03984375
1 0.46015625 0.24921875 0.01796875 0.05390625
1 0.3796875 0.18984375 0.01484375 0.03828125
1 0.384375 0.2484375 0.0140625 0.04453125
1 0.4265625 0.3109375 0.01796875 0.05859375
1 0.2953125 0.21640625 0.0171875 0.03984375
1 0.30703125 0.22890625 0.021875 0.05
1 0.33671875 0.21328125 0.01484375 0.04296875
1 0.34921875 0.19765625 0.01484375 0.0359375
1 0.35546875 0.26953125 0.01796875 0.05859375
1 0.2546875 0.24140625 0.015625 0.03828125
1 0.18125 0.29609375 0.015625 0.046875
1 0.21171875 0.29296875 0.01875 0.05
1 0.78515625 0.4515625 0.02421875 0.09140625
1 0.72578125 0.41875 0.021875 0.07109375
1 0.65234375 0.42421875 0.02578125 0.0671875
1 0.609375 0.29375 0.01796875 0.05546875
1 0.659375 0.24765625 0.01953125 0.06015625
1 0.64921875 0.14296875 0.01171875 0.04140625
1 0.66015625 0.13828125 0.01328125 0.034375
1 0.65234375 0.17890625 0.0125 0.03984375
1 0.6046875 0.17734375 0.0140625 0.03984375
1 0.6046875 0.19453125 0.01328125 0.04296875
1 0.56796875 0.340625 0.0203125 0.065625
1 0.60390625 0.3671875 0.021875 0.0671875
1 0.07109375 0.5703125 0.046875 0.12109375