1 0.16484375 0.5015625 0.04609375 0.09765625
1 0.2265625 0.35234375 0.01953125 0.0359375
1 0.25859375 0.3609375 0.01875 0.0453125
1 0.2890625 0.38359375 0.0203125 0.0453125
1 0.29375 0.3125 0.01875 0.040625
1 0.3375 0.37578125 0.02265625 0.05546875
1 0.3609375 0.33828125 0.01640625 0.03125
1 0.359375 0.303125 0.01953125 0.0296875
1 0.39140625 0.35078125 0.0203125 0.0390625
1 0.41640625 0.34609375 0.021875 0.0453125
1 0.4140625 0.3125 0.01640625 0.03125
1 0.41015625 0.28828125 0.015625 0.028125
1 0.403125 0.26875 0.015625 0.03125
1 0.43203125 0.2734375 0.01484375 0.028125
1 0.45234375 0.27265625 0.01484375 0.0359375
1 0.44453125 0.32265625 0.021875 0.0421875
1 0.47578125 0.3125 0.01796875 0.034375
1 0.4796875 0.3609375 0.02734375 0.0421875
1 0.5125 0.3296875 0.0171875 0.0390625
1 0.47890625 0.2796875 0.0171875 0.028125
1 0.46875 0.25390625 0.01328125 0.028125
1 0.47578125 0.246875 0.0171875 0.03125
1 0.5078125 0.2765625 0.0171875 0.034375
1 0.525 0.29140625 0.0171875 0.034375
1 0.54921875 0.2578125 0.01640625 0.0296875
1 0.5609375 0.2953125 0.01875 0.0390625
1 0.59140625 0.26953125 0.01640625 0.0296875
1 0.58359375 0.25859375 0.01328125 0.028125
1 0.57890625 0.22890625 0.0125 0.02578125
1 0.6140625 0.2328125 0.015625 0.028125
1 0.62890625 0.2515625 0.01171875 0.02421875
1 0.62421875 0.2140625 0.01171875 0.02734375
1 0.64140625 0.22890625 0.01484375 0.02265625
1 0.653125 0.25625 0.01328125 0.02421875
1 0.6890625 0.2390625 0.015625 0.02578125
1 0.68125 0.22265625 0.01328125 0.028125
1 0.5921875 0.2328125 0.0109375 0.02578125
1 0.51328125 0.39609375 0.03046875 0.06328125
1 0.553125 0.421875 0.028125 0.05859375
1 0.6046875 0.39453125 0.0265625 0.05703125
1 0.609375 0.340625 0.025 0.0453125
1 0.628125 0.44609375 0.03515625 0.0734375
1 0.65703125 0.48515625 0.03828125 0.0671875
1 0.6796875 0.384375 0.0265625 0.04375
1 0.66171875 0.36171875 0.02421875 0.040625
1 0.646875 0.3234375 0.02109375 0.040625
1 0.6859375 0.2921875 0.01953125 0.0390625
1 0.72265625 0.26328125 0.01796875 0.0375
1 0.70078125 0.2390625 0.015625 0.03125
1 0.73046875 0.315625 0.01875 0.040625
1 0.70625 0.36796875 0.02421875 0.04921875
1 0.75703125 0.42734375 0.02734375 0.05703125
1 0.721875 0.5296875 0.04609375 0.08515625
1 0.82421875 0.51640625 0.03515625 0.05859375
1 0.74609375 0.26015625 0.015625 0.034375
1 0.76640625 0.27265625 0.0171875 0.0359375
1 0.78359375 0.29453125 0.01796875 0.0375
1 0.76484375 0.23203125 0.01484375 0.0296875
1 0.8015625 0.24765625 0.0171875 0.0296875
1 0.80234375 0.27578125 0.0171875 0.0328125
1 0.83046875 0.25625 0.01875 0.0390625
1 0.8390625 0.3171875 0.0203125 0.034375
1 0.86171875 0.26875 0.0171875 0.034375
1 0.87265625 0.28203125 0.015625 0.0328125
1 0.88203125 0.284375 0.0125 0.028125
1 0.89453125 0.26875 0.01328125 0.03125
1 0.87109375 0.321875 0.01953125 0.0375
1 0.88515625 0.37734375 0.025 0.05859375
1 0.83125 0.37109375 0.02265625 0.05234375
1 0.80703125 0.43984375 0.0265625 0.05859375
1 0.8703125 0.4671875 0.03203125 0.0703125
1 0.934375 0.4734375 0.03046875 0.065625
1 0.9390625 0.4125 0.01953125 0.05078125
1 0.95078125 0.371875 0.01875 0.0390625
1 0.92421875 0.34296875 0.01796875 0.0453125
1 0.92421875 0.28828125 0.01875 0.040625
1 0.95703125 0.3171875 0.01796875 0.03125
1 0.95 0.34453125 0.0203125 0.0359375
1 0.96015625 0.29296875 0.01640625 0.03125