1 0.16328125 0.46796875 0.04453125 0.0921875
1 0.23671875 0.3421875 0.01796875 0.03671875
1 0.265625 0.35 0.02109375 0.046875
1 0.29453125 0.3671875 0.02421875 0.046875
1 0.28984375 0.30859375 0.01953125 0.03984375
1 0.33828125 0.37578125 0.0234375 0.05
1 0.3578125 0.29453125 0.015625 0.0328125
1 0.375 0.32421875 0.0140625 0.03828125
1 0.38671875 0.33984375 0.01796875 0.034375
1 0.41171875 0.3390625 0.0203125 0.03828125
1 0.43125 0.35 0.01875 0.046875
1 0.41328125 0.2984375 0.01640625 0.03671875
1 0.403125 0.28125 0.0140625 0.03125
1 0.39921875 0.25625 0.01484375 0.0328125
1 0.43203125 0.28203125 0.01328125 0.0328125
1 0.44609375 0.31328125 0.02109375 0.03828125
1 0.47109375 0.3046875 0.01640625 0.0328125
1 0.42734375 0.26171875 0.0140625 0.02265625
1 0.47265625 0.26796875 0.01640625 0.0328125
1 0.459375 0.25078125 0.015625 0.02734375
1 0.46953125 0.24140625 0.01484375 0.02578125
1 0.50234375 0.259375 0.01484375 0.0296875
1 0.515625 0.27578125 0.0171875 0.028125
1 0.51953125 0.25078125 0.01484375 0.02734375
1 0.53828125 0.25078125 0.0171875 0.0328125
1 0.54921875 0.27578125 0.01640625 0.034375
1 0.56640625 0.25625 0.01875 0.03515625
1 0.553125 0.2265625 0.01484375 0.02734375
1 0.571875 0.22578125 0.0140625 0.02578125
1 0.60078125 0.22421875 0.01328125 0.02578125
1 0.60234375 0.253125 0.0171875 0.028125
1 0.61328125 0.20625 0.0125 0.028125
1 0.62578125 0.21484375 0.0125 0.02734375
1 0.64609375 0.25 0.01484375 0.028125
1 0.6578125 0.21875 0.01171875 0.02578125
1 0.6734375 0.23203125 0.0140625 0.02734375
1 0.6875 0.23125 0.01328125 0.03125
1 0.5234375 0.31171875 0.0203125 0.04140625
1 0.50078125 0.3703125 0.0296875 0.0609375
1 0.546875 0.40390625 0.02578125 0.05234375
1 0.540625 0.37421875 0.0296875 0.04140625
1 0.59921875 0.325 0.025 0.0484375
1 0.58046875 0.41953125 0.02421875 0.046875
1 0.61484375 0.43203125 0.03125 0.07109375
1 0.66328125 0.45546875 0.03203125 0.07265625
1 0.665625 0.36640625 0.02734375 0.05390625
1 0.64609375 0.340625 0.01953125 0.05078125
1 0.6359375 0.309375 0.02109375 0.04296875
1 0.6828125 0.2671875 0.01328125 0.03125
1 0.703125 0.26171875 0.015625 0.034375
1 0.715625 0.2859375 0.01640625 0.03828125
1 0.73828125 0.2515625 0.0125 0.03125
1 0.74765625 0.26953125 0.01875 0.0328125
1 0.74375 0.22265625 0.0140625 0.03125
1 0.77734375 0.2375 0.01484375 0.03671875
1 0.765625 0.284375 0.0125 0.03125
1 0.809375 0.24921875 0.01484375 0.0328125
1 0.8109375 0.30625 0.01796875 0.03828125
1 0.821875 0.33984375 0.0171875 0.03984375
1 0.8078125 0.36953125 0.02421875 0.0484375
1 0.7828125 0.41328125 0.02890625 0.059375
1 0.74140625 0.403125 0.0265625 0.0484375
1 0.68828125 0.346875 0.02265625 0.0484375
1 0.7109375 0.5 0.03671875 0.0796875
1 0.8328125 0.5109375 0.03515625 0.078125
1 0.84765625 0.4671875 0.03125 0.05703125
1 0.8625 0.41328125 0.025 0.059375
1 0.87265625 0.35 0.02109375 0.03828125
1 0.8421875 0.30703125 0.0171875 0.034375
1 0.85390625 0.28515625 0.0140625 0.034375
1 0.85859375 0.2640625 0.015625 0.028125
1 0.83984375 0.25703125 0.015625 0.034375
1 0.871875 0.2578125 0.01328125 0.0328125
1 0.896875 0.29140625 0.0140625 0.03984375
1 0.8828125 0.3203125 0.01953125 0.04140625
1 0.90546875 0.4703125 0.02890625 0.06796875
1 0.915625 0.3984375 0.02421875 0.05234375
1 0.9265625 0.35703125 0.0203125 0.046875
1 0.921875 0.32734375 0.0171875 0.03515625
1 0.93203125 0.315625 0.01484375 0.03671875
1 0.9328125 0.28515625 0.0140625 0.0296875