1 0.0515625 0.378125 0.0296875 0.053125
1 0.27265625 0.26328125 0.01796875 0.034375
1 0.2609375 0.2484375 0.01484375 0.03125
1 0.31171875 0.24609375 0.021875 0.04609375
1 0.34765625 0.2578125 0.01796875 0.0328125
1 0.32890625 0.21328125 0.01328125 0.0296875
1 0.35390625 0.225 0.01875 0.0296875
1 0.3609375 0.2875 0.01796875 0.0296875
1 0.384375 0.2890625 0.0203125 0.03671875
1 0.39296875 0.221875 0.015625 0.0328125
1 0.38359375 0.184375 0.01328125 0.03125
1 0.4046875 0.17734375 0.0125 0.028125
1 0.44296875 0.23125 0.0234375 0.03671875
1 0.471875 0.2296875 0.01953125 0.03984375
1 0.4578125 0.15078125 0.0171875 0.01953125
1 0.5015625 0.13359375 0.01015625 0.0265625
1 0.584375 0.16796875 0.01796875 0.028125
1 0.56484375 0.11796875 0.01328125 0.03125
1 0.503125 0.296875 0.0234375 0.04453125
1 0.571875 0.3 0.02265625 0.0546875
1 0.62109375 0.3015625 0.02265625 0.0546875
1 0.5640625 0.23828125 0.02265625 0.04609375
1 0.5203125 0.22734375 0.02421875 0.03828125
1 0.6203125 0.2421875 0.01875 0.04765625
1 0.6578125 0.284375 0.025 0.04609375
1 0.70390625 0.2875 0.0234375 0.04921875
1 0.7703125 0.2921875 0.021875 0.04609375
1 0.840625 0.325 0.01875 0.0546875
1 0.8609375 0.23828125 0.01796875 0.03671875
1 0.75703125 0.2375 0.01796875 0.03828125
1 0.728125 0.2296875 0.01796875 0.03671875
1 0.8265625 0.21015625 0.0140625 0.0328125
1 0.65546875 0.215625 0.0203125 0.034375
1 0.62265625 0.20234375 0.01875 0.03125
1 0.61875 0.14453125 0.0140625 0.025
1 0.6 0.14609375 0.01328125 0.028125
1 0.55234375 0.15859375 0.015625 0.0296875
1 0.53359375 0.165625 0.015625 0.0234375
1 0.51328125 0.18828125 0.0171875 0.0234375
1 0.4796875 0.1953125 0.0171875 0.0296875
1 0.44453125 0.18984375 0.0171875 0.0296875
1 0.67421875 0.11796875 0.015625 0.028125
1 0.64765625 0.11796875 0.0171875 0.025
1 0.63984375 0.13984375 0.01484375 0.025
1 0.61015625 0.1171875 0.0109375 0.01953125
1 0.7375 0.1140625 0.0125 0.0328125
1 0.7203125 0.16953125 0.01328125 0.025
1 0.696875 0.18046875 0.0171875 0.0328125
1 0.6609375 0.184375 0.0125 0.028125
1 0.73046875 0.19609375 0.01796875 0.025
1 0.7515625 0.134375 0.0125 0.021875
1 0.76328125 0.128125 0.01328125 0.021875
1 0.76328125 0.165625 0.01484375 0.03671875
1 0.7890625 0.16171875 0.0140625 0.0328125
1 0.778125 0.14453125 0.0109375 0.03125
1 0.85390625 0.16484375 0.0109375 0.03828125
1 0.92109375 0.26015625 0.015625 0.04765625
1 0.8890625 0.2046875 0.0171875 0.04296875
1 0.88203125 0.16484375 0.015625 0.03828125
1 0.89453125 0.16328125 0.01015625 0.03984375
1 0.90234375 0.1921875 0.0109375 0.028125
1 0.83984375 0.19921875 0.01328125 0.028125
1 0.90703125 0.234375 0.01328125 0.03984375
1 0.76484375 0.2125 0.021875 0.04765625
1 0.56796875 0.15546875 0.01328125 0.0296875
1 0.33359375 0.2546875 0.0171875 0.03671875
1 0.47265625 0.1703125 0.015625 0.0328125
1 0.8375 0.153125 0.015625 0.03125
1 0.70703125 0.15234375 0.0125 0.0234375
1 0.69453125 0.15546875 0.015625 0.03671875
1 0.59453125 0.12734375 0.0140625 0.0265625