1 0.259375 0.4578125 0.0484375 0.096875
1 0.20703125 0.45546875 0.0484375 0.0953125
1 0.309375 0.29609375 0.02421875 0.0359375
1 0.3640625 0.2640625 0.02734375 0.05078125
1 0.42265625 0.27734375 0.028125 0.04453125
1 0.47421875 0.3296875 0.02265625 0.05390625
1 0.4171875 0.2296875 0.01953125 0.034375
1 0.44453125 0.228125 0.0171875 0.03125
1 0.4484375 0.1875 0.01328125 0.0328125
1 0.48125 0.1984375 0.01953125 0.034375
1 0.465625 0.15078125 0.0140625 0.025
1 0.48203125 0.14609375 0.0125 0.02265625
1 0.52578125 0.14609375 0.02265625 0.0328125
1 0.55078125 0.14609375 0.015625 0.0328125
1 0.58359375 0.1421875 0.01484375 0.03125
1 0.5390625 0.19921875 0.0234375 0.0359375
1 0.6546875 0.25234375 0.02890625 0.04765625
1 0.7125 0.284375 0.03046875 0.04921875
1 0.76640625 0.29140625 0.02578125 0.05234375
1 0.8796875 0.21640625 0.01796875 0.04765625
1 0.79609375 0.18125 0.01875 0.04296875
1 0.75625 0.115625 0.01875 0.028125
1 0.80546875 0.12265625 0.01328125 0.03125
1 0.69765625 0.15078125 0.01875 0.04140625
1 0.709375 0.1453125 0.01875 0.03125
1 0.7421875 0.14140625 0.015625 0.0359375
1 0.471875 0.18984375 0.01484375 0.034375