1 0.803125 0.2453125 0.03046875 0.08125
1 0.8578125 0.27109375 0.0359375 0.08671875
1 0.68046875 0.046875 0.0109375 0.0265625
1 0.6625 0.10859375 0.01484375 0.03515625
1 0.715625 0.1203125 0.0140625 0.03828125
1 0.36640625 0.1703125 0.01328125 0.03125
1 0.42578125 0.16640625 0.015625 0.03671875
1 0.13828125 0.36328125 0.0265625 0.075
1 0.10234375 0.38203125 0.0234375 0.053125
1 0.08515625 0.44609375 0.0234375 0.0515625
1 0.16875 0.4890625 0.034375 0.078125
1 0.2 0.3421875 0.0203125 0.053125
1 0.22265625 0.334375 0.0234375 0.06484375