1 0.20078125 0.39609375 0.03828125 0.078125
1 0.23046875 0.271875 0.02734375 0.05390625
1 0.2734375 0.240625 0.01796875 0.03125
1 0.28046875 0.26171875 0.021875 0.02734375
1 0.29375 0.25234375 0.01875 0.040625
1 0.31171875 0.228125 0.01953125 0.0296875
1 0.3453125 0.25859375 0.0203125 0.04375
1 0.3640625 0.259375 0.0203125 0.0421875
1 0.38515625 0.25859375 0.021875 0.04375
1 0.346875 0.215625 0.0203125 0.0359375
1 0.359375 0.1953125 0.015625 0.03125
1 0.378125 0.20390625 0.0171875 0.0296875
1 0.39765625 0.22109375 0.0203125 0.0375
1 0.4078125 0.190625 0.0171875 0.0390625
1 0.44140625 0.18828125 0.01875 0.040625
1 0.43046875 0.240625 0.0234375 0.0375
1 0.46875 0.23359375 0.021875 0.0390625
1 0.47265625 0.2015625 0.01953125 0.040625
1 0.4546875 0.16015625 0.0171875 0.0390625
1 0.49296875 0.153125 0.01484375 0.0328125
1 0.5015625 0.18828125 0.01875 0.0375
1 0.52890625 0.1953125 0.021875 0.040625
1 0.5359375 0.16015625 0.01953125 0.0328125
1 0.55703125 0.1578125 0.01796875 0.03125
1 0.56328125 0.12578125 0.0140625 0.0296875
1 0.578125 0.13984375 0.01484375 0.02734375
1 0.5875 0.16015625 0.0203125 0.0359375
1 0.5890625 0.1234375 0.0125 0.034375
1 0.6078125 0.13046875 0.0125 0.0296875
1 0.61484375 0.14453125 0.0171875 0.02734375
1 0.64140625 0.1265625 0.01875 0.03125
1 0.67578125 0.1140625 0.0171875 0.0359375
1 0.61484375 0.2140625 0.02265625 0.0390625
1 0.57890625 0.2234375 0.021875 0.04921875
1 0.5421875 0.31796875 0.02890625 0.071875
1 0.490625 0.31328125 0.02890625 0.05546875
1 0.596875 0.32890625 0.03203125 0.06328125
1 0.60625 0.26171875 0.028125 0.06328125
1 0.66640625 0.25859375 0.02890625 0.06015625
1 0.66484375 0.2171875 0.02421875 0.0453125
1 0.66796875 0.1765625 0.01875 0.0359375
1 0.6890625 0.196875 0.01875 0.040625
1 0.70546875 0.22421875 0.0234375 0.04765625
1 0.684375 0.15625 0.01796875 0.0390625
1 0.70859375 0.1484375 0.01796875 0.0328125
1 0.71796875 0.17109375 0.01796875 0.0328125
1 0.7375 0.19609375 0.02265625 0.0421875
1 0.7140625 0.28828125 0.0265625 0.05703125
1 0.73515625 0.134375 0.015625 0.02734375
1 0.76171875 0.1703125 0.01953125 0.0375
1 0.76953125 0.13359375 0.01484375 0.0359375
1 0.7859375 0.14765625 0.0171875 0.034375
1 0.7875 0.18828125 0.02265625 0.04375
1 0.76875 0.22421875 0.02421875 0.04765625
1 0.78671875 0.24375 0.0203125 0.05390625
1 0.80703125 0.17734375 0.01796875 0.04375
1 0.8265625 0.1421875 0.01953125 0.0421875
1 0.84296875 0.18515625 0.0203125 0.034375
1 0.82578125 0.1984375 0.01875 0.040625
1 0.85625 0.1671875 0.01484375 0.040625
1 0.8921875 0.1515625 0.0125 0.0328125
1 0.8890625 0.19375 0.01484375 0.0421875
1 0.88984375 0.1734375 0.0140625 0.03125
1 0.8578125 0.2578125 0.02421875 0.05546875
1 0.91640625 0.28046875 0.021875 0.0453125
1 0.9234375 0.2359375 0.0234375 0.05078125
1 0.8359375 0.3421875 0.028125 0.06171875