1 0.2578125 0.40234375 0.05 0.109375
1 0.28984375 0.21015625 0.025 0.0421875
1 0.33671875 0.21640625 0.0234375 0.04765625
1 0.3796875 0.19375 0.0171875 0.0328125
1 0.40859375 0.2125 0.02265625 0.04765625
1 0.46484375 0.15234375 0.025 0.04375
1 0.55625 0.16484375 0.025 0.05859375
1 0.578125 0.07578125 0.01484375 0.03125
1 0.64296875 0.115625 0.0140625 0.0296875
1 0.6453125 0.1484375 0.01796875 0.02265625
1 0.753125 0.14140625 0.01484375 0.02734375
1 0.7703125 0.14375 0.0171875 0.0328125
1 0.86796875 0.190625 0.0140625 0.0359375
1 0.9359375 0.18671875 0.01484375 0.034375
1 0.890625 0.2578125 0.0171875 0.0421875
1 0.9171875 0.25078125 0.01953125 0.04765625
1 0.8234375 0.25234375 0.0234375 0.05390625