1 0.871875 0.1890625 0.01171875 0.0359375
1 0.89453125 0.21796875 0.0125 0.0359375
1 0.89375 0.2546875 0.015625 0.040625
1 0.91875 0.24921875 0.015625 0.0390625
1 0.94140625 0.19453125 0.0109375 0.03125
1 0.8265625 0.25859375 0.01875 0.04921875
1 0.75390625 0.146875 0.0109375 0.0296875
1 0.7703125 0.1484375 0.0109375 0.0296875
1 0.609375 0.10703125 0.01015625 0.02421875
1 0.62734375 0.13203125 0.01171875 0.0296875
1 0.653125 0.12109375 0.01015625 0.02421875
1 0.66171875 0.1421875 0.01171875 0.03125
1 0.42890625 0.1984375 0.015625 0.0421875
1 0.45234375 0.20234375 0.01875 0.0390625