1 0.165625 0.4640625 0.059375 0.115625
1 0.33984375 0.21328125 0.01953125 0.0453125
1 0.3484375 0.18828125 0.0171875 0.03203125
1 0.3421875 0.1765625 0.01640625 0.03515625
1 0.4140625 0.1953125 0.0203125 0.04375
1 0.446875 0.209375 0.021875 0.04375
1 0.48359375 0.21171875 0.01953125 0.0453125
1 0.4796875 0.1640625 0.0203125 0.03984375
1 0.45078125 0.16953125 0.0171875 0.03515625
1 0.4515625 0.1390625 0.01640625 0.03671875
1 0.42734375 0.140625 0.015625 0.03046875
1 0.421875 0.16953125 0.01796875 0.03828125
1 0.4796875 0.13515625 0.015625 0.0265625
1 0.50625 0.1375 0.01484375 0.03046875
1 0.540625 0.178125 0.0203125 0.03828125
1 0.53359375 0.15 0.0171875 0.03828125
1 0.51640625 0.12265625 0.0140625 0.025
1 0.4984375 0.109375 0.015625 0.021875
1 0.52890625 0.11015625 0.0140625 0.03359375
1 0.54296875 0.11875 0.0125 0.0234375
1 0.5625 0.146875 0.0171875 0.03671875
1 0.5875 0.15703125 0.01796875 0.03671875
1 0.60078125 0.134375 0.01484375 0.03515625
1 0.5890625 0.09921875 0.0109375 0.025
1 0.60546875 0.10625 0.0125 0.028125
1 0.6046875 0.08828125 0.0125 0.0234375
1 0.61640625 0.103125 0.01484375 0.028125
1 0.62265625 0.1390625 0.01796875 0.03671875
1 0.6359375 0.08828125 0.0140625 0.03046875
1 0.659375 0.09453125 0.015625 0.03515625
1 0.6546875 0.1265625 0.015625 0.03515625
1 0.678125 0.11171875 0.01015625 0.0234375
1 0.68828125 0.11171875 0.015625 0.03671875
1 0.7078125 0.1140625 0.01171875 0.03046875
1 0.621875 0.1875 0.02109375 0.05
1 0.57578125 0.2390625 0.021875 0.05
1 0.55390625 0.28203125 0.03046875 0.06875
1 0.52265625 0.2640625 0.03203125 0.06015625
1 0.60625 0.296875 0.0359375 0.07890625
1 0.628125 0.2375 0.025 0.053125
1 0.67109375 0.2421875 0.0265625 0.046875
1 0.66875 0.203125 0.0203125 0.0453125
1 0.66796875 0.1734375 0.01796875 0.0421875
1 0.68125 0.321875 0.04140625 0.08515625
1 0.7609375 0.33203125 0.03671875 0.07890625
1 0.7 0.19375 0.021875 0.04375
1 0.71953125 0.22109375 0.0265625 0.05
1 0.709375 0.15234375 0.01796875 0.03359375
1 0.72421875 0.12265625 0.0171875 0.03515625
1 0.74609375 0.16171875 0.015625 0.03828125
1 0.75625 0.13359375 0.01953125 0.03671875
1 0.75625 0.1078125 0.015625 0.028125
1 0.76953125 0.1078125 0.0109375 0.03203125
1 0.778125 0.12734375 0.01484375 0.03359375
1 0.775 0.1734375 0.0171875 0.0421875
1 0.78984375 0.20078125 0.021875 0.04375
1 0.77265625 0.27421875 0.028125 0.0671875
1 0.8359375 0.3484375 0.03515625 0.07890625
1 0.81015625 0.26328125 0.02578125 0.05859375
1 0.8125 0.15625 0.015625 0.03203125
1 0.81484375 0.190625 0.0171875 0.04375
1 0.83984375 0.2296875 0.025 0.0515625
1 0.8546875 0.2921875 0.02265625 0.05859375
1 0.86328125 0.2734375 0.01796875 0.0515625
1 0.8515625 0.17578125 0.01640625 0.04375
1 0.8328125 0.16484375 0.01640625 0.0453125
1 0.840625 0.14375 0.015625 0.03359375
1 0.86953125 0.16875 0.01484375 0.03671875
1 0.87578125 0.14296875 0.01484375 0.03515625
1 0.8890625 0.14453125 0.0125 0.03515625
1 0.89140625 0.1890625 0.0171875 0.04375
1 0.88359375 0.21953125 0.0171875 0.05546875
1 0.90234375 0.17578125 0.0140625 0.03671875
1 0.91015625 0.16171875 0.01484375 0.03828125
1 0.91640625 0.3296875 0.025 0.0734375
1 0.9296875 0.29765625 0.02578125 0.053125
1 0.9296875 0.23984375 0.01953125 0.0515625
1 0.9484375 0.2 0.01484375 0.03828125
1 0.94375 0.16015625 0.01953125 0.03984375