1 0.24921875 0.22578125 0.01953125 0.0453125
1 0.315625 0.17421875 0.0234375 0.05
1 0.38984375 0.2296875 0.02421875 0.046875
1 0.3828125 0.190625 0.01875 0.034375
1 0.40625 0.18984375 0.01640625 0.0328125
1 0.4234375 0.203125 0.015625 0.04140625
1 0.4421875 0.253125 0.02421875 0.0453125
1 0.459375 0.2078125 0.01953125 0.03984375
1 0.384375 0.12578125 0.01796875 0.0328125
1 0.38671875 0.0875 0.02265625 0.0328125
1 0.41171875 0.13125 0.01640625 0.0296875
1 0.42109375 0.10703125 0.015625 0.0296875
1 0.47421875 0.22890625 0.0203125 0.04140625
1 0.45078125 0.11015625 0.0203125 0.03671875
1 0.46171875 0.1328125 0.021875 0.03671875
1 0.48203125 0.0828125 0.015625 0.0296875
1 0.48125 0.11875 0.01484375 0.02578125
1 0.5046875 0.17265625 0.01875 0.03984375
1 0.48359375 0.203125 0.01875 0.034375
1 0.52421875 0.15 0.01640625 0.0296875
1 0.5265625 0.0953125 0.0125 0.028125
1 0.54765625 0.121875 0.01484375 0.02421875
1 0.56328125 0.09609375 0.01640625 0.0328125
1 0.5859375 0.10234375 0.01640625 0.03125
1 0.59921875 0.1234375 0.015625 0.03125
1 0.603125 0.1 0.01171875 0.02265625
1 0.56640625 0.128125 0.0125 0.02421875
1 0.63125 0.13203125 0.01484375 0.028125
1 0.6515625 0.14140625 0.0125 0.0296875
1 0.659375 0.103125 0.01484375 0.0296875
1 0.6859375 0.1140625 0.01875 0.0296875
1 0.67890625 0.065625 0.0109375 0.02109375
1 0.70703125 0.1109375 0.0140625 0.02109375
1 0.54921875 0.19375 0.0234375 0.04375
1 0.5578125 0.2734375 0.02578125 0.05390625
1 0.60625 0.2546875 0.02578125 0.05390625
1 0.6140625 0.2171875 0.01875 0.034375
1 0.64453125 0.2 0.02265625 0.04140625
1 0.56328125 0.16640625 0.01796875 0.034375
1 0.675 0.18671875 0.0203125 0.03984375
1 0.7078125 0.18515625 0.021875 0.03984375
1 0.74375 0.196875 0.02734375 0.05703125
1 0.7265625 0.14140625 0.0140625 0.0328125
1 0.615625 0.32890625 0.0265625 0.05703125
1 0.7875 0.2203125 0.01875 0.0453125
1 0.80078125 0.26328125 0.0265625 0.05390625
1 0.74375 0.1046875 0.015625 0.0296875
1 0.76796875 0.115625 0.01640625 0.03671875
1 0.82734375 0.1640625 0.01640625 0.0328125
1 0.8234375 0.1046875 0.01953125 0.04375
1 0.790625 0.16484375 0.01640625 0.03125
1 0.86328125 0.10078125 0.01640625 0.034375
1 0.9109375 0.1453125 0.01796875 0.03984375
1 0.88828125 0.190625 0.0265625 0.05546875
1 0.8578125 0.17890625 0.0203125 0.03828125
1 0.84296875 0.2234375 0.01796875 0.04375
1 0.9671875 0.29453125 0.03203125 0.078125
1 0.96484375 0.3875 0.0390625 0.08671875
1 0.93671875 0.19765625 0.028125 0.065625
1 0.9484375 0.17109375 0.0203125 0.05
1 0.9765625 0.1484375 0.015625 0.03671875
1 0.96640625 0.12734375 0.01484375 0.03671875