1 0.15625 0.2453125 0.021875 0.04140625
1 0.87890625 0.4265625 0.053125 0.11171875
1 0.590625 0.05234375 0.0171875 0.0390625
1 0.56484375 0.0640625 0.01484375 0.0328125
1 0.3765625 0.1671875 0.015625 0.0328125
1 0.43125 0.13984375 0.0171875 0.03515625
1 0.49609375 0.12421875 0.0125 0.021875
1 0.4625 0.1421875 0.01875 0.03515625
1 0.521875 0.12734375 0.01484375 0.0328125
1 0.53515625 0.109375 0.01875 0.03046875
1 0.428125 0.18125 0.02578125 0.0390625
1 0.4484375 0.18125 0.01953125 0.03046875
1 0.47578125 0.1859375 0.02734375 0.03046875
1 0.50625 0.178125 0.021875 0.04140625
1 0.54453125 0.14296875 0.015625 0.0328125
1 0.5984375 0.1484375 0.02421875 0.03515625
1 0.63828125 0.11875 0.015625 0.028125
1 0.66875 0.115625 0.01328125 0.0265625
1 0.734375 0.1484375 0.0171875 0.0390625
1 0.70390625 0.1890625 0.0171875 0.05
1 0.6578125 0.18671875 0.0234375 0.04140625
1 0.63359375 0.20390625 0.01953125 0.04140625
1 0.70859375 0.228125 0.01953125 0.04140625
1 0.771875 0.12578125 0.01484375 0.0328125
1 0.77734375 0.1734375 0.0171875 0.04140625
1 0.79375 0.20859375 0.01953125 0.05
1 0.87421875 0.2671875 0.01875 0.04140625
1 0.7953125 0.16015625 0.02109375 0.04140625
1 0.8078125 0.1515625 0.01328125 0.0375
1 0.8359375 0.17265625 0.01328125 0.03046875
1 0.9046875 0.18984375 0.02109375 0.03515625
1 0.93203125 0.22890625 0.015625 0.03515625
1 0.92109375 0.178125 0.01875 0.0375
1 0.94140625 0.1515625 0.01484375 0.0375
1 0.9359375 0.19296875 0.02734375 0.04140625
1 0.571875 0.13984375 0.015625 0.03046875
1 0.484375 0.14375 0.015625 0.0265625
1 0.7359375 0.1734375 0.0125 0.0328125
1 0.69765625 0.1640625 0.01953125 0.04765625
1 0.56484375 0.08828125 0.0171875 0.0375