1 0.33984375 0.20546875 0.0171875 0.028125
1 0.53125 0.20390625 0.02109375 0.03984375
1 0.54140625 0.22265625 0.02421875 0.05078125
1 0.58828125 0.21875 0.0203125 0.05078125
1 0.625 0.2 0.0203125 0.04375
1 0.6296875 0.2234375 0.025 0.053125
1 0.6640625 0.21328125 0.0203125 0.04765625
1 0.6796875 0.17421875 0.0203125 0.0453125
1 0.70546875 0.19296875 0.01796875 0.04140625
1 0.74609375 0.26953125 0.0234375 0.05078125
1 0.821875 0.26640625 0.02734375 0.0546875
1 0.8734375 0.27734375 0.0265625 0.05078125
1 0.88125 0.33046875 0.03984375 0.08515625
1 0.91953125 0.28984375 0.0203125 0.04921875
1 0.93515625 0.284375 0.021875 0.0640625