1 0.871875 0.2515625 0.01015625 0.02734375
1 0.8328125 0.25234375 0.01171875 0.02890625
1 0.8453125 0.265625 0.01171875 0.03125
1 0.8875 0.275 0.01328125 0.03046875
1 0.878125 0.3078125 0.01171875 0.0328125
1 0.86484375 0.33046875 0.01640625 0.03125
1 0.8390625 0.303125 0.0140625 0.034375
1 0.84921875 0.37578125 0.0203125 0.05625
1 0.9015625 0.296875 0.01328125 0.025
1 0.903125 0.325 0.01875 0.03125
1 0.925 0.346875 0.01640625 0.04296875
1 0.9234375 0.303125 0.0140625 0.03125
1 0.9296875 0.2703125 0.0125 0.02734375
1 0.80234375 0.24140625 0.01484375 0.03046875
1 0.80625 0.27578125 0.01328125 0.02734375
1 0.803125 0.29296875 0.01328125 0.03671875
1 0.9046875 0.4015625 0.01875 0.05078125
1 0.91171875 0.45 0.028125 0.06171875
1 0.8015625 0.33203125 0.0140625 0.03125
1 0.80546875 0.34921875 0.01953125 0.046875
1 0.83828125 0.44140625 0.025 0.059375
1 0.8125 0.49765625 0.03125 0.0703125
1 0.77890625 0.4140625 0.028125 0.05390625
1 0.775 0.2375 0.0125 0.03046875
1 0.78046875 0.2625 0.0140625 0.0359375
1 0.76875 0.2703125 0.0140625 0.03046875
1 0.73984375 0.23515625 0.01171875 0.02734375
1 0.72578125 0.24765625 0.01328125 0.034375
1 0.7 0.24609375 0.0140625 0.03046875
1 0.6890625 0.296875 0.015625 0.0359375
1 0.68203125 0.3515625 0.01953125 0.04375
1 0.71796875 0.390625 0.0265625 0.05625
1 0.65546875 0.3546875 0.02421875 0.0546875
1 0.6296875 0.2984375 0.01796875 0.03671875
1 0.6375 0.2421875 0.0125 0.02578125
1 0.66640625 0.27109375 0.015625 0.034375
1 0.66796875 0.20703125 0.00859375 0.0234375
1 0.66875 0.22578125 0.01171875 0.02578125
1 0.67890625 0.2234375 0.01171875 0.0203125
1 0.63359375 0.21953125 0.01015625 0.021875
1 0.59765625 0.20859375 0.00859375 0.025
1 0.6 0.2203125 0.01171875 0.02578125
1 0.60078125 0.24609375 0.01015625 0.025
1 0.59921875 0.3203125 0.0203125 0.046875
1 0.62890625 0.453125 0.0265625 0.07109375
1 0.690625 0.528125 0.02734375 0.06484375
1 0.58984375 0.434375 0.0265625 0.06484375
1 0.578125 0.40390625 0.02421875 0.04140625
1 0.54296875 0.396875 0.02265625 0.0578125
1 0.553125 0.275 0.01484375 0.0328125
1 0.578125 0.26171875 0.0125 0.02890625
1 0.58125 0.234375 0.01171875 0.02578125
1 0.56796875 0.21015625 0.01015625 0.01953125
1 0.5515625 0.22421875 0.01171875 0.02734375
1 0.53828125 0.25 0.0125 0.0328125
1 0.5359375 0.3484375 0.01953125 0.0484375
1 0.50078125 0.31796875 0.01484375 0.034375
1 0.51875 0.271875 0.0140625 0.03046875
1 0.50546875 0.25703125 0.01484375 0.0328125
1 0.5171875 0.24375 0.01015625 0.0234375
1 0.4765625 0.38984375 0.025 0.0546875
1 0.47265625 0.3 0.01484375 0.03125
1 0.471875 0.259375 0.01328125 0.025
1 0.46328125 0.2375 0.01171875 0.02734375
1 0.425 0.2546875 0.0125 0.0234375
1 0.4078125 0.29453125 0.0140625 0.03125
1 0.42109375 0.28515625 0.0125 0.02578125
1 0.41015625 0.325 0.0234375 0.03671875
1 0.4328125 0.30390625 0.01484375 0.0328125
1 0.4421875 0.32421875 0.01953125 0.04140625
1 0.38984375 0.25859375 0.01171875 0.02734375
1 0.35234375 0.290625 0.01484375 0.02890625
1 0.33359375 0.35234375 0.0203125 0.0453125
1 0.3515625 0.32421875 0.01484375 0.0328125
1 0.38125 0.33203125 0.0171875 0.03828125
1 0.28671875 0.30078125 0.0140625 0.03046875
1 0.26484375 0.3359375 0.015625 0.03984375
1 0.278125 0.36875 0.0140625 0.03671875
1 0.23046875 0.3328125 0.01484375 0.034375
1 0.09453125 0.5484375 0.03828125 0.07421875
1 0.70078125 0.2890625 0.0140625 0.034375
1 0.64609375 0.3375 0.02109375 0.05078125