1 0.084375 0.33515625 0.03984375 0.06171875
1 0.16796875 0.3328125 0.04296875 0.05703125
1 0.24375 0.31640625 0.04375 0.06171875
1 0.31171875 0.35 0.0359375 0.05859375
1 0.365625 0.3421875 0.03984375 0.06328125
1 0.41484375 0.35703125 0.0390625 0.05
1 0.49375 0.3453125 0.034375 0.0703125
1 0.55703125 0.3671875 0.03828125 0.05703125
1 0.628125 0.34375 0.0359375 0.05703125
1 0.71328125 0.33828125 0.03203125 0.0703125
1 0.7609375 0.31796875 0.0390625 0.0703125
1 0.821875 0.34375 0.034375 0.0703125
1 0.8671875 0.3203125 0.0375 0.0703125
1 0.39921875 0.52578125 0.03828125 0.071875
1 0.48671875 0.52578125 0.04375 0.078125
1 0.58671875 0.53125 0.04375 0.06328125
1 0.68203125 0.5140625 0.03984375 0.06875