1 0.1234375 0.53515625 0.05703125 0.11171875
1 0.21640625 0.27421875 0.02109375 0.0421875
1 0.2421875 0.28125 0.028125 0.053125
1 0.2890625 0.2328125 0.01953125 0.0375
1 0.30859375 0.2390625 0.0171875 0.040625
1 0.32109375 0.21015625 0.01953125 0.0484375
1 0.34375 0.21796875 0.01875 0.0453125
1 0.359375 0.20546875 0.01484375 0.0421875
1 0.37421875 0.19765625 0.0171875 0.0421875
1 0.38203125 0.25390625 0.01875 0.0515625
1 0.4015625 0.18515625 0.01484375 0.03125
1 0.4140625 0.228125 0.015625 0.0375
1 0.44140625 0.190625 0.01640625 0.034375
1 0.45078125 0.165625 0.0125 0.0265625
1 0.44140625 0.3046875 0.02421875 0.05
1 0.4640625 0.16484375 0.01328125 0.03125
1 0.47265625 0.1609375 0.015625 0.0359375
1 0.48515625 0.17265625 0.01953125 0.040625
1 0.50625 0.20703125 0.021875 0.0421875
1 0.48203125 0.24140625 0.02578125 0.0453125
1 0.55859375 0.21484375 0.02109375 0.0421875
1 0.50390625 0.15390625 0.0171875 0.0375
1 0.52578125 0.16953125 0.01640625 0.046875
1 0.5375 0.16015625 0.0140625 0.040625
1 0.56015625 0.14140625 0.0171875 0.034375
1 0.56640625 0.16015625 0.021875 0.040625
1 0.5859375 0.140625 0.01640625 0.0296875
1 0.5890625 0.1734375 0.01796875 0.0421875
1 0.58671875 0.2015625 0.01640625 0.040625
1 0.6046875 0.21328125 0.01875 0.0421875
1 0.6046875 0.13125 0.015625 0.0296875
1 0.6125 0.15546875 0.01484375 0.03125
1 0.61875 0.17734375 0.01875 0.0375
1 0.63828125 0.1296875 0.0140625 0.0359375
1 0.66171875 0.15234375 0.0125 0.034375
1 0.67109375 0.14453125 0.0125 0.03125
1 0.665625 0.1796875 0.01328125 0.0359375
1 0.6828125 0.18125 0.01484375 0.0328125
1 0.696875 0.1390625 0.015625 0.0328125
1 0.71875 0.15703125 0.0140625 0.034375
1 0.58359375 0.3265625 0.025 0.0421875
1 0.6171875 0.35078125 0.0234375 0.05
1 0.6234375 0.284375 0.02421875 0.059375
1 0.66171875 0.3953125 0.028125 0.07734375
1 0.66796875 0.24296875 0.02578125 0.0515625
1 0.7046875 0.21171875 0.01875 0.0453125
1 0.72890625 0.25390625 0.0203125 0.0390625
1 0.746875 0.221875 0.01875 0.040625
1 0.7609375 0.1953125 0.0140625 0.034375
1 0.7734375 0.18125 0.0140625 0.0328125
1 0.7828125 0.2046875 0.01640625 0.0375
1 0.81328125 0.18984375 0.0140625 0.0328125
1 0.79921875 0.2359375 0.015625 0.0375
1 0.8203125 0.221875 0.01484375 0.040625
1 0.8359375 0.20859375 0.01640625 0.0359375
1 0.8078125 0.29453125 0.01875 0.0578125
1 0.7578125 0.28359375 0.0234375 0.0484375
1 0.73125 0.38515625 0.0265625 0.06328125
1 0.803125 0.43046875 0.0390625 0.07578125
1 0.85859375 0.4984375 0.03125 0.08515625
1 0.8875 0.3828125 0.02265625 0.06796875
1 0.8625 0.33203125 0.0203125 0.05
1 0.871875 0.29765625 0.01640625 0.0453125
1 0.8875 0.290625 0.01796875 0.04375
1 0.86796875 0.22890625 0.0171875 0.0359375
1 0.878125 0.2171875 0.01484375 0.0375
1 0.9109375 0.228125 0.0125 0.040625
1 0.90546875 0.25234375 0.015625 0.0359375
1 0.93203125 0.2671875 0.0140625 0.0375
1 0.94765625 0.23984375 0.01484375 0.0390625
1 0.984375 0.25625 0.01484375 0.040625
1 0.97734375 0.3 0.01640625 0.034375
1 0.9734375 0.31640625 0.01484375 0.040625
1 0.97578125 0.34765625 0.01953125 0.046875
1 0.95 0.36953125 0.0203125 0.06328125
1 0.92734375 0.31796875 0.01484375 0.05
1 0.9609375 0.4484375 0.02109375 0.06640625