1 0.1015625 0.5265625 0.04765625 0.11015625
1 0.22734375 0.2578125 0.01875 0.0390625
1 0.240625 0.26015625 0.0203125 0.046875
1 0.26015625 0.246875 0.01875 0.046875
1 0.31484375 0.2390625 0.0203125 0.04375
1 0.31328125 0.20234375 0.02421875 0.0453125
1 0.34140625 0.2328125 0.0234375 0.05
1 0.353125 0.2125 0.01875 0.0515625
1 0.37890625 0.25546875 0.01953125 0.04375
1 0.371875 0.19453125 0.0171875 0.0421875
1 0.40546875 0.2359375 0.0203125 0.040625
1 0.41640625 0.17265625 0.0140625 0.0375
1 0.43671875 0.1875 0.015625 0.04375
1 0.4375 0.296875 0.02265625 0.05859375
1 0.48203125 0.23125 0.0203125 0.053125
1 0.45625 0.165625 0.0140625 0.0359375
1 0.46875 0.1578125 0.01640625 0.046875
1 0.47890625 0.16953125 0.0203125 0.04375
1 0.49453125 0.14765625 0.015625 0.0390625
1 0.50390625 0.20078125 0.015625 0.0390625
1 0.55703125 0.21640625 0.0171875 0.0375
1 0.52265625 0.1609375 0.0171875 0.05
1 0.5390625 0.16171875 0.0140625 0.0421875
1 0.55859375 0.13515625 0.01484375 0.03046875
1 0.5578125 0.1609375 0.0171875 0.0375
1 0.5796875 0.1953125 0.015625 0.040625
1 0.578125 0.1359375 0.01484375 0.03203125
1 0.58671875 0.1671875 0.01328125 0.0359375
1 0.60234375 0.12421875 0.0140625 0.034375
1 0.60703125 0.14453125 0.015625 0.02890625
1 0.6125 0.1765625 0.0125 0.0390625
1 0.62578125 0.19453125 0.01640625 0.0421875
1 0.6359375 0.121875 0.0140625 0.0359375
1 0.65546875 0.14921875 0.01484375 0.0390625
1 0.6625 0.134375 0.01484375 0.02890625
1 0.66171875 0.17734375 0.0140625 0.03046875
1 0.68984375 0.1578125 0.0140625 0.040625
1 0.69375 0.13671875 0.01171875 0.034375
1 0.71484375 0.14921875 0.01328125 0.0359375
1 0.7046875 0.2109375 0.01640625 0.0421875
1 0.66484375 0.234375 0.021875 0.06015625
1 0.61796875 0.28671875 0.02734375 0.05859375
1 0.6015625 0.36328125 0.028125 0.06796875
1 0.57421875 0.3296875 0.0234375 0.05703125
1 0.6578125 0.38828125 0.02734375 0.06328125
1 0.73046875 0.38359375 0.025 0.06328125
1 0.725 0.2578125 0.02265625 0.05546875
1 0.746875 0.2234375 0.0171875 0.0453125
1 0.7625 0.196875 0.015625 0.0375
1 0.77890625 0.19609375 0.0140625 0.0390625
1 0.78984375 0.16796875 0.01875 0.040625
1 0.81328125 0.1875 0.015625 0.040625
1 0.825 0.22109375 0.0203125 0.04375
1 0.8 0.2421875 0.01640625 0.05
1 0.76796875 0.2765625 0.0203125 0.04375
1 0.8171875 0.30234375 0.02265625 0.05703125
1 0.80234375 0.44375 0.03359375 0.07421875
1 0.8640625 0.484375 0.03046875 0.08125
1 0.87890625 0.40625 0.02578125 0.06953125
1 0.86484375 0.3296875 0.02109375 0.05
1 0.875 0.2296875 0.01171875 0.04375
1 0.90234375 0.2203125 0.01328125 0.0359375
1 0.896875 0.2765625 0.01640625 0.04375
1 0.90234375 0.2546875 0.015625 0.0390625
1 0.9359375 0.26328125 0.01640625 0.04375
1 0.95546875 0.2453125 0.0140625 0.040625
1 0.925 0.3359375 0.01875 0.053125
1 0.94765625 0.36953125 0.02265625 0.07109375
1 0.94765625 0.434375 0.02890625 0.078125
1 0.97890625 0.35546875 0.0203125 0.06015625
1 0.96875 0.30390625 0.01484375 0.05
1 0.97890625 0.30234375 0.0140625 0.0375
1 0.98984375 0.25546875 0.01171875 0.040625