1 0.06484375 0.24453125 0.0203125 0.0421875
1 0.09765625 0.25390625 0.02265625 0.0421875
1 0.21015625 0.25078125 0.025 0.0515625
1 0.2921875 0.228125 0.025 0.05546875
1 0.3109375 0.22421875 0.021875 0.04453125
1 0.35078125 0.1875 0.01484375 0.0328125
1 0.39765625 0.209375 0.02890625 0.0578125
1 0.41484375 0.19453125 0.01953125 0.05
1 0.4390625 0.25390625 0.02578125 0.04609375
1 0.44453125 0.22109375 0.0203125 0.0421875
1 0.45234375 0.1734375 0.01796875 0.03828125
1 0.4609375 0.13359375 0.0171875 0.03671875
1 0.48828125 0.159375 0.01953125 0.03828125
1 0.4890625 0.2140625 0.01953125 0.0484375
1 0.5578125 0.17890625 0.0171875 0.034375
1 0.5453125 0.1671875 0.01640625 0.034375
1 0.63046875 0.1140625 0.01640625 0.0328125
1 0.628125 0.2109375 0.0234375 0.0515625
1 0.61796875 0.253125 0.02578125 0.0515625
1 0.63671875 0.30078125 0.03515625 0.07109375
1 0.6703125 0.21640625 0.02265625 0.0484375
1 0.66640625 0.18046875 0.02265625 0.04609375
1 0.7015625 0.1546875 0.0203125 0.040625
1 0.75234375 0.159375 0.02265625 0.03828125
1 0.73203125 0.21328125 0.02265625 0.0421875
1 0.6703125 0.28671875 0.02265625 0.05
1 0.68046875 0.3609375 0.03359375 0.075
1 0.8078125 0.2859375 0.028125 0.059375
1 0.8015625 0.234375 0.02265625 0.04609375
1 0.84765625 0.3078125 0.02890625 0.06171875
1 0.86484375 0.28046875 0.025 0.04609375
1 0.9265625 0.2296875 0.02578125 0.04453125
1 0.9046875 0.353125 0.025 0.075
1 0.92109375 0.378125 0.02890625 0.06328125