1 0.13984375 0.43125 0.0484375 0.0859375
1 0.25546875 0.2625 0.01953125 0.034375
1 0.3125 0.23359375 0.0234375 0.0296875
1 0.3015625 0.2640625 0.0234375 0.04453125
1 0.27421875 0.26796875 0.0265625 0.03828125
1 0.33203125 0.2125 0.01953125 0.0265625
1 0.3578125 0.196875 0.0203125 0.028125
1 0.38671875 0.1765625 0.0171875 0.0296875
1 0.44765625 0.165625 0.01796875 0.04140625
1 0.48828125 0.13125 0.0171875 0.028125
1 0.4984375 0.1515625 0.01953125 0.0359375
1 0.40859375 0.18828125 0.01484375 0.028125
1 0.39453125 0.2171875 0.02421875 0.0359375
1 0.365625 0.253125 0.0359375 0.04140625
1 0.38828125 0.28671875 0.0265625 0.04609375
1 0.43203125 0.24296875 0.0265625 0.04765625
1 0.46796875 0.23828125 0.021875 0.04140625
1 0.43671875 0.20078125 0.0265625 0.04296875
1 0.50859375 0.19296875 0.02421875 0.04296875
1 0.5296875 0.209375 0.02421875 0.04921875
1 0.540625 0.15546875 0.0234375 0.034375
1 0.56953125 0.1203125 0.01953125 0.0359375
1 0.5625 0.15 0.021875 0.03984375
1 0.5796875 0.171875 0.0140625 0.025
1 0.55625 0.25390625 0.02734375 0.05234375
1 0.49140625 0.31171875 0.03125 0.059375
1 0.5671875 0.29140625 0.03203125 0.065625
1 0.6203125 0.1546875 0.0203125 0.0359375
1 0.634375 0.12578125 0.01484375 0.02109375
1 0.67421875 0.1171875 0.0140625 0.0296875
1 0.6578125 0.1828125 0.01484375 0.0359375
1 0.62578125 0.2 0.0203125 0.04140625
1 0.6203125 0.24765625 0.02265625 0.04140625
1 0.66328125 0.21875 0.02734375 0.05234375
1 0.6765625 0.25859375 0.02734375 0.05625
1 0.6890625 0.19921875 0.02265625 0.04609375
1 0.7078125 0.15234375 0.01875 0.034375
1 0.73984375 0.1265625 0.01875 0.0328125
1 0.71796875 0.178125 0.01875 0.0296875
1 0.72265625 0.2265625 0.0203125 0.0546875
1 0.73359375 0.26328125 0.02734375 0.059375
1 0.7765625 0.27890625 0.02421875 0.0671875
1 0.7546875 0.22421875 0.02421875 0.04296875
1 0.76484375 0.16875 0.0171875 0.03125
1 0.76640625 0.1375 0.015625 0.034375
1 0.80859375 0.12421875 0.01484375 0.03828125
1 0.7875 0.15390625 0.01875 0.034375
1 0.77890625 0.20078125 0.01875 0.04296875
1 0.80703125 0.18203125 0.021875 0.034375
1 0.83984375 0.14140625 0.02421875 0.04296875
1 0.83203125 0.2125 0.01953125 0.04296875
1 0.8375 0.3171875 0.025 0.07421875
1 0.84921875 0.196875 0.01875 0.03828125
1 0.85546875 0.16484375 0.015625 0.03984375
1 0.8953125 0.1484375 0.0203125 0.0296875
1 0.89375 0.18359375 0.021875 0.04140625
1 0.86328125 0.26171875 0.028125 0.04609375
1 0.9171875 0.25703125 0.02421875 0.04921875
1 0.9234375 0.23046875 0.015625 0.04921875
1 0.47421875 0.196875 0.0265625 0.04453125
1 0.34765625 0.2328125 0.0203125 0.028125
1 0.3140625 0.2890625 0.0234375 0.04453125
1 0.88828125 0.20234375 0.0171875 0.04296875