1 0.2671875 0.2546875 0.0265625 0.0546875
1 0.30703125 0.23203125 0.0203125 0.04921875
1 0.34375 0.22734375 0.0296875 0.05859375
1 0.40703125 0.19921875 0.01484375 0.04296875
1 0.4359375 0.2375 0.0203125 0.0453125
1 0.4390625 0.17734375 0.01953125 0.03359375
1 0.45078125 0.14296875 0.01640625 0.03125
1 0.47578125 0.17578125 0.01953125 0.04296875
1 0.53828125 0.1734375 0.01640625 0.04140625
1 0.55234375 0.1875 0.0171875 0.0390625
1 0.60546875 0.13828125 0.0171875 0.04140625
1 0.621875 0.1265625 0.0125 0.03359375
1 0.659375 0.1671875 0.0171875 0.04140625
1 0.659375 0.22421875 0.02109375 0.04921875
1 0.60859375 0.21953125 0.025 0.046875
1 0.62421875 0.26328125 0.0203125 0.0453125
1 0.61875 0.32265625 0.03125 0.07421875
1 0.6578125 0.29609375 0.0265625 0.04921875
1 0.67421875 0.37265625 0.03203125 0.06484375
1 0.72578125 0.2171875 0.025 0.05859375
1 0.8015625 0.25234375 0.02578125 0.05078125
1 0.8640625 0.26796875 0.02265625 0.0546875
1 0.91953125 0.2453125 0.01953125 0.0453125