1 0.12578125 0.484375 0.0546875 0.09453125
1 0.2171875 0.35078125 0.02109375 0.03828125
1 0.26328125 0.32890625 0.02421875 0.0421875
1 0.29296875 0.34140625 0.02421875 0.0390625
1 0.3296875 0.34765625 0.02578125 0.03671875
1 0.284375 0.29453125 0.02265625 0.03515625
1 0.3515625 0.31640625 0.01796875 0.03125
1 0.35546875 0.28125 0.015625 0.03125
1 0.37890625 0.3203125 0.01875 0.0296875
1 0.396875 0.23046875 0.01484375 0.03125
1 0.40546875 0.253125 0.01796875 0.03125
1 0.40390625 0.28671875 0.01796875 0.028125
1 0.403125 0.31953125 0.021875 0.03359375
1 0.434375 0.28984375 0.01953125 0.03125
1 0.44375 0.25078125 0.0125 0.02421875
1 0.43984375 0.23671875 0.01015625 0.02421875
1 0.46171875 0.23046875 0.01484375 0.03125
1 0.45703125 0.2640625 0.01484375 0.0265625
1 0.46875 0.296875 0.01796875 0.03125
1 0.44765625 0.32265625 0.0234375 0.03828125
1 0.490625 0.3734375 0.021875 0.05234375
1 0.47890625 0.284375 0.01875 0.03671875
1 0.5109375 0.23984375 0.01328125 0.0265625
1 0.52421875 0.26015625 0.015625 0.03671875
1 0.53984375 0.2390625 0.01796875 0.03359375
1 0.55 0.2171875 0.01328125 0.0296875
1 0.5640625 0.2015625 0.0171875 0.02421875
1 0.5921875 0.215625 0.01015625 0.02421875
1 0.6015625 0.19140625 0.01328125 0.028125
1 0.61640625 0.19765625 0.01171875 0.0265625
1 0.575 0.24140625 0.01484375 0.0296875
1 0.5703125 0.2296875 0.01328125 0.0265625
1 0.58984375 0.24140625 0.0140625 0.03203125
1 0.5515625 0.26484375 0.01796875 0.03203125
1 0.528125 0.3390625 0.021875 0.0421875
1 0.50234375 0.32421875 0.0234375 0.04609375
1 0.59296875 0.31328125 0.025 0.04765625
1 0.621875 0.2890625 0.0234375 0.03828125
1 0.6328125 0.23828125 0.01875 0.03203125
1 0.65390625 0.2046875 0.01171875 0.02421875
1 0.66171875 0.2171875 0.0109375 0.0296875
1 0.67265625 0.21484375 0.01328125 0.0296875
1 0.66640625 0.2515625 0.01484375 0.03359375
1 0.64375 0.32109375 0.02109375 0.03828125
1 0.53828125 0.390625 0.02734375 0.05078125
1 0.578125 0.39453125 0.021875 0.03515625
1 0.57890625 0.4328125 0.03046875 0.0734375
1 0.63515625 0.44765625 0.034375 0.06875
1 0.65 0.375 0.02734375 0.06015625
1 0.69296875 0.2359375 0.01796875 0.03515625
1 0.7234375 0.209375 0.01328125 0.028125
1 0.72421875 0.246875 0.015625 0.040625
1 0.7140625 0.275 0.0171875 0.03515625
1 0.6859375 0.3359375 0.021875 0.0453125
1 0.66796875 0.31328125 0.021875 0.03828125
1 0.7296875 0.39140625 0.02421875 0.04921875
1 0.70546875 0.45390625 0.03671875 0.06640625
1 0.7578125 0.41015625 0.028125 0.05234375
1 0.7515625 0.24296875 0.0140625 0.0265625
1 0.76484375 0.225 0.01484375 0.03125
1 0.76640625 0.2578125 0.0140625 0.03515625
1 0.75234375 0.28125 0.0203125 0.0390625
1 0.79296875 0.2484375 0.01796875 0.02421875
1 0.825 0.25234375 0.01796875 0.0265625
1 0.853125 0.24140625 0.01328125 0.03515625
1 0.84375 0.2625 0.0125 0.03828125
1 0.8609375 0.27109375 0.015625 0.03359375
1 0.84765625 0.30546875 0.015625 0.03671875
1 0.80078125 0.28984375 0.0140625 0.03359375
1 0.82578125 0.30546875 0.01796875 0.0390625
1 0.86953125 0.31015625 0.01953125 0.040625
1 0.92109375 0.25859375 0.01484375 0.03671875
1 0.91640625 0.29140625 0.01484375 0.028125
1 0.90390625 0.315625 0.01953125 0.040625
1 0.92109375 0.31484375 0.01328125 0.0390625
1 0.91015625 0.36015625 0.01953125 0.0453125
1 0.8921875 0.38359375 0.0171875 0.040625
1 0.86015625 0.3625 0.01796875 0.04375
1 0.84765625 0.3421875 0.021875 0.04375
1 0.82890625 0.4171875 0.02734375 0.0578125
1 0.8921875 0.44765625 0.02421875 0.0546875
1 0.7953125 0.34296875 0.01953125 0.05078125
1 0.79375 0.50078125 0.0296875 0.0703125