1 0.35234375 0.19140625 0.0125 0.03828125
1 0.3859375 0.240625 0.0171875 0.034375
1 0.3984375 0.16796875 0.0140625 0.0328125
1 0.396875 0.21875 0.015625 0.03125
1 0.425 0.18125 0.01328125 0.0328125
1 0.43046875 0.21484375 0.01640625 0.0421875
1 0.41640625 0.265625 0.01953125 0.04609375
1 0.44453125 0.15390625 0.0109375 0.02890625
1 0.45390625 0.18125 0.0140625 0.0328125
1 0.475 0.134375 0.0109375 0.02734375
1 0.46953125 0.196875 0.015625 0.03125
1 0.484375 0.146875 0.01015625 0.0234375
1 0.4984375 0.12734375 0.0125 0.0234375
1 0.4796875 0.23984375 0.01640625 0.04375
1 0.50234375 0.20234375 0.01640625 0.034375
1 0.51875 0.16328125 0.0140625 0.034375
1 0.53046875 0.146875 0.0109375 0.034375
1 0.54296875 0.14140625 0.0109375 0.0234375
1 0.53359375 0.20234375 0.01640625 0.0421875
1 0.5484375 0.171875 0.01875 0.02890625
1 0.5765625 0.1203125 0.0125 0.02890625
1 0.57578125 0.14921875 0.01328125 0.034375
1 0.5875 0.16875 0.0140625 0.03828125
1 0.6046875 0.103125 0.01015625 0.0234375
1 0.5984375 0.1328125 0.0109375 0.02734375
1 0.65078125 0.11640625 0.0125 0.03125
1 0.6828125 0.134375 0.01328125 0.0234375
1 0.6984375 0.1296875 0.01328125 0.03671875
1 0.590625 0.240625 0.01953125 0.0421875
1 0.61484375 0.246875 0.0234375 0.0546875
1 0.63984375 0.21953125 0.01953125 0.03984375
1 0.63359375 0.3046875 0.02578125 0.0640625
1 0.70078125 0.328125 0.025 0.06015625
1 0.70546875 0.1921875 0.015625 0.04375
1 0.71171875 0.16640625 0.015625 0.03984375
1 0.7234375 0.15234375 0.0140625 0.03125
1 0.7578125 0.140625 0.0171875 0.01796875
1 0.78046875 0.134375 0.01328125 0.034375
1 0.759375 0.165625 0.01640625 0.03828125
1 0.77734375 0.1765625 0.0125 0.03125
1 0.7890625 0.16796875 0.0109375 0.03671875
1 0.7546875 0.203125 0.01953125 0.04765625
1 0.78984375 0.21484375 0.01328125 0.03828125
1 0.77421875 0.240625 0.01640625 0.04609375
1 0.73984375 0.2671875 0.025 0.0625
1 0.8265625 0.378125 0.0390625 0.11328125
1 0.821875 0.275 0.0203125 0.053125
1 0.834375 0.22578125 0.0140625 0.034375
1 0.8265625 0.1890625 0.01328125 0.034375
1 0.83125 0.16328125 0.0140625 0.03828125
1 0.8609375 0.19375 0.0140625 0.03671875
1 0.86875 0.1859375 0.0125 0.03828125
1 0.89609375 0.19921875 0.0125 0.04375
1 0.88828125 0.21015625 0.01640625 0.0328125
1 0.9375 0.1671875 0.0140625 0.03125
1 0.93984375 0.19375 0.01328125 0.02890625
1 0.93203125 0.2046875 0.0140625 0.0328125
1 0.9328125 0.24765625 0.015625 0.03828125
1 0.88515625 0.24375 0.01953125 0.04921875
1 0.85546875 0.2625 0.01953125 0.04921875
1 0.85078125 0.321875 0.0234375 0.05859375
1 0.921875 0.3015625 0.0203125 0.0546875
1 0.73125 0.18984375 0.015625 0.0328125
1 0.6609375 0.1375 0.0125 0.0328125
1 0.63125 0.14453125 0.01328125 0.02890625
1 0.47109375 0.171875 0.0125 0.02578125
1 0.4640625 0.221875 0.015625 0.0421875