1 0.43125 0.20390625 0.021875 0.046875
1 0.46171875 0.2046875 0.02109375 0.0453125
1 0.61171875 0.11328125 0.0171875 0.0375
1 0.65390625 0.1234375 0.0140625 0.0328125
1 0.625 0.1453125 0.01640625 0.02734375
1 0.6640625 0.1453125 0.015625 0.02421875
1 0.7546875 0.1484375 0.015625 0.03125
1 0.77109375 0.1515625 0.01640625 0.0328125
1 0.871875 0.1890625 0.015625 0.034375
1 0.94296875 0.19296875 0.01640625 0.0375
1 0.89453125 0.221875 0.0171875 0.040625
1 0.89375 0.2515625 0.01953125 0.040625
1 0.92109375 0.259375 0.02109375 0.046875
1 0.82734375 0.2609375 0.02109375 0.05390625