1 0.04765625 0.38828125 0.02421875 0.05703125
1 0.28671875 0.2703125 0.0171875 0.0421875
1 0.31640625 0.275 0.02109375 0.0390625
1 0.30703125 0.23125 0.015625 0.03046875
1 0.34296875 0.25859375 0.01875 0.040625
1 0.34453125 0.30859375 0.01796875 0.040625
1 0.38359375 0.290625 0.02109375 0.04296875
1 0.35 0.2265625 0.01640625 0.03203125
1 0.35234375 0.2078125 0.01484375 0.028125
1 0.37890625 0.22734375 0.01796875 0.0359375
1 0.40703125 0.19375 0.015625 0.03046875
1 0.425 0.22578125 0.01875 0.0421875
1 0.44296875 0.19140625 0.0125 0.03203125
1 0.4625 0.2328125 0.0171875 0.0421875
1 0.43828125 0.1765625 0.01640625 0.0375
1 0.4484375 0.15234375 0.01484375 0.028125
1 0.46796875 0.14453125 0.0140625 0.02890625
1 0.46796875 0.16796875 0.0140625 0.0265625
1 0.5046875 0.1328125 0.0125 0.028125
1 0.51015625 0.165625 0.01484375 0.0359375
1 0.5046875 0.18671875 0.0171875 0.0359375
1 0.52421875 0.15625 0.01171875 0.03046875
1 0.5265625 0.13984375 0.01484375 0.028125
1 0.54375 0.16484375 0.01484375 0.03359375
1 0.5578125 0.140625 0.0140625 0.03359375
1 0.5515625 0.13046875 0.0125 0.0265625
1 0.56484375 0.12265625 0.0125 0.028125
1 0.57890625 0.1625 0.0125 0.03203125
1 0.58984375 0.16796875 0.01484375 0.0375
1 0.5875 0.1375 0.015625 0.03515625
1 0.590625 0.1046875 0.0140625 0.025
1 0.61484375 0.10625 0.01171875 0.025
1 0.64921875 0.09921875 0.01171875 0.025
1 0.61171875 0.13125 0.0140625 0.028125
1 0.63984375 0.13984375 0.01484375 0.03203125
1 0.6609375 0.1328125 0.0125 0.02890625
1 0.6578125 0.1078125 0.0109375 0.0265625
1 0.6859375 0.11015625 0.0125 0.028125
1 0.6140625 0.21015625 0.0171875 0.04296875
1 0.54453125 0.28984375 0.028125 0.05546875
1 0.56640625 0.253125 0.0203125 0.04609375
1 0.6078125 0.2484375 0.0234375 0.053125
1 0.59453125 0.328125 0.03359375 0.0625
1 0.66640625 0.25625 0.02734375 0.06015625
1 0.67421875 0.215625 0.01953125 0.0484375
1 0.6828125 0.1875 0.0171875 0.040625
1 0.703125 0.2171875 0.02109375 0.0484375
1 0.77734375 0.11640625 0.01328125 0.02890625
1 0.80234375 0.12265625 0.0125 0.03046875
1 0.83671875 0.12578125 0.01171875 0.03359375
1 0.83203125 0.134375 0.0140625 0.03203125
1 0.87421875 0.1328125 0.01171875 0.03359375
1 0.86328125 0.1453125 0.01328125 0.03359375
1 0.90390625 0.1390625 0.0125 0.0375
1 0.8921875 0.159375 0.0140625 0.03203125
1 0.93359375 0.1625 0.0140625 0.0375
1 0.88828125 0.18359375 0.015625 0.03203125
1 0.928125 0.209375 0.0171875 0.0421875
1 0.9265625 0.22578125 0.0171875 0.0421875
1 0.84921875 0.1609375 0.01328125 0.03515625
1 0.81640625 0.15234375 0.01484375 0.03515625
1 0.78203125 0.153125 0.0140625 0.03046875
1 0.77109375 0.14375 0.0125 0.0359375
1 0.73671875 0.140625 0.01484375 0.03046875
1 0.72734375 0.134375 0.0125 0.03203125
1 0.725 0.18125 0.01796875 0.0390625
1 0.759375 0.1765625 0.01875 0.0375
1 0.80078125 0.1796875 0.0171875 0.0390625
1 0.7375 0.2296875 0.02421875 0.0546875
1 0.771875 0.26484375 0.025 0.05546875
1 0.81015625 0.2484375 0.01953125 0.04765625
1 0.7734375 0.2140625 0.01875 0.04609375
1 0.82265625 0.2125 0.01640625 0.04296875
1 0.85390625 0.240625 0.0203125 0.04609375
1 0.825 0.340625 0.028125 0.07421875
1 0.8328125 0.29921875 0.0265625 0.0625
1 0.87265625 0.22265625 0.01953125 0.0484375
1 0.90625 0.30546875 0.0234375 0.05859375
1 0.8828125 0.43046875 0.03046875 0.0765625
1 0.71640625 0.15703125 0.0140625 0.03515625