1 0.17734375 0.3 0.021875 0.04453125
1 0.240625 0.25 0.0265625 0.0546875
1 0.25390625 0.26875 0.0234375 0.040625
1 0.29453125 0.228125 0.025 0.04921875
1 0.31875 0.23515625 0.0265625 0.0546875
1 0.33828125 0.228125 0.02734375 0.06015625
1 0.3640625 0.2171875 0.01953125 0.0421875
1 0.321875 0.325 0.04375 0.09140625
1 0.43515625 0.2015625 0.0265625 0.0515625
1 0.44453125 0.221875 0.0234375 0.04765625
1 0.46328125 0.23828125 0.02734375 0.0671875
1 0.5046875 0.26171875 0.03359375 0.0796875
1 0.54609375 0.275 0.03359375 0.07890625
1 0.6140625 0.3015625 0.04765625 0.07890625