1 0.0546875 0.27890625 0.01640625 0.03515625
1 0.2640625 0.22265625 0.01796875 0.04140625
1 0.371875 0.24453125 0.0234375 0.04921875
1 0.33515625 0.246875 0.01953125 0.04140625
1 0.36953125 0.18671875 0.015625 0.03515625
1 0.3859375 0.16328125 0.01328125 0.03125
1 0.39453125 0.190625 0.01875 0.0390625
1 0.403125 0.15625 0.01640625 0.0296875
1 0.415625 0.20703125 0.015625 0.03359375
1 0.43203125 0.2359375 0.03203125 0.0625
1 0.4671875 0.19921875 0.02109375 0.0453125
1 0.49296875 0.203125 0.02109375 0.0453125
1 0.4328125 0.16484375 0.015625 0.03515625
1 0.4390625 0.134375 0.01328125 0.02578125
1 0.459375 0.1359375 0.0125 0.02734375
1 0.46875 0.1515625 0.01328125 0.03125
1 0.4765625 0.16796875 0.01640625 0.0296875
1 0.51796875 0.1765625 0.015625 0.0390625
1 0.48359375 0.13125 0.015625 0.02734375
1 0.496875 0.1171875 0.0125 0.03359375
1 0.509375 0.1296875 0.0140625 0.03515625
1 0.5234375 0.11796875 0.01328125 0.0234375
1 0.52734375 0.12890625 0.0109375 0.02578125
1 0.53828125 0.134375 0.0125 0.0296875
1 0.52734375 0.15625 0.0140625 0.02578125
1 0.55390625 0.175 0.01875 0.03515625
1 0.58046875 0.1609375 0.01640625 0.04296875
1 0.57109375 0.125 0.01328125 0.03359375
1 0.575 0.11015625 0.0125 0.02734375
1 0.6 0.09921875 0.01015625 0.02578125
1 0.60078125 0.12265625 0.0109375 0.0296875
1 0.6125 0.1234375 0.0140625 0.03515625
1 0.62578125 0.10703125 0.0109375 0.0296875
1 0.6375 0.109375 0.01328125 0.02578125
1 0.63359375 0.13828125 0.015625 0.03359375
1 0.6515625 0.09921875 0.01328125 0.03359375
1 0.6640625 0.1078125 0.0125 0.03515625
1 0.67890625 0.10234375 0.01015625 0.03125
1 0.6921875 0.11171875 0.01328125 0.03515625
1 0.57734375 0.24140625 0.0265625 0.05859375
1 0.61640625 0.240625 0.0265625 0.05703125
1 0.63359375 0.18984375 0.0234375 0.0453125
1 0.65859375 0.1796875 0.02109375 0.0453125
1 0.6609375 0.22109375 0.0234375 0.0453125
1 0.671875 0.25859375 0.0234375 0.05703125
1 0.7203125 0.2359375 0.01953125 0.05078125
1 0.73828125 0.25625 0.0234375 0.0609375
1 0.76015625 0.23984375 0.021875 0.046875
1 0.790625 0.2796875 0.02890625 0.06484375
1 0.8359375 0.30859375 0.0265625 0.0625
1 0.89453125 0.321875 0.02890625 0.07109375
1 0.9296875 0.2703125 0.0234375 0.053125
1 0.91953125 0.22890625 0.01875 0.04921875
1 0.8859375 0.21796875 0.015625 0.0390625
1 0.8609375 0.25234375 0.02421875 0.053125
1 0.83828125 0.2140625 0.01796875 0.04296875
1 0.7828125 0.2046875 0.01640625 0.03515625
1 0.7453125 0.19921875 0.015625 0.0375
1 0.7015625 0.1703125 0.015625 0.03359375
1 0.73359375 0.1765625 0.0140625 0.03515625
1 0.75625 0.1578125 0.01640625 0.0375
1 0.728125 0.1328125 0.0125 0.0296875
1 0.740625 0.12890625 0.0125 0.0296875
1 0.75 0.12734375 0.0109375 0.02734375
1 0.76953125 0.1375 0.0125 0.02734375
1 0.78984375 0.12734375 0.0109375 0.02734375
1 0.79609375 0.1515625 0.01640625 0.03125
1 0.809375 0.134375 0.015625 0.03359375
1 0.821875 0.125 0.01328125 0.03359375
1 0.84375 0.1484375 0.01796875 0.04140625
1 0.86015625 0.17578125 0.01640625 0.03359375
1 0.83515625 0.1703125 0.01328125 0.03359375
1 0.875 0.15234375 0.015625 0.0375
1 0.90234375 0.175 0.0140625 0.03125
1 0.91171875 0.14921875 0.0125 0.03125
1 0.92890625 0.1828125 0.0140625 0.03125
1 0.9390625 0.20234375 0.01796875 0.03515625
1 0.9390625 0.16875 0.01328125 0.02734375