1 0.165625 0.20859375 0.0171875 0.03203125
1 0.1609375 0.34609375 0.04296875 0.0890625
1 0.31015625 0.18203125 0.01953125 0.05078125
1 0.34140625 0.22109375 0.0203125 0.04140625
1 0.4109375 0.2265625 0.0203125 0.0453125
1 0.42421875 0.146875 0.01484375 0.03359375
1 0.4484375 0.1453125 0.0125 0.03359375
1 0.471875 0.14609375 0.0125 0.03203125
1 0.490625 0.1640625 0.0125 0.03046875
1 0.50078125 0.14140625 0.0140625 0.03046875
1 0.521875 0.17734375 0.01796875 0.04140625
1 0.56484375 0.17734375 0.01796875 0.04140625
1 0.8984375 0.2109375 0.01953125 0.04921875
1 0.9140625 0.16640625 0.0140625 0.03359375
1 0.94375 0.22578125 0.01796875 0.05078125
1 0.94921875 0.18984375 0.0140625 0.0359375