1 0.0859375 0.55625 0.04609375 0.1078125
1 0.1921875 0.278125 0.0171875 0.0453125
1 0.2140625 0.29140625 0.0203125 0.0453125
1 0.25546875 0.2421875 0.01796875 0.04375
1 0.2953125 0.2453125 0.01640625 0.040625
1 0.2953125 0.20859375 0.01484375 0.04375
1 0.31171875 0.2359375 0.01640625 0.0484375
1 0.3359375 0.21875 0.01875 0.04375
1 0.35234375 0.26875 0.01953125 0.046875
1 0.3796875 0.2421875 0.01640625 0.04375
1 0.353125 0.203125 0.01875 0.04375
1 0.37890625 0.19375 0.0171875 0.03515625
1 0.4203125 0.19765625 0.0171875 0.03515625
1 0.42265625 0.309375 0.01875 0.05078125
1 0.4140625 0.16796875 0.01015625 0.03046875
1 0.43046875 0.16796875 0.0171875 0.03046875
1 0.45078125 0.15859375 0.015625 0.03515625
1 0.4828125 0.1640625 0.015625 0.03828125
1 0.48203125 0.2140625 0.0140625 0.0453125
1 0.46171875 0.24609375 0.0234375 0.0484375
1 0.54140625 0.2203125 0.01640625 0.03671875
1 0.50703125 0.17109375 0.01796875 0.04375
1 0.54453125 0.15859375 0.0140625 0.03203125
1 0.565625 0.2015625 0.01640625 0.03359375
1 0.6109375 0.2 0.01484375 0.03359375
1 0.5640625 0.13828125 0.01328125 0.025
1 0.54453125 0.13671875 0.0140625 0.03203125
1 0.584375 0.12265625 0.0125 0.03359375
1 0.60078125 0.184375 0.0140625 0.03828125
1 0.5953125 0.15546875 0.01328125 0.02890625
1 0.62109375 0.13125 0.0125 0.03046875
1 0.646875 0.14765625 0.0140625 0.03046875
1 0.64921875 0.18515625 0.01484375 0.03046875
1 0.65625 0.13671875 0.01171875 0.03203125
1 0.67734375 0.16796875 0.01640625 0.040625
1 0.6796875 0.13671875 0.0125 0.03203125
1 0.69765625 0.16640625 0.01328125 0.03359375
1 0.684375 0.21484375 0.01640625 0.040625
1 0.60390625 0.290625 0.021875 0.06015625
1 0.65546875 0.24921875 0.01875 0.05234375
1 0.56328125 0.34375 0.021875 0.05859375
1 0.5984375 0.36484375 0.021875 0.05078125
1 0.64765625 0.41875 0.02421875 0.0640625
1 0.71875 0.4203125 0.01953125 0.06015625
1 0.7765625 0.45078125 0.02890625 0.07734375
1 0.8546875 0.49375 0.02890625 0.07421875
1 0.86875 0.4171875 0.0234375 0.0640625
1 0.9640625 0.45859375 0.02265625 0.0640625
1 0.9453125 0.3859375 0.0171875 0.05546875
1 0.91953125 0.3578125 0.01953125 0.0640625
1 0.8640625 0.31796875 0.01796875 0.046875
1 0.85234375 0.37578125 0.02109375 0.0453125
1 0.8046875 0.303125 0.02109375 0.05546875
1 0.7375 0.3 0.01875 0.0484375
1 0.71328125 0.26171875 0.01796875 0.0453125
1 0.72734375 0.23984375 0.01875 0.0484375
1 0.740625 0.20078125 0.01640625 0.03203125
1 0.76015625 0.18828125 0.01484375 0.03359375
1 0.7796875 0.215625 0.01484375 0.03828125
1 0.784375 0.26171875 0.01640625 0.0421875
1 0.80234375 0.19140625 0.01328125 0.03671875
1 0.809375 0.22734375 0.01484375 0.03828125
1 0.82265625 0.21484375 0.0140625 0.040625
1 0.8609375 0.2359375 0.0140625 0.0453125
1 0.884375 0.284375 0.01875 0.05078125
1 0.89453125 0.26015625 0.0140625 0.03671875
1 0.89765625 0.23046875 0.01484375 0.03671875
1 0.92265625 0.2734375 0.0125 0.0421875
1 0.94453125 0.24921875 0.01171875 0.03515625
1 0.9765625 0.259375 0.0140625 0.03828125
1 0.9671875 0.37265625 0.015625 0.0421875
1 0.96640625 0.3328125 0.0140625 0.03671875
1 0.9671875 0.30625 0.0140625 0.03046875