1 0.10625 0.55078125 0.05078125 0.11484375
1 0.2171875 0.25625 0.01953125 0.05390625
1 0.22578125 0.26953125 0.021875 0.04375
1 0.27265625 0.228125 0.01953125 0.0453125
1 0.30078125 0.225 0.01875 0.0453125
1 0.30625 0.1984375 0.02265625 0.040625
1 0.32890625 0.21484375 0.0171875 0.05234375
1 0.33984375 0.21796875 0.01484375 0.0453125
1 0.3609375 0.25390625 0.02109375 0.05078125
1 0.359375 0.18515625 0.01796875 0.040625
1 0.3859375 0.17734375 0.01953125 0.03203125
1 0.3890625 0.228125 0.0171875 0.0390625
1 0.43046875 0.290625 0.0234375 0.0484375
1 0.41328125 0.16484375 0.01328125 0.03671875
1 0.42578125 0.18046875 0.01875 0.04375
1 0.46796875 0.22890625 0.021875 0.04375
1 0.45 0.15234375 0.0171875 0.03203125
1 0.46171875 0.15078125 0.01484375 0.0390625
1 0.47578125 0.15625 0.01796875 0.04375
1 0.4875 0.1328125 0.0140625 0.03671875
1 0.50703125 0.153125 0.01796875 0.05078125
1 0.49609375 0.18671875 0.0171875 0.040625
1 0.52421875 0.2171875 0.0171875 0.05078125
1 0.528125 0.15625 0.01484375 0.040625
1 0.5453125 0.12421875 0.01484375 0.03671875
1 0.5546875 0.1390625 0.0140625 0.03515625
1 0.56953125 0.1875 0.015625 0.0421875
1 0.59921875 0.2046875 0.01875 0.0453125
1 0.6046875 0.16640625 0.0171875 0.03671875
1 0.60078125 0.1375 0.01328125 0.03203125
1 0.590625 0.115625 0.015625 0.03515625
1 0.56796875 0.1234375 0.0140625 0.03515625
1 0.57578125 0.15546875 0.01796875 0.0390625
1 0.625 0.11875 0.01484375 0.0390625
1 0.6484375 0.13046875 0.01484375 0.0390625
1 0.6546875 0.11640625 0.0140625 0.03671875
1 0.6515625 0.17109375 0.01484375 0.0390625
1 0.68203125 0.14140625 0.01328125 0.040625
1 0.68515625 0.12265625 0.01328125 0.03359375
1 0.70078125 0.1453125 0.01484375 0.0390625
1 0.6875 0.20390625 0.01796875 0.04375
1 0.6515625 0.23984375 0.02734375 0.05546875
1 0.6046875 0.27109375 0.02890625 0.0609375
1 0.56875 0.32421875 0.02890625 0.0625
1 0.60234375 0.36875 0.0296875 0.0640625
1 0.65390625 0.38515625 0.0328125 0.0671875
1 0.71796875 0.38359375 0.03046875 0.0640625
1 0.70859375 0.26875 0.02421875 0.06875
1 0.7359375 0.2234375 0.0203125 0.0421875
1 0.7234375 0.21328125 0.0171875 0.0390625
1 0.74609375 0.184375 0.015625 0.03515625
1 0.76171875 0.1703125 0.0140625 0.04375
1 0.77109375 0.1890625 0.0171875 0.0390625
1 0.78984375 0.22890625 0.01796875 0.04375
1 0.74609375 0.2828125 0.0234375 0.05703125
1 0.79453125 0.30078125 0.02265625 0.05546875
1 0.8125 0.21328125 0.0171875 0.0421875
1 0.803125 0.18203125 0.015625 0.040625
1 0.82421875 0.2 0.015625 0.040625
1 0.78828125 0.45390625 0.03125 0.09296875
1 0.85390625 0.4890625 0.03125 0.09921875
1 0.8703125 0.3921875 0.0265625 0.0671875
1 0.85546875 0.33359375 0.01875 0.05390625
1 0.86328125 0.30078125 0.01953125 0.0453125
1 0.88515625 0.26796875 0.01796875 0.05078125
1 0.896875 0.2421875 0.0140625 0.03046875
1 0.8921875 0.2109375 0.01328125 0.03203125
1 0.86953125 0.22578125 0.015625 0.040625
1 0.8546875 0.22421875 0.01796875 0.04375
1 0.92265625 0.2515625 0.0125 0.0421875
1 0.9453125 0.23515625 0.0125 0.03515625
1 0.91953125 0.31875 0.02109375 0.0484375
1 0.94140625 0.428125 0.025 0.07890625
1 0.94453125 0.36875 0.02109375 0.0609375
1 0.96796875 0.346875 0.01875 0.05390625
1 0.96875 0.3 0.01484375 0.046875
1 0.9734375 0.2453125 0.0109375 0.0453125