1 0.025 0.4234375 0.0234375 0.0515625
1 0.23828125 0.33203125 0.015625 0.03515625
1 0.2671875 0.34375 0.01796875 0.0390625
1 0.2921875 0.30078125 0.01640625 0.02890625
1 0.29375 0.3578125 0.01796875 0.0390625
1 0.3421875 0.3625 0.0203125 0.0375
1 0.36171875 0.28828125 0.0171875 0.03359375
1 0.3828125 0.34375 0.015625 0.03359375
1 0.3765625 0.32265625 0.01640625 0.0359375
1 0.40078125 0.25234375 0.01484375 0.0265625
1 0.475 0.2359375 0.01640625 0.0265625
1 0.4640625 0.23828125 0.01328125 0.0265625
1 0.4765625 0.25859375 0.0171875 0.028125
1 0.49765625 0.2640625 0.0171875 0.03359375
1 0.521875 0.246875 0.015625 0.02109375
1 0.521875 0.26875 0.01484375 0.03203125
1 0.55546875 0.2203125 0.0109375 0.02109375
1 0.57734375 0.2234375 0.01640625 0.0265625
1 0.5546875 0.2421875 0.0140625 0.021875
1 0.565625 0.2546875 0.01796875 0.03046875
1 0.55625 0.27421875 0.01640625 0.03046875
1 0.5234375 0.30390625 0.0171875 0.03515625
1 0.47578125 0.29921875 0.01640625 0.03046875
1 0.44765625 0.30234375 0.01953125 0.02890625
1 0.45 0.33671875 0.021875 0.0359375
1 0.41796875 0.3375 0.01953125 0.03203125
1 0.41875 0.29609375 0.01875 0.03046875
1 0.43203125 0.25625 0.0125 0.01796875
1 0.6078125 0.2171875 0.01328125 0.025
1 0.615625 0.2 0.0109375 0.021875
1 0.63046875 0.215625 0.0140625 0.021875
1 0.66015625 0.21328125 0.01015625 0.02109375
1 0.64765625 0.246875 0.015625 0.02890625
1 0.67578125 0.22578125 0.01328125 0.0265625
1 0.6890625 0.2234375 0.0109375 0.0265625
1 0.6765625 0.26640625 0.0203125 0.03515625
1 0.61015625 0.2453125 0.01640625 0.02890625
1 0.746875 0.22109375 0.01171875 0.03046875
1 0.78515625 0.225 0.015625 0.03046875
1 0.7796875 0.2484375 0.01328125 0.02109375
1 0.75 0.2625 0.01484375 0.03515625
1 0.7671875 0.27734375 0.01875 0.0375
1 0.71953125 0.2828125 0.01796875 0.03515625
1 0.70703125 0.2609375 0.0140625 0.02890625
1 0.8125 0.24140625 0.01171875 0.02109375
1 0.84453125 0.25390625 0.01484375 0.0265625
1 0.86328125 0.26015625 0.01328125 0.025
1 0.8765625 0.25078125 0.01484375 0.02890625
1 0.8984375 0.28125 0.01328125 0.028125
1 0.9390625 0.278125 0.01171875 0.025
1 0.9359375 0.3046875 0.0140625 0.03046875
1 0.87578125 0.31328125 0.01484375 0.0359375
1 0.85703125 0.28671875 0.0140625 0.03046875
1 0.8171875 0.296875 0.01640625 0.03515625
1 0.84140625 0.30234375 0.01640625 0.040625
1 0.81328125 0.3359375 0.01796875 0.03203125
1 0.80625 0.359375 0.01796875 0.040625
1 0.8671875 0.3453125 0.01875 0.0375
1 0.92890625 0.3484375 0.015625 0.02890625
1 0.91953125 0.38828125 0.02109375 0.05
1 0.86328125 0.4 0.021875 0.04609375
1 0.9046875 0.45 0.01953125 0.0484375
1 0.84375 0.44921875 0.02421875 0.0390625
1 0.7890625 0.39921875 0.021875 0.0390625
1 0.7421875 0.3890625 0.021875 0.04453125
1 0.69296875 0.3375 0.021875 0.0375
1 0.66640625 0.36484375 0.0265625 0.04296875
1 0.6546875 0.33125 0.0171875 0.03359375
1 0.63984375 0.30546875 0.01796875 0.03515625
1 0.60078125 0.3203125 0.0203125 0.0375
1 0.50625 0.38359375 0.021875 0.05546875
1 0.5453125 0.36484375 0.0234375 0.04609375
1 0.54609375 0.3953125 0.02421875 0.05
1 0.5859375 0.40859375 0.02421875 0.040625
1 0.6140625 0.41953125 0.03046875 0.05390625
1 0.665625 0.45 0.0296875 0.06015625
1 0.7140625 0.49140625 0.0359375 0.0765625
1 0.834375 0.503125 0.03125 0.06640625