1 0.07890625 0.44609375 0.01953125 0.05546875
1 0.06640625 0.5109375 0.0203125 0.053125
1 0.121875 0.62734375 0.0234375 0.0765625
1 0.0453125 0.2515625 0.01328125 0.03046875
1 0.04765625 0.2328125 0.01171875 0.0359375
1 0.1578125 0.1640625 0.0125 0.0390625
1 0.12421875 0.23671875 0.015625 0.0390625
1 0.18515625 0.21328125 0.01171875 0.0359375
1 0.17265625 0.2828125 0.01484375 0.0390625
1 0.24375 0.30234375 0.01640625 0.05
1 0.23515625 0.365625 0.01953125 0.05546875
1 0.2078125 0.4546875 0.01953125 0.05546875
1 0.190625 0.14921875 0.01015625 0.03203125
1 0.22421875 0.15859375 0.01015625 0.028125
1 0.24296875 0.140625 0.01015625 0.03203125
1 0.29609375 0.17265625 0.0140625 0.04296875
1 0.29375 0.21640625 0.01640625 0.0375
1 0.30859375 0.24609375 0.01640625 0.040625
1 0.3265625 0.24453125 0.01171875 0.03359375
1 0.35625 0.10390625 0.01015625 0.03046875
1 0.378125 0.190625 0.0125 0.0359375
1 0.3984375 0.10859375 0.0125 0.028125
1 0.41875 0.10625 0.0109375 0.0265625
1 0.41796875 0.19609375 0.015625 0.028125
1 0.4546875 0.13515625 0.01484375 0.02109375
1 0.4640625 0.134375 0.00859375 0.03046875
1 0.5046875 0.12265625 0.0109375 0.02109375
1 0.53515625 0.09140625 0.009375 0.0265625
1 0.47265625 0.2328125 0.01875 0.04296875
1 0.47734375 0.30234375 0.01953125 0.04609375
1 0.49765625 0.19453125 0.01171875 0.0375
1 0.55546875 0.32734375 0.01953125 0.04609375
1 0.54609375 0.184375 0.0109375 0.0375
1 0.57421875 0.109375 0.00859375 0.0265625
1 0.57109375 0.15859375 0.01015625 0.03203125
1 0.58984375 0.1484375 0.0109375 0.0265625
1 0.6140625 0.13046875 0.0125 0.0234375
1 0.57109375 0.21640625 0.01171875 0.0375
1 0.61484375 0.23515625 0.0140625 0.0359375
1 0.64140625 0.16484375 0.0109375 0.03046875
1 0.55703125 0.50390625 0.02578125 0.06015625
1 0.675 0.34765625 0.0203125 0.05546875
1 0.68671875 0.23046875 0.01484375 0.03359375
1 0.71875 0.2359375 0.01015625 0.03046875
1 0.71015625 0.19453125 0.01171875 0.03046875
1 0.76640625 0.22890625 0.015625 0.03046875
1 0.80703125 0.2515625 0.01484375 0.03359375
1 0.77890625 0.38828125 0.0171875 0.05
1 0.83671875 0.2828125 0.01328125 0.0359375
1 0.9171875 0.3796875 0.01796875 0.04453125
1 0.70078125 0.2875 0.01640625 0.040625
1 0.46328125 0.17890625 0.0109375 0.0234375