1 0.18359375 0.32265625 0.0375 0.06953125
1 0.25625 0.3984375 0.04453125 0.08125
1 0.3 0.45390625 0.04765625 0.07890625
1 0.275 0.234375 0.0203125 0.0453125
1 0.30625 0.2296875 0.0171875 0.0359375
1 0.33515625 0.22734375 0.025 0.04375
1 0.3484375 0.1734375 0.0171875 0.0390625
1 0.365625 0.18828125 0.01484375 0.0375
1 0.3765625 0.22421875 0.0234375 0.040625
1 0.4078125 0.24921875 0.025 0.0546875
1 0.38046875 0.16796875 0.01640625 0.0359375
1 0.415625 0.20390625 0.0234375 0.0421875
1 0.453125 0.20234375 0.0203125 0.0453125
1 0.4375 0.165625 0.0140625 0.03046875
1 0.4234375 0.1578125 0.0140625 0.0375
1 0.46875 0.15078125 0.01640625 0.0359375
1 0.47109375 0.11328125 0.015625 0.02890625
1 0.4875 0.140625 0.015625 0.03203125
1 0.48046875 0.15078125 0.0140625 0.02578125
1 0.48046875 0.17890625 0.01796875 0.03359375
1 0.5 0.121875 0.01171875 0.02734375
1 0.5125 0.1546875 0.01640625 0.040625
1 0.521875 0.12734375 0.015625 0.040625
1 0.53515625 0.13046875 0.0125 0.03046875
1 0.5515625 0.12734375 0.01484375 0.03046875
1 0.55390625 0.06640625 0.0109375 0.02578125
1 0.596875 0.1609375 0.01640625 0.0375
1 0.603125 0.12734375 0.01640625 0.03359375
1 0.6203125 0.11953125 0.0125 0.02890625
1 0.63046875 0.17578125 0.01953125 0.03359375
1 0.65546875 0.1359375 0.015625 0.0359375
1 0.67109375 0.12578125 0.01171875 0.02421875
1 0.71015625 0.1125 0.01484375 0.03046875
1 0.6453125 0.1015625 0.01171875 0.02890625
1 0.625 0.06015625 0.0171875 0.02890625
1 0.55234375 0.1828125 0.02109375 0.0484375
1 0.53203125 0.17890625 0.01953125 0.04375
1 0.54921875 0.23203125 0.0265625 0.05625
1 0.61640625 0.25 0.025 0.053125
1 0.61171875 0.22109375 0.025 0.03359375
1 0.6796875 0.225 0.01953125 0.0453125
1 0.70546875 0.26953125 0.02734375 0.053125
1 0.71171875 0.31875 0.03515625 0.07421875
1 0.71796875 0.2234375 0.02265625 0.0390625
1 0.72265625 0.18515625 0.015625 0.040625
1 0.70703125 0.16796875 0.01953125 0.0421875
1 0.7484375 0.1875 0.0203125 0.0453125
1 0.72890625 0.16484375 0.01640625 0.0390625
1 0.76015625 0.24140625 0.0265625 0.05859375
1 0.78515625 0.30546875 0.03125 0.06171875
1 0.82578125 0.26875 0.021875 0.0546875
1 0.94921875 0.3734375 0.046875 0.096875
1 0.90703125 0.39140625 0.025 0.05859375
1 0.8828125 0.271875 0.0203125 0.0390625
1 0.934375 0.26484375 0.02265625 0.046875
1 0.93515625 0.20625 0.02109375 0.046875
1 0.9453125 0.17421875 0.01484375 0.0375
1 0.91015625 0.1828125 0.0125 0.0359375
1 0.89921875 0.18515625 0.01796875 0.03046875
1 0.90234375 0.2046875 0.01484375 0.0375
1 0.8640625 0.23046875 0.01953125 0.0375
1 0.86171875 0.18515625 0.01640625 0.0375
1 0.83046875 0.19140625 0.01796875 0.03359375
1 0.84140625 0.159375 0.021875 0.040625
1 0.85625 0.15078125 0.015625 0.0390625
1 0.8234375 0.0734375 0.01796875 0.03359375
1 0.796875 0.1375 0.01484375 0.02890625
1 0.79453125 0.16640625 0.0171875 0.0390625
1 0.77421875 0.159375 0.01640625 0.03046875
1 0.78984375 0.2359375 0.025 0.0421875