1 0.06484375 0.32421875 0.02109375 0.05078125
1 0.28515625 0.22734375 0.01875 0.040625
1 0.30859375 0.23046875 0.0171875 0.03828125
1 0.34140625 0.2046875 0.0171875 0.03671875
1 0.3484375 0.18984375 0.01484375 0.03125
1 0.3390625 0.2453125 0.01796875 0.040625
1 0.353125 0.24765625 0.021875 0.03515625
1 0.365625 0.2046875 0.01328125 0.03359375
1 0.4015625 0.1890625 0.01875 0.04375
1 0.37890625 0.246875 0.021875 0.03359375
1 0.4078125 0.2625 0.0234375 0.05078125
1 0.41796875 0.20390625 0.025 0.0421875
1 0.4203125 0.17734375 0.01796875 0.03515625
1 0.428125 0.1546875 0.01796875 0.03125
1 0.446875 0.17109375 0.0234375 0.03671875
1 0.4421875 0.22265625 0.01875 0.04375
1 0.47734375 0.23984375 0.021875 0.040625
1 0.4703125 0.17734375 0.01796875 0.03125
1 0.46796875 0.13359375 0.01875 0.03828125
1 0.4796875 0.159375 0.02109375 0.03671875
1 0.48828125 0.1421875 0.0203125 0.03515625
1 0.503125 0.125 0.01875 0.03515625
1 0.51171875 0.14140625 0.0140625 0.03671875
1 0.52421875 0.13125 0.0140625 0.0296875
1 0.51484375 0.184375 0.02109375 0.03515625
1 0.55078125 0.1421875 0.0171875 0.02109375
1 0.55390625 0.1859375 0.0171875 0.03828125
1 0.55078125 0.153125 0.01328125 0.02109375
1 0.56796875 0.1296875 0.0171875 0.03515625
1 0.584375 0.11875 0.0171875 0.03359375
1 0.52109375 0.28671875 0.0328125 0.05625
1 0.57890625 0.16796875 0.0203125 0.03359375
1 0.60390625 0.12734375 0.01640625 0.040625
1 0.61640625 0.1609375 0.02109375 0.04375
1 0.628125 0.1125 0.01875 0.03125
1 0.64140625 0.10625 0.0171875 0.0265625
1 0.65390625 0.12734375 0.021875 0.040625
1 0.67734375 0.10546875 0.0171875 0.02421875
1 0.6796875 0.1265625 0.02109375 0.03125
1 0.5484375 0.29140625 0.0375 0.06328125
1 0.58671875 0.2328125 0.0203125 0.0546875
1 0.6265625 0.23046875 0.03125 0.059375
1 0.609375 0.33515625 0.03125 0.0578125
1 0.6578125 0.18984375 0.0203125 0.0453125
1 0.6984375 0.16015625 0.01640625 0.0421875
1 0.7125 0.121875 0.01171875 0.0265625
1 0.70546875 0.19765625 0.0234375 0.04765625
1 0.67421875 0.2765625 0.021875 0.06875
1 0.66484375 0.3703125 0.03515625 0.07890625
1 0.7515625 0.13515625 0.01640625 0.03515625
1 0.74765625 0.16953125 0.02109375 0.03359375
1 0.73359375 0.22734375 0.02734375 0.03671875
1 0.7234375 0.30390625 0.01796875 0.0421875
1 0.78046875 0.13515625 0.021875 0.03515625
1 0.8046875 0.1625 0.0140625 0.03671875
1 0.76171875 0.20546875 0.01875 0.05625
1 0.79296875 0.22265625 0.02109375 0.04765625
1 0.78046875 0.2546875 0.02109375 0.04921875
1 0.7640625 0.2984375 0.028125 0.05625
1 0.74375 0.36796875 0.03515625 0.06484375
1 0.82578125 0.40625 0.03828125 0.0703125
1 0.83515625 0.32578125 0.03125 0.06171875
1 0.81953125 0.253125 0.01796875 0.03828125
1 0.86796875 0.2671875 0.01875 0.0453125
1 0.8828125 0.24921875 0.0234375 0.05625
1 0.92265625 0.246875 0.02890625 0.05078125
1 0.90859375 0.3421875 0.02421875 0.06171875
1 0.91796875 0.2953125 0.01328125 0.03515625
1 0.88359375 0.42890625 0.03046875 0.07734375
1 0.76015625 0.15546875 0.01484375 0.03671875