1 0.3875 0.5015625 0.065625 0.128125
1 0.25234375 0.39453125 0.05625 0.1125
1 0.22890625 0.1609375 0.0140625 0.02890625
1 0.40390625 0.2015625 0.01640625 0.034375
1 0.434375 0.203125 0.0140625 0.03046875
1 0.44921875 0.228125 0.0171875 0.04375
1 0.434375 0.2484375 0.01953125 0.03828125
1 0.57109375 0.1109375 0.01328125 0.02734375
1 0.60078125 0.10546875 0.01328125 0.0234375
1 0.6328125 0.11640625 0.0125 0.01953125
1 0.65078125 0.12421875 0.01015625 0.01640625
1 0.63046875 0.22890625 0.02109375 0.05625
1 0.57890625 0.24921875 0.0234375 0.04375