1 0.2640625 0.25859375 0.015625 0.03203125
1 0.2734375 0.2515625 0.01640625 0.03671875
1 0.2921875 0.2609375 0.01796875 0.03203125
1 0.36015625 0.19453125 0.01796875 0.03671875
1 0.3828125 0.234375 0.02421875 0.0484375
1 0.38984375 0.1921875 0.01796875 0.03671875
1 0.43515625 0.221875 0.01796875 0.04140625
1 0.46328125 0.22421875 0.0234375 0.04609375
1 0.4453125 0.1828125 0.0125 0.03203125
1 0.41640625 0.16015625 0.0140625 0.02734375
1 0.41875 0.09921875 0.01171875 0.025
1 0.484375 0.1890625 0.01640625 0.0390625
1 0.47578125 0.1765625 0.0140625 0.03203125
1 0.4640625 0.15703125 0.0140625 0.0296875
1 0.50625 0.12109375 0.01640625 0.03671875
1 0.5390625 0.11640625 0.015625 0.03203125
1 0.55546875 0.10625 0.009375 0.0203125
1 0.55859375 0.12890625 0.0125 0.025
1 0.56875 0.140625 0.01796875 0.0296875
1 0.565625 0.16953125 0.01640625 0.04140625
1 0.51953125 0.16796875 0.01171875 0.025
1 0.5171875 0.19765625 0.01796875 0.0390625
1 0.53671875 0.1796875 0.015625 0.0296875
1 0.49375 0.29765625 0.02734375 0.0546875
1 0.528125 0.325 0.0296875 0.05
1 0.5984375 0.15078125 0.015625 0.03671875
1 0.60703125 0.12578125 0.009375 0.02265625
1 0.578125 0.115625 0.01171875 0.025
1 0.59296875 0.09921875 0.01171875 0.0296875
1 0.61171875 0.09609375 0.0140625 0.02734375
1 0.63671875 0.0953125 0.0140625 0.0296875
1 0.63359375 0.12109375 0.0140625 0.03203125
1 0.6375 0.13359375 0.01640625 0.0296875
1 0.66875 0.103125 0.01171875 0.02265625
1 0.69609375 0.0984375 0.0125 0.03203125
1 0.6625 0.1671875 0.0203125 0.04609375
1 0.6515625 0.20390625 0.02421875 0.05
1 0.6234375 0.24140625 0.02734375 0.04375
1 0.6109375 0.20234375 0.01796875 0.0484375
1 0.55625 0.25078125 0.0203125 0.0390625
1 0.6015625 0.3125 0.03203125 0.05234375
1 0.69140625 0.3125 0.034375 0.07109375
1 0.70078125 0.2265625 0.021875 0.0546875
1 0.68828125 0.178125 0.01953125 0.05
1 0.67421875 0.15078125 0.015625 0.03671875
1 0.725 0.1796875 0.021875 0.05234375
1 0.72109375 0.246875 0.028125 0.05
1 0.7625 0.2734375 0.03203125 0.07578125
1 0.74609375 0.328125 0.034375 0.06640625
1 0.7609375 0.20703125 0.0203125 0.04375
1 0.77890625 0.2015625 0.01796875 0.03671875
1 0.771875 0.159375 0.01640625 0.04375
1 0.75546875 0.1234375 0.015625 0.03203125
1 0.81328125 0.15234375 0.01796875 0.034375
1 0.82109375 0.13828125 0.0125 0.0296875
1 0.83046875 0.12578125 0.01640625 0.03671875
1 0.8421875 0.14609375 0.01640625 0.03671875
1 0.85 0.1375 0.0140625 0.03203125
1 0.859375 0.12265625 0.0140625 0.025
1 0.88046875 0.165625 0.01796875 0.0390625
1 0.88671875 0.13125 0.01015625 0.025
1 0.92109375 0.15234375 0.0140625 0.0296875
1 0.86796875 0.20703125 0.021875 0.0484375
1 0.81796875 0.2140625 0.02734375 0.0484375
1 0.8015625 0.24453125 0.0234375 0.059375
1 0.8296875 0.31015625 0.02421875 0.06171875
1 0.7859375 0.39453125 0.034375 0.08046875
1 0.89609375 0.4015625 0.0375 0.07578125
1 0.90703125 0.2953125 0.02421875 0.0546875
1 0.90546875 0.2484375 0.01953125 0.0390625
1 0.915625 0.21484375 0.01640625 0.03671875