1 0.05234375 0.3671875 0.03125 0.0640625
1 0.2578125 0.28828125 0.021875 0.04140625
1 0.284375 0.2578125 0.021875 0.03984375
1 0.3046875 0.234375 0.01875 0.0359375
1 0.31796875 0.25078125 0.02265625 0.03984375
1 0.35 0.2703125 0.0234375 0.04609375
1 0.38359375 0.30078125 0.02734375 0.0578125
1 0.3734375 0.2140625 0.0171875 0.03828125
1 0.390625 0.21484375 0.01796875 0.03984375
1 0.41953125 0.22734375 0.021875 0.04296875
1 0.421875 0.1890625 0.01796875 0.03125
1 0.409375 0.17265625 0.01484375 0.028125
1 0.45 0.19140625 0.0171875 0.0359375
1 0.44765625 0.225 0.01953125 0.034375
1 0.4875 0.22265625 0.021875 0.04296875
1 0.49453125 0.19453125 0.0171875 0.0359375
1 0.478125 0.17109375 0.0140625 0.028125
1 0.48359375 0.15859375 0.01640625 0.0328125
1 0.46953125 0.15390625 0.01328125 0.025
1 0.45546875 0.15 0.01328125 0.0265625
1 0.45859375 0.175 0.0140625 0.0265625
1 0.47421875 0.19375 0.01875 0.028125
1 0.525 0.20859375 0.01953125 0.04140625
1 0.50859375 0.1734375 0.01484375 0.0328125
1 0.490625 0.1296875 0.009375 0.02109375
1 0.52421875 0.14296875 0.01328125 0.03125
1 0.53515625 0.13046875 0.01328125 0.0265625
1 0.55 0.1484375 0.0171875 0.03984375
1 0.4984375 0.28046875 0.02578125 0.053125
1 0.56484375 0.28828125 0.02734375 0.0609375
1 0.56640625 0.24375 0.02265625 0.04765625
1 0.57890625 0.16796875 0.0140625 0.04296875
1 0.56796875 0.1125 0.0140625 0.0265625
1 0.58984375 0.12421875 0.01484375 0.034375
1 0.621875 0.1421875 0.01875 0.0328125
1 0.6046875 0.09765625 0.01484375 0.0296875
1 0.6234375 0.11484375 0.01171875 0.02109375
1 0.6203125 0.0984375 0.01015625 0.02109375
1 0.64453125 0.12265625 0.0171875 0.03125
1 0.65546875 0.10234375 0.0125 0.0265625
1 0.6859375 0.1171875 0.01640625 0.0328125
1 0.68984375 0.1046875 0.01328125 0.028125
1 0.69296875 0.1515625 0.01875 0.04296875
1 0.6546875 0.1703125 0.01875 0.04296875
1 0.625 0.19609375 0.021875 0.04921875
1 0.6203125 0.25546875 0.02578125 0.05625
1 0.6046875 0.3390625 0.0296875 0.06796875
1 0.66953125 0.34765625 0.034375 0.07109375
1 0.72421875 0.29375 0.028125 0.059375
1 0.665625 0.259375 0.02578125 0.04921875
1 0.66640625 0.20859375 0.02109375 0.04140625
1 0.69921875 0.215625 0.02265625 0.04765625
1 0.70625 0.17421875 0.01875 0.034375
1 0.715625 0.140625 0.0171875 0.0359375
1 0.73671875 0.1234375 0.0140625 0.03984375
1 0.784375 0.2921875 0.02734375 0.0625
1 0.7625 0.215625 0.02421875 0.0546875
1 0.74609375 0.178125 0.021875 0.04609375
1 0.7640625 0.1578125 0.0171875 0.03125
1 0.7515625 0.13515625 0.01640625 0.0328125
1 0.771875 0.1234375 0.0140625 0.0328125
1 0.78828125 0.12421875 0.01484375 0.03828125
1 0.80703125 0.13125 0.01796875 0.03125
1 0.81875 0.12578125 0.01328125 0.0265625
1 0.8140625 0.17265625 0.01875 0.03828125
1 0.828125 0.17421875 0.01796875 0.034375
1 0.8515625 0.18671875 0.02109375 0.04296875
1 0.84375 0.13828125 0.0125 0.0328125
1 0.85703125 0.14765625 0.01796875 0.03828125
1 0.87578125 0.12421875 0.0140625 0.03828125
1 0.8765625 0.20546875 0.01640625 0.04765625
1 0.89296875 0.1890625 0.01796875 0.04453125
1 0.90078125 0.134375 0.01875 0.03828125
1 0.93359375 0.1609375 0.01640625 0.03828125
1 0.93125 0.19609375 0.02265625 0.04609375
1 0.928125 0.27734375 0.02421875 0.0625
1 0.825 0.22578125 0.02265625 0.04296875