1 0.19609375 0.5203125 0.0859375 0.11484375
1 0.25703125 0.55 0.075 0.13671875
1 0.340625 0.571875 0.1359375 0.2484375
1 0.48046875 0.509375 0.09453125 0.159375
1 0.54140625 0.478125 0.0609375 0.12578125
1 0.39140625 0.48125 0.05 0.09609375
1 0.4125 0.4609375 0.04140625 0.08515625
1 0.6359375 0.49453125 0.078125 0.13671875
1 0.70390625 0.5703125 0.11953125 0.21484375
1 0.8015625 0.53125 0.0859375 0.13671875
1 0.775 0.46640625 0.0609375 0.09609375
1 0.72109375 0.45703125 0.05859375 0.09296875
1 0.88046875 0.46875 0.0609375 0.1
1 0.9359375 0.51640625 0.1109375 0.19609375