1 0.1828125 0.39609375 0.04296875 0.07890625
1 0.15703125 0.38203125 0.03203125 0.06796875
1 0.1328125 0.37109375 0.0328125 0.06953125
1 0.12578125 0.33203125 0.03125 0.059375
1 0.18203125 0.315625 0.025 0.0484375
1 0.21796875 0.30234375 0.028125 0.0484375
1 0.26171875 0.28984375 0.02734375 0.0625
1 0.29765625 0.3125 0.0328125 0.06796875
1 0.303125 0.259375 0.028125 0.05234375
1 0.34765625 0.36953125 0.0375 0.06796875
1 0.38203125 0.31796875 0.03359375 0.059375
1 0.42421875 0.2921875 0.028125 0.0609375