1 0.23984375 0.43046875 0.0484375 0.10625
1 0.2734375 0.265625 0.01953125 0.0328125
1 0.296875 0.2734375 0.0140625 0.0359375
1 0.2984375 0.24375 0.01640625 0.01796875
1 0.33984375 0.2890625 0.0234375 0.040625
1 0.3765625 0.29375 0.01796875 0.0359375
1 0.37890625 0.253125 0.02265625 0.02109375
1 0.35078125 0.24609375 0.01953125 0.0265625
1 0.4453125 0.22578125 0.01484375 0.03125
1 0.3859375 0.18515625 0.01328125 0.02265625
1 0.4046875 0.19375 0.015625 0.02265625
1 0.4203125 0.18125 0.01484375 0.028125
1 0.453125 0.18828125 0.01015625 0.0296875
1 0.47109375 0.1875 0.01796875 0.034375
1 0.46640625 0.23828125 0.01875 0.040625
1 0.50390625 0.3 0.02421875 0.05546875
1 0.5359375 0.32421875 0.02265625 0.05546875
1 0.60078125 0.346875 0.0234375 0.05390625
1 0.69296875 0.3234375 0.025 0.05703125
1 0.75390625 0.3359375 0.02890625 0.065625
1 0.8140625 0.4046875 0.03125 0.071875
1 0.8828125 0.3765625 0.03359375 0.0671875
1 0.90703125 0.31640625 0.028125 0.05546875
1 0.8328125 0.31328125 0.025 0.05234375
1 0.78125 0.27265625 0.01875 0.04453125
1 0.73203125 0.25234375 0.025 0.05234375
1 0.61328125 0.2640625 0.01796875 0.04609375
1 0.58984375 0.24375 0.01875 0.04453125
1 0.51875 0.209375 0.015625 0.0375
1 0.49609375 0.203125 0.02109375 0.0359375
1 0.4796875 0.15625 0.01875 0.034375
1 0.62421875 0.209375 0.01796875 0.0375
1 0.659375 0.2140625 0.01796875 0.034375
1 0.71015625 0.2390625 0.01640625 0.0390625
1 0.6671875 0.1734375 0.01484375 0.0328125
1 0.70234375 0.18671875 0.0140625 0.0390625
1 0.7296875 0.20546875 0.0203125 0.0375
1 0.77109375 0.2203125 0.015625 0.04453125
1 0.80703125 0.24296875 0.01796875 0.04296875
1 0.865625 0.2625 0.02265625 0.05234375
1 0.921875 0.265625 0.0203125 0.04921875
1 0.51328125 0.12578125 0.01171875 0.02109375
1 0.525 0.16484375 0.015625 0.028125
1 0.54921875 0.184375 0.01328125 0.0375
1 0.53671875 0.13125 0.015625 0.0296875
1 0.5625 0.12421875 0.01328125 0.0296875
1 0.57890625 0.16640625 0.015625 0.034375
1 0.58984375 0.1375 0.01484375 0.0265625
1 0.61328125 0.15 0.01640625 0.03125
1 0.596875 0.10703125 0.01484375 0.03125
1 0.62109375 0.103125 0.01015625 0.02265625
1 0.64453125 0.13515625 0.0140625 0.034375
1 0.6703125 0.10703125 0.01015625 0.02421875
1 0.70234375 0.10546875 0.01328125 0.028125
1 0.73203125 0.13671875 0.015625 0.0375
1 0.76015625 0.15078125 0.01328125 0.0296875
1 0.76875 0.13046875 0.0109375 0.03125
1 0.78125 0.17734375 0.01640625 0.0390625
1 0.81328125 0.153125 0.01484375 0.028125
1 0.83671875 0.1203125 0.01484375 0.02421875
1 0.82890625 0.14609375 0.01640625 0.02265625
1 0.82421875 0.2 0.01796875 0.04296875
1 0.85625 0.16484375 0.01171875 0.034375
1 0.86953125 0.1328125 0.01328125 0.0296875
1 0.87265625 0.2140625 0.01640625 0.040625
1 0.925 0.21953125 0.01328125 0.0390625
1 0.89296875 0.1765625 0.01484375 0.0375
1 0.93046875 0.16171875 0.01484375 0.028125
1 0.9 0.1515625 0.015625 0.03125
1 0.71953125 0.171875 0.01328125 0.0328125
1 0.6921875 0.17109375 0.01328125 0.034375