1 0.14140625 0.525 0.0453125 0.084375
1 0.22890625 0.34140625 0.01640625 0.03828125
1 0.26328125 0.34296875 0.0203125 0.04453125
1 0.28125 0.375 0.0234375 0.04453125
1 0.284375 0.31015625 0.01953125 0.03671875
1 0.3359375 0.35859375 0.0234375 0.05234375
1 0.35546875 0.32421875 0.01484375 0.0328125
1 0.35234375 0.29453125 0.01484375 0.0328125
1 0.38125 0.3484375 0.021875 0.04140625
1 0.409375 0.3328125 0.0203125 0.03828125
1 0.40625 0.29453125 0.01875 0.0296875
1 0.39140625 0.259375 0.015625 0.028125
1 0.4390625 0.334375 0.02578125 0.046875
1 0.425 0.25703125 0.01484375 0.02421875
1 0.44296875 0.26171875 0.015625 0.03125
1 0.47109375 0.30625 0.0203125 0.04296875
1 0.4984375 0.3265625 0.01953125 0.03828125
1 0.4671875 0.2640625 0.01171875 0.0359375
1 0.459375 0.23984375 0.01171875 0.0296875
1 0.50390625 0.265625 0.015625 0.0359375
1 0.5234375 0.2703125 0.0171875 0.03671875
1 0.51484375 0.2484375 0.01640625 0.0296875
1 0.540625 0.24921875 0.0171875 0.03671875
1 0.54609375 0.2890625 0.015625 0.034375
1 0.57421875 0.26015625 0.015625 0.0328125
1 0.56796875 0.24765625 0.01015625 0.02578125
1 0.55234375 0.2265625 0.01328125 0.03125
1 0.5671875 0.21953125 0.01171875 0.028125
1 0.5953125 0.2203125 0.01640625 0.0328125
1 0.6015625 0.20625 0.01171875 0.028125
1 0.5953125 0.2515625 0.015625 0.0328125
1 0.6296875 0.25078125 0.0171875 0.034375
1 0.6203125 0.21640625 0.0109375 0.028125
1 0.63359375 0.221875 0.01484375 0.02265625
1 0.6671875 0.22734375 0.0140625 0.02109375
1 0.66640625 0.20546875 0.01328125 0.034375
1 0.678125 0.22265625 0.0171875 0.0296875
1 0.53515625 0.35703125 0.02421875 0.05546875
1 0.478125 0.40234375 0.03203125 0.05859375
1 0.54765625 0.40703125 0.02734375 0.05
1 0.59140625 0.453125 0.03125 0.07421875
1 0.62890625 0.46484375 0.03984375 0.07578125
1 0.69140625 0.5421875 0.04296875 0.07265625
1 0.80625 0.51484375 0.03515625 0.06953125
1 0.60859375 0.359375 0.025 0.05234375
1 0.59609375 0.32734375 0.0171875 0.03984375
1 0.628125 0.3 0.0171875 0.03828125
1 0.64453125 0.36640625 0.0265625 0.05703125
1 0.68671875 0.35703125 0.021875 0.05546875
1 0.7125 0.4015625 0.03046875 0.06875
1 0.77734375 0.428125 0.0296875 0.0609375
1 0.83203125 0.4546875 0.0296875 0.06875
1 0.9125 0.4671875 0.034375 0.06015625
1 0.89765625 0.440625 0.0203125 0.04453125
1 0.8484375 0.3890625 0.0234375 0.0484375
1 0.80625 0.359375 0.021875 0.05234375
1 0.78515625 0.296875 0.01953125 0.03828125
1 0.771875 0.2859375 0.01484375 0.03984375
1 0.76328125 0.2640625 0.015625 0.02734375
1 0.771875 0.2375 0.01328125 0.0296875
1 0.725 0.2515625 0.0171875 0.04140625
1 0.73984375 0.23828125 0.0109375 0.02265625
1 0.728125 0.23359375 0.01328125 0.02578125
1 0.70078125 0.25 0.01796875 0.03828125
1 0.66640625 0.28046875 0.0171875 0.03984375
1 0.69609375 0.2984375 0.0203125 0.0328125
1 0.675 0.31640625 0.021875 0.04296875
1 0.8015625 0.2421875 0.01640625 0.028125
1 0.81171875 0.26484375 0.0171875 0.03125
1 0.834375 0.25234375 0.0140625 0.028125
1 0.84296875 0.2703125 0.01953125 0.03671875
1 0.83671875 0.31015625 0.01875 0.03828125
1 0.86015625 0.334375 0.01875 0.03125
1 0.875 0.321875 0.01796875 0.03984375
1 0.8703125 0.259375 0.01484375 0.034375
1 0.89296875 0.28515625 0.01796875 0.04296875
1 0.91171875 0.3515625 0.021875 0.04296875
1 0.90625 0.3171875 0.0171875 0.0328125
1 0.91875 0.3015625 0.01328125 0.0296875
1 0.928125 0.2734375 0.015625 0.028125