1 0.07578125 0.5125 0.04453125 0.09765625
1 0.2296875 0.24765625 0.01875 0.04609375
1 0.2453125 0.2484375 0.0203125 0.04453125
1 0.26484375 0.2359375 0.01328125 0.04140625
1 0.321875 0.22578125 0.015625 0.03984375
1 0.31796875 0.19921875 0.01875 0.03125
1 0.34375 0.21875 0.0203125 0.04765625
1 0.35703125 0.1984375 0.01640625 0.04453125
1 0.37265625 0.18515625 0.01953125 0.034375
1 0.3828125 0.240625 0.0203125 0.04453125
1 0.415625 0.17421875 0.0171875 0.0328125
1 0.44140625 0.17890625 0.01328125 0.0359375
1 0.43671875 0.296875 0.01953125 0.05234375
1 0.48046875 0.22265625 0.02265625 0.04609375
1 0.4625 0.15859375 0.015625 0.03828125
1 0.47265625 0.1390625 0.015625 0.03125
1 0.484375 0.16640625 0.021875 0.04140625
1 0.4984375 0.13984375 0.0109375 0.0328125
1 0.52265625 0.1515625 0.01640625 0.028125
1 0.50234375 0.19375 0.015625 0.0328125
1 0.56015625 0.2046875 0.01953125 0.04140625
1 0.5375 0.1484375 0.01171875 0.034375
1 0.5578125 0.14765625 0.0109375 0.0265625
1 0.559375 0.128125 0.01484375 0.028125
1 0.58046875 0.128125 0.01640625 0.03125
1 0.603125 0.1171875 0.01328125 0.028125
1 0.63515625 0.11953125 0.01171875 0.0359375
1 0.5859375 0.190625 0.01328125 0.0328125
1 0.65859375 0.14296875 0.015625 0.0359375
1 0.6625 0.13125 0.01875 0.03125
1 0.6953125 0.12890625 0.01484375 0.0359375
1 0.7140625 0.1421875 0.01171875 0.03125
1 0.6140625 0.16796875 0.01484375 0.03828125
1 0.6234375 0.1859375 0.01796875 0.04140625
1 0.6671875 0.2171875 0.02265625 0.05078125
1 0.70390625 0.1953125 0.01640625 0.0359375
1 0.61171875 0.28125 0.0234375 0.04609375
1 0.578125 0.3125 0.02265625 0.04921875
1 0.6078125 0.3421875 0.02421875 0.05703125
1 0.6609375 0.3703125 0.0265625 0.05078125
1 0.73125 0.36328125 0.0265625 0.05859375
1 0.7265625 0.24140625 0.02109375 0.04296875
1 0.74453125 0.2125 0.01640625 0.04140625
1 0.76328125 0.1828125 0.015625 0.0359375
1 0.77890625 0.18671875 0.0140625 0.04296875
1 0.796875 0.17890625 0.02109375 0.0359375
1 0.81171875 0.18046875 0.01328125 0.04296875
1 0.7984375 0.240625 0.0171875 0.03828125
1 0.7671875 0.265625 0.015625 0.04296875
1 0.81484375 0.28671875 0.01875 0.05390625
1 0.7921875 0.4203125 0.02890625 0.08359375
1 0.85546875 0.46328125 0.02734375 0.08828125
1 0.8734375 0.39375 0.02109375 0.05859375
1 0.86484375 0.31484375 0.021875 0.04453125
1 0.87265625 0.21953125 0.01484375 0.034375
1 0.90078125 0.22265625 0.0140625 0.03984375
1 0.940625 0.22421875 0.0171875 0.03671875
1 0.95 0.41484375 0.021875 0.06328125
1 0.984375 0.24765625 0.01328125 0.03671875
1 0.965625 0.2890625 0.01796875 0.03984375
1 0.97421875 0.334375 0.01796875 0.04765625
1 0.9234375 0.32265625 0.01875 0.05234375
1 0.8921875 0.26328125 0.01796875 0.05078125
1 0.9296875 0.25 0.0109375 0.03671875
1 0.82265625 0.2078125 0.01796875 0.0359375
1 0.4046875 0.234375 0.01640625 0.03828125
1 0.425 0.1609375 0.0140625 0.025
1 0.68828125 0.14765625 0.01953125 0.0328125
1 0.94375 0.35390625 0.01953125 0.05859375