1 0.19921875 0.459375 0.04921875 0.08515625
1 0.2515625 0.39609375 0.03984375 0.1
1 0.36796875 0.253125 0.01875 0.040625
1 0.31484375 0.2921875 0.0203125 0.04609375
1 0.48046875 0.3203125 0.03125 0.0609375
1 0.4125 0.23515625 0.01796875 0.0375
1 0.43671875 0.2953125 0.02578125 0.04296875
1 0.45 0.221875 0.01875 0.040625
1 0.45234375 0.18359375 0.0171875 0.0390625
1 0.47578125 0.19453125 0.01796875 0.034375
1 0.53984375 0.1953125 0.015625 0.0359375
1 0.6625 0.25234375 0.02265625 0.05234375
1 0.71953125 0.28125 0.021875 0.05390625
1 0.76875 0.29375 0.021875 0.05234375
1 0.88203125 0.21640625 0.01796875 0.04296875
1 0.6921875 0.1484375 0.015625 0.034375
1 0.71953125 0.140625 0.01484375 0.0296875
1 0.7328125 0.14921875 0.01328125 0.0359375
1 0.75234375 0.14296875 0.0171875 0.0296875
1 0.775 0.15234375 0.0171875 0.0390625
1 0.803125 0.16875 0.01875 0.0359375
1 0.81875 0.1234375 0.0109375 0.028125
1 0.57890625 0.14921875 0.0125 0.0328125
1 0.5546875 0.1453125 0.0140625 0.03125
1 0.53359375 0.1359375 0.01484375 0.0328125
1 0.51328125 0.1578125 0.0171875 0.0375
1 0.4828125 0.15546875 0.0140625 0.0328125
1 0.4703125 0.1515625 0.01484375 0.03125