1 0.8453125 0.10625 0.01328125 0.028125
1 0.86953125 0.11796875 0.01484375 0.03203125
1 0.88046875 0.1 0.01015625 0.028125
1 0.93515625 0.10546875 0.01015625 0.02578125
1 0.9109375 0.14609375 0.01015625 0.0203125
1 0.875 0.18828125 0.01484375 0.0359375
1 0.9140625 0.1921875 0.02265625 0.0484375
1 0.80859375 0.1609375 0.01953125 0.05
1 0.81875 0.13359375 0.0125 0.02578125
1 0.7984375 0.11953125 0.0109375 0.02578125
1 0.86328125 0.21328125 0.015625 0.03828125
1 0.78125 0.1171875 0.01015625 0.02578125
1 0.759375 0.13203125 0.0109375 0.03203125
1 0.7734375 0.134375 0.01328125 0.03203125
1 0.72421875 0.1234375 0.01484375 0.034375
1 0.73359375 0.14140625 0.01484375 0.03828125
1 0.75 0.1734375 0.01796875 0.03828125
1 0.76953125 0.26953125 0.0234375 0.05390625
1 0.728125 0.184375 0.0171875 0.03984375
1 0.73125 0.22109375 0.0234375 0.05390625
1 0.7015625 0.2171875 0.021875 0.05390625
1 0.70703125 0.290625 0.02265625 0.06015625
1 0.62578125 0.06796875 0.01015625 0.028125
1 0.65234375 0.0578125 0.01328125 0.02421875
1 0.67890625 0.059375 0.0109375 0.02578125
1 0.6671875 0.11328125 0.01015625 0.02578125
1 0.6390625 0.1125 0.0109375 0.028125
1 0.65859375 0.17109375 0.01484375 0.034375
1 0.684375 0.1390625 0.01328125 0.034375
1 0.7109375 0.1640625 0.0125 0.03203125
1 0.65390625 0.2015625 0.0203125 0.04609375
1 0.62265625 0.20703125 0.0171875 0.04609375
1 0.6703125 0.334375 0.02578125 0.0640625
1 0.60390625 0.2484375 0.0203125 0.04375
1 0.5640625 0.24140625 0.021875 0.04609375
1 0.61796875 0.13203125 0.01484375 0.03203125
1 0.60234375 0.07109375 0.0125 0.0296875
1 0.55078125 0.08125 0.0109375 0.021875
1 0.571875 0.14453125 0.01484375 0.0359375
1 0.57109375 0.1703125 0.015625 0.0359375
1 0.52734375 0.13125 0.01015625 0.02578125
1 0.54609375 0.13828125 0.015625 0.03203125
1 0.54375 0.1609375 0.0125 0.034375
1 0.4296875 0.1359375 0.01328125 0.028125
1 0.45 0.140625 0.0125 0.028125
1 0.46484375 0.14921875 0.01328125 0.02578125
1 0.38203125 0.1984375 0.01015625 0.02421875
1 0.40703125 0.21953125 0.01328125 0.034375
1 0.43984375 0.23359375 0.015625 0.03828125
1 0.41171875 0.26328125 0.01796875 0.05
1 0.3453125 0.23125 0.0171875 0.0421875
1 0.35546875 0.2125 0.01328125 0.0359375
1 0.26328125 0.259375 0.0125 0.0296875
1 0.23203125 0.23671875 0.015625 0.03984375
1 0.3046875 0.25546875 0.0203125 0.03828125
1 0.4890625 0.2953125 0.02265625 0.0578125
1 0.5328125 0.30859375 0.02265625 0.05625
1 0.5671875 0.33671875 0.0234375 0.0640625
1 0.19609375 0.3734375 0.04375 0.09453125