1 0.53671875 0.56796875 0.075 0.15625
1 0.25078125 0.2515625 0.02265625 0.059375
1 0.32421875 0.19765625 0.015625 0.0296875
1 0.37890625 0.16328125 0.015625 0.02421875
1 0.39140625 0.21796875 0.025 0.040625
1 0.41953125 0.21796875 0.01484375 0.0375
1 0.44453125 0.2328125 0.015625 0.03359375
1 0.46640625 0.15546875 0.015625 0.03203125
1 0.4734375 0.16953125 0.015625 0.02578125
1 0.5171875 0.19453125 0.021875 0.0390625
1 0.553125 0.20078125 0.02265625 0.03359375
1 0.6765625 0.12734375 0.01953125 0.05390625
1 0.63203125 0.16171875 0.02578125 0.0375
1 0.63046875 0.2578125 0.02421875 0.06171875
1 0.70546875 0.1546875 0.01953125 0.0484375
1 0.7421875 0.1765625 0.01953125 0.04453125
1 0.77890625 0.19296875 0.01875 0.0390625
1 0.83359375 0.25625 0.02265625 0.0390625
1 0.92578125 0.27109375 0.021875 0.04296875
1 0.94921875 0.20234375 0.0125 0.0390625
1 0.57734375 0.12578125 0.0125 0.02421875