1 0.08125 0.33125 0.01796875 0.03515625
1 0.12890625 0.30234375 0.02109375 0.0453125
1 0.190625 0.4953125 0.04140625 0.09609375
1 0.21875 0.2765625 0.0296875 0.05703125
1 0.296875 0.2765625 0.02578125 0.05703125
1 0.3328125 0.2640625 0.0203125 0.0421875
1 0.3703125 0.2640625 0.0265625 0.05234375
1 0.4328125 0.21875 0.01796875 0.0390625
1 0.453125 0.23125 0.01875 0.04375
1 0.43203125 0.27421875 0.025 0.04921875
1 0.4921875 0.3171875 0.03125 0.0609375
1 0.54921875 0.3609375 0.02734375 0.05703125
1 0.71953125 0.14453125 0.015625 0.03515625
1 0.753125 0.1484375 0.01796875 0.03359375
1 0.88984375 0.21875 0.0203125 0.04921875