1 0.05546875 0.33515625 0.0890625 0.15234375
1 0.16796875 0.37265625 0.0703125 0.11015625
1 0.20703125 0.4109375 0.01953125 0.05234375
1 0.21875 0.4046875 0.01953125 0.04921875
1 0.23828125 0.440625 0.0328125 0.05546875
1 0.32890625 0.4125 0.06328125 0.0984375
1 0.371875 0.39453125 0.04609375 0.08515625
1 0.42265625 0.403125 0.04609375 0.08203125
1 0.4625 0.4125 0.034375 0.065625
1 0.51640625 0.41796875 0.0375 0.0640625
1 0.49140625 0.43203125 0.02421875 0.04140625
1 0.56015625 0.45078125 0.01875 0.04296875
1 0.59453125 0.4203125 0.034375 0.0625
1 0.621875 0.44453125 0.01953125 0.034375
1 0.64140625 0.44609375 0.02421875 0.04609375
1 0.675 0.4484375 0.03046875 0.04140625
1 0.7109375 0.44609375 0.0234375 0.040625
1 0.7390625 0.44921875 0.01875 0.040625
1 0.7609375 0.44765625 0.02265625 0.0375