1 0.12890625 0.5375 0.0375 0.06875
1 0.2296875 0.32578125 0.01953125 0.03125
1 0.26015625 0.33203125 0.01953125 0.03828125
1 0.2859375 0.35625 0.01875 0.04375
1 0.28828125 0.29765625 0.01796875 0.03359375
1 0.3640625 0.33046875 0.021875 0.040625
1 0.35703125 0.2828125 0.01640625 0.0265625
1 0.38984375 0.321875 0.01875 0.0390625
1 0.4125 0.31796875 0.01875 0.03203125
1 0.40078125 0.24765625 0.015625 0.03203125
1 0.4125 0.26484375 0.015625 0.0296875
1 0.41328125 0.28828125 0.01796875 0.0296875
1 0.44140625 0.3 0.01953125 0.03203125
1 0.4546875 0.31875 0.0203125 0.03671875
1 0.48046875 0.29375 0.01953125 0.03359375
1 0.43125 0.246875 0.0140625 0.0296875
1 0.45078125 0.2515625 0.0140625 0.03359375
1 0.46640625 0.2359375 0.01640625 0.03125
1 0.475 0.22578125 0.01171875 0.02421875
1 0.48046875 0.25390625 0.015625 0.03125
1 0.496875 0.253125 0.015625 0.0296875
1 0.5125 0.24765625 0.01171875 0.0265625
1 0.52734375 0.23125 0.015625 0.02421875
1 0.5296875 0.26484375 0.01640625 0.0296875
1 0.51171875 0.31328125 0.01953125 0.03359375
1 0.54921875 0.23984375 0.0171875 0.03359375
1 0.5625 0.271875 0.0171875 0.03515625
1 0.57890625 0.2578125 0.015625 0.03203125
1 0.5765625 0.20703125 0.01171875 0.02109375
1 0.57890625 0.221875 0.01328125 0.028125
1 0.59375 0.2296875 0.01640625 0.0296875
1 0.60546875 0.24453125 0.01640625 0.03125
1 0.61328125 0.2125 0.0125 0.0265625
1 0.61328125 0.19765625 0.0140625 0.025
1 0.63828125 0.20625 0.01640625 0.03359375
1 0.65078125 0.21171875 0.0171875 0.028125
1 0.65390625 0.23359375 0.01640625 0.0296875
1 0.6828125 0.2015625 0.0125 0.0296875
1 0.68828125 0.21953125 0.0125 0.02421875
1 0.70078125 0.215625 0.0140625 0.0296875
1 0.6828125 0.26484375 0.015625 0.03203125
1 0.7203125 0.2390625 0.015625 0.03125
1 0.64453125 0.290625 0.021875 0.0421875
1 0.65859375 0.3234375 0.02109375 0.03515625
1 0.609375 0.31640625 0.02265625 0.040625
1 0.60234375 0.36953125 0.02734375 0.05625
1 0.621875 0.41953125 0.028125 0.06328125
1 0.64453125 0.4546875 0.034375 0.065625
1 0.55625 0.3875 0.0296875 0.05078125
1 0.5375 0.34453125 0.021875 0.04609375
1 0.4984375 0.37734375 0.03125 0.0546875
1 0.6765625 0.36953125 0.02578125 0.05625
1 0.69921875 0.34609375 0.021875 0.04921875
1 0.740625 0.3921875 0.03046875 0.04609375
1 0.71640625 0.52578125 0.0421875 0.065625
1 0.84453125 0.4828125 0.0328125 0.0703125
1 0.803125 0.4125 0.03125 0.05234375
1 0.86484375 0.434375 0.03359375 0.0578125
1 0.94296875 0.45234375 0.03359375 0.05625
1 0.93515625 0.38203125 0.02109375 0.0453125
1 0.8796875 0.3625 0.021875 0.05625
1 0.825 0.3421875 0.0203125 0.04609375
1 0.7078125 0.29375 0.01796875 0.03359375
1 0.721875 0.2921875 0.01953125 0.03359375
1 0.74609375 0.24375 0.015625 0.03203125
1 0.76328125 0.221875 0.01328125 0.028125
1 0.75 0.2296875 0.01171875 0.0265625
1 0.7921875 0.25234375 0.01640625 0.0265625
1 0.7953125 0.28125 0.02109375 0.03515625
1 0.7703125 0.25546875 0.01796875 0.03359375
1 0.796875 0.22890625 0.015625 0.03125
1 0.828125 0.234375 0.01328125 0.03125
1 0.83125 0.26015625 0.0140625 0.028125
1 0.83203125 0.28984375 0.015625 0.040625
1 0.86328125 0.3 0.01796875 0.03515625
1 0.8671875 0.26171875 0.01796875 0.03828125
1 0.8609375 0.2453125 0.0140625 0.0296875
1 0.87734375 0.25859375 0.0125 0.03125
1 0.89296875 0.24921875 0.01328125 0.03515625
1 0.91328125 0.259375 0.0171875 0.03203125
1 0.90703125 0.30625 0.015625 0.0390625
1 0.8875 0.32109375 0.01875 0.04609375
1 0.9515625 0.34375 0.01953125 0.040625
1 0.9296875 0.290625 0.01796875 0.0390625
1 0.95234375 0.2953125 0.015625 0.0296875
1 0.959375 0.26171875 0.015625 0.03515625