1 0.375 0.17578125 0.01328125 0.0390625
1 0.71015625 0.321875 0.040625 0.0828125
1 0.41953125 0.17265625 0.0171875 0.04140625
1 0.43359375 0.13671875 0.015625 0.03515625
1 0.4484375 0.1421875 0.0171875 0.0328125
1 0.453125 0.1578125 0.01796875 0.028125
1 0.47109375 0.146875 0.01953125 0.03671875
1 0.49921875 0.12265625 0.0234375 0.0328125
1 0.48984375 0.1421875 0.02578125 0.028125
1 0.48515625 0.175 0.021875 0.03671875
1 0.50390625 0.178125 0.015625 0.021875
1 0.5234375 0.13046875 0.01953125 0.03046875
1 0.54609375 0.125 0.015625 0.028125
1 0.5734375 0.13671875 0.0171875 0.03515625
1 0.5984375 0.125 0.02109375 0.03671875
1 0.60078125 0.1609375 0.02578125 0.04765625
1 0.621875 0.1390625 0.01953125 0.04375
1 0.62890625 0.1171875 0.0171875 0.03046875
1 0.6671875 0.1171875 0.0125 0.03046875
1 0.7015625 0.1171875 0.01328125 0.03515625
1 0.62421875 0.21484375 0.0171875 0.03515625
1 0.6578125 0.1859375 0.01796875 0.05
1 0.6953125 0.17265625 0.01484375 0.0328125
1 0.671875 0.21953125 0.0171875 0.03515625
1 0.709375 0.23359375 0.01796875 0.0453125
1 0.73203125 0.14375 0.021875 0.0390625
1 0.73203125 0.171875 0.0125 0.03515625
1 0.7515625 0.128125 0.0171875 0.02578125
1 0.765625 0.128125 0.02109375 0.03046875
1 0.76875 0.18359375 0.02578125 0.0453125
1 0.79609375 0.16484375 0.01796875 0.04375
1 0.7875 0.20859375 0.0171875 0.0390625
1 0.8109375 0.146875 0.0171875 0.03671875
1 0.81875 0.13359375 0.01328125 0.028125
1 0.8234375 0.178125 0.009375 0.03515625
1 0.90390625 0.175 0.0171875 0.05
1 0.86953125 0.2640625 0.021875 0.0453125
1 0.925 0.228125 0.01328125 0.03046875
1 0.93203125 0.20859375 0.0125 0.03046875
1 0.9296875 0.175 0.015625 0.028125
1 0.540625 0.14140625 0.01328125 0.02578125
1 0.89609375 0.2078125 0.009375 0.04140625