1 0.0953125 0.2453125 0.02265625 0.04375
1 0.2171875 0.34609375 0.04296875 0.07890625
1 0.43984375 0.14375 0.0109375 0.03125
1 0.4609375 0.14296875 0.0109375 0.02890625
1 0.48359375 0.14921875 0.015625 0.03125
1 0.515625 0.0640625 0.0140625 0.01796875
1 0.515625 0.13125 0.01328125 0.021875
1 0.49453125 0.19921875 0.015625 0.02890625
1 0.63671875 0.11953125 0.0109375 0.02734375
1 0.6546875 0.1203125 0.0109375 0.02890625
1 0.62890625 0.20546875 0.0234375 0.04609375
1 0.696875 0.17734375 0.0171875 0.0328125
1 0.71796875 0.18828125 0.0140625 0.0328125
1 0.72421875 0.1546875 0.0125 0.02734375
1 0.73359375 0.17734375 0.0109375 0.02890625
1 0.775 0.140625 0.01015625 0.02578125
1 0.76875 0.17421875 0.015625 0.03125
1 0.8109375 0.13828125 0.0140625 0.02734375
1 0.825 0.1828125 0.0171875 0.0328125
1 0.90390625 0.17734375 0.0140625 0.03671875
1 0.86953125 0.28671875 0.01953125 0.0515625
1 0.92734375 0.23515625 0.01640625 0.034375
1 0.93515625 0.19453125 0.015625 0.02734375
1 0.93671875 0.16875 0.0109375 0.0234375