1 0.08515625 0.52421875 0.04609375 0.11640625
1 0.08671875 0.4046875 0.04140625 0.103125
1 0.1390625 0.425 0.040625 0.09453125
1 0.209375 0.2859375 0.0296875 0.0546875
1 0.371875 0.29296875 0.03125 0.0578125
1 0.40078125 0.421875 0.03046875 0.075
1 0.4640625 0.22890625 0.02109375 0.04609375
1 0.3859375 0.2109375 0.0171875 0.03671875
1 0.6171875 0.2390625 0.025 0.06640625
1 0.56875 0.13515625 0.0171875 0.028125
1 0.72890625 0.13125 0.02421875 0.053125
1 0.7203125 0.0578125 0.01640625 0.0296875
1 0.7625 0.07265625 0.01171875 0.0234375