1 0.17890625 0.4734375 0.04765625 0.08671875
1 0.34375 0.228125 0.021875 0.046875
1 0.3703125 0.23515625 0.02109375 0.04296875
1 0.42265625 0.19296875 0.01796875 0.03984375
1 0.42890625 0.2546875 0.02578125 0.05546875
1 0.45078125 0.1984375 0.01875 0.03671875
1 0.45234375 0.15859375 0.01796875 0.03671875
1 0.4703125 0.17109375 0.01796875 0.0328125
1 0.49140625 0.1609375 0.01640625 0.02734375
1 0.4671875 0.121875 0.01640625 0.02265625
1 0.490625 0.11171875 0.01640625 0.0296875
1 0.53359375 0.10546875 0.0171875 0.03125
1 0.56875 0.10625 0.0140625 0.0328125
1 0.58125 0.12578125 0.01875 0.0328125
1 0.53203125 0.2078125 0.02890625 0.0625
1 0.4859375 0.3046875 0.03125 0.06953125
1 0.66953125 0.22890625 0.02265625 0.05234375
1 0.73515625 0.2546875 0.02578125 0.05546875
1 0.784375 0.26171875 0.025 0.05859375
1 0.88984375 0.1875 0.01796875 0.0453125
1 0.8203125 0.14609375 0.01875 0.03984375
1 0.81640625 0.09765625 0.0140625 0.0328125
1 0.76328125 0.084375 0.0171875 0.03984375
1 0.75 0.1015625 0.0140625 0.0328125
1 0.7265625 0.13046875 0.0171875 0.0328125
1 0.703125 0.11328125 0.02109375 0.05
1 0.71796875 0.115625 0.01796875 0.03671875