1 0.38046875 0.19140625 0.01640625 0.034375
1 0.403125 0.18125 0.01484375 0.02734375
1 0.41875 0.1921875 0.01484375 0.0328125
1 0.41015625 0.221875 0.01796875 0.0328125
1 0.37890625 0.2734375 0.02578125 0.0421875
1 0.3984375 0.28203125 0.0234375 0.0421875
1 0.4546875 0.17890625 0.01640625 0.0328125
1 0.48359375 0.184375 0.0171875 0.0328125
1 0.496875 0.19140625 0.02109375 0.0375
1 0.46953125 0.2234375 0.02265625 0.0421875
1 0.50078125 0.221875 0.01953125 0.0390625
1 0.49765625 0.29921875 0.028125 0.04375
1 0.61640625 0.26796875 0.02734375 0.05078125
1 0.7234375 0.1875 0.02265625 0.0390625
1 0.77265625 0.2265625 0.025 0.05546875
1 0.55 0.06875 0.01484375 0.02578125
1 0.58671875 0.1359375 0.01875 0.03125