1 0.93203125 0.15859375 0.0109375 0.0296875
1 0.93203125 0.1859375 0.0109375 0.03515625
1 0.9421875 0.2109375 0.015625 0.040625
1 0.928125 0.24140625 0.015625 0.03515625
1 0.9140625 0.3046875 0.02109375 0.059375
1 0.8390625 0.15078125 0.01328125 0.03125
1 0.821875 0.1796875 0.0125 0.0296875
1 0.83046875 0.21640625 0.015625 0.040625
1 0.8546875 0.18203125 0.01328125 0.03515625
1 0.86953125 0.17265625 0.0109375 0.03125
1 0.89140625 0.18671875 0.0140625 0.03671875
1 0.89140625 0.21640625 0.0140625 0.040625
1 0.878125 0.2421875 0.01796875 0.0484375
1 0.86484375 0.27890625 0.01953125 0.05546875
1 0.83515625 0.31015625 0.0203125 0.059375
1 0.8 0.25390625 0.02109375 0.05
1 0.784375 0.1296875 0.0125 0.03359375
1 0.79140625 0.153125 0.0125 0.03359375
1 0.78671875 0.1765625 0.0125 0.03515625
1 0.78515625 0.20625 0.015625 0.0421875
1 0.7484375 0.246875 0.01953125 0.05
1 0.75234375 0.18671875 0.015625 0.03671875
1 0.75234375 0.13671875 0.0109375 0.02578125
1 0.7515625 0.16015625 0.0140625 0.02734375
1 0.653125 0.09921875 0.0125 0.02734375
1 0.659375 0.125 0.009375 0.03515625
1 0.67578125 0.1171875 0.01015625 0.02734375
1 0.6953125 0.115625 0.0109375 0.02734375
1 0.71640625 0.1515625 0.015625 0.040625
1 0.7296875 0.16640625 0.0140625 0.040625
1 0.71171875 0.18046875 0.0171875 0.0390625
1 0.715625 0.28359375 0.02734375 0.05703125
1 0.675 0.18125 0.0171875 0.040625
1 0.684375 0.328125 0.0265625 0.06875
1 0.64453125 0.3015625 0.02734375 0.059375
1 0.63203125 0.23203125 0.0234375 0.05
1 0.62421875 0.2109375 0.0171875 0.040625
1 0.56015625 0.26171875 0.01953125 0.05
1 0.56875 0.11484375 0.0125 0.02578125
1 0.61171875 0.10078125 0.009375 0.0203125
1 0.60546875 0.121875 0.0125 0.02578125
1 0.58359375 0.15 0.01328125 0.0296875
1 0.57890625 0.18125 0.0125 0.03359375
1 0.55703125 0.13984375 0.01328125 0.02734375
1 0.5375 0.1875 0.015625 0.03515625
1 0.528125 0.15546875 0.01328125 0.0296875
1 0.54296875 0.1671875 0.015625 0.03515625
1 0.5078125 0.1859375 0.015625 0.0390625
1 0.53671875 0.13515625 0.01328125 0.02578125
1 0.471875 0.12734375 0.009375 0.021875
1 0.4875 0.134375 0.009375 0.02734375
1 0.49140625 0.12109375 0.01015625 0.0203125
1 0.47421875 0.153125 0.0109375 0.0296875
1 0.4671875 0.17265625 0.0140625 0.03515625
1 0.45 0.16484375 0.01328125 0.03359375
1 0.4484375 0.1984375 0.01640625 0.0390625
1 0.471875 0.234375 0.01953125 0.0484375
1 0.44140625 0.24296875 0.0203125 0.05
1 0.421875 0.15 0.009375 0.02578125
1 0.41875 0.18125 0.015625 0.03671875
1 0.4234375 0.20390625 0.0140625 0.0390625
1 0.40078125 0.203125 0.01640625 0.040625
1 0.4046875 0.2421875 0.02265625 0.0515625
1 0.36796875 0.2 0.0140625 0.04453125
1 0.3609375 0.2390625 0.0203125 0.0390625
1 0.50625 0.40078125 0.05078125 0.11484375
1 0.625 0.13671875 0.0125 0.02578125