1 0.16953125 0.48359375 0.040625 0.0703125
1 0.26015625 0.23828125 0.01796875 0.03515625
1 0.29765625 0.24765625 0.01484375 0.03359375
1 0.31328125 0.25546875 0.0234375 0.03984375
1 0.3203125 0.2375 0.0203125 0.03671875
1 0.31328125 0.2125 0.015625 0.03046875
1 0.353125 0.20234375 0.015625 0.03359375
1 0.3625 0.21171875 0.0171875 0.03203125
1 0.3671875 0.240625 0.021875 0.03984375
1 0.39453125 0.26484375 0.0265625 0.0484375
1 0.3953125 0.2078125 0.01875 0.03515625
1 0.3859375 0.1796875 0.01796875 0.03515625
1 0.3765625 0.178125 0.0125 0.03828125
1 0.41953125 0.17734375 0.01484375 0.03359375
1 0.43046875 0.22734375 0.021875 0.046875
1 0.44765625 0.17734375 0.0171875 0.03046875
1 0.465625 0.14140625 0.01484375 0.028125
1 0.475 0.15078125 0.01484375 0.0234375
1 0.4875 0.18828125 0.01953125 0.03515625
1 0.4796875 0.2234375 0.01953125 0.03515625
1 0.534375 0.18125 0.02265625 0.03828125
1 0.515625 0.1578125 0.0171875 0.03515625
1 0.5 0.146875 0.015625 0.03671875
1 0.48671875 0.128125 0.0140625 0.03203125
1 0.54765625 0.153125 0.0140625 0.03515625
1 0.56171875 0.1421875 0.0125 0.0265625
1 0.57578125 0.1390625 0.0140625 0.03046875
1 0.5640625 0.11015625 0.01484375 0.0265625
1 0.58125 0.15859375 0.015625 0.03359375
1 0.5859375 0.11796875 0.0125 0.028125
1 0.60390625 0.12109375 0.01328125 0.025
1 0.61171875 0.10703125 0.0125 0.0234375
1 0.6140625 0.1390625 0.01484375 0.03359375
1 0.62890625 0.12734375 0.01328125 0.0265625
1 0.64375 0.10546875 0.0109375 0.03359375
1 0.6640625 0.12578125 0.0125 0.0234375
1 0.51953125 0.2828125 0.025 0.05
1 0.54453125 0.2984375 0.028125 0.05546875
1 0.55234375 0.2421875 0.02421875 0.05703125
1 0.62265625 0.2421875 0.0265625 0.053125
1 0.628125 0.3 0.0296875 0.0515625
1 0.625 0.1953125 0.0234375 0.04375
1 0.66015625 0.203125 0.021875 0.03828125
1 0.66953125 0.240625 0.02734375 0.053125
1 0.70234375 0.26953125 0.028125 0.053125
1 0.70703125 0.2109375 0.025 0.03984375
1 0.69375 0.18203125 0.02265625 0.04375
1 0.6890625 0.140625 0.01875 0.03984375
1 0.65703125 0.1703125 0.0171875 0.03671875
1 0.70546875 0.14453125 0.01484375 0.03515625
1 0.71953125 0.16328125 0.01953125 0.03828125
1 0.73828125 0.1859375 0.01796875 0.04375
1 0.73359375 0.115625 0.01484375 0.03046875
1 0.7421875 0.13515625 0.01796875 0.03359375
1 0.7578125 0.12109375 0.01796875 0.03515625
1 0.7640625 0.153125 0.0171875 0.03828125
1 0.77890625 0.17734375 0.01796875 0.03984375
1 0.77421875 0.22265625 0.021875 0.046875
1 0.7671875 0.2609375 0.0234375 0.053125
1 0.84453125 0.2859375 0.02734375 0.06015625
1 0.853125 0.23125 0.025 0.0515625
1 0.83515625 0.19140625 0.01796875 0.03828125
1 0.79921875 0.1546875 0.015625 0.03515625
1 0.78984375 0.1390625 0.0140625 0.03046875
1 0.84140625 0.13359375 0.0171875 0.03359375
1 0.84453125 0.16484375 0.01484375 0.03203125
1 0.8609375 0.14375 0.01484375 0.03671875
1 0.88671875 0.15546875 0.0140625 0.03671875
1 0.8890625 0.20390625 0.0125 0.03671875
1 0.91171875 0.23125 0.025 0.0421875
1 0.93515625 0.253125 0.0234375 0.06171875