1 0.0875 0.421875 0.04453125 0.09296875
1 0.2578125 0.28359375 0.01953125 0.04296875
1 0.2890625 0.2609375 0.01796875 0.04140625
1 0.30234375 0.26171875 0.01875 0.04296875
1 0.31875 0.2828125 0.02109375 0.04140625
1 0.3453125 0.275 0.0203125 0.04296875
1 0.309375 0.2328125 0.01953125 0.03203125
1 0.3484375 0.2171875 0.01953125 0.03828125
1 0.35703125 0.2296875 0.01953125 0.03359375
1 0.39296875 0.21328125 0.0171875 0.0296875
1 0.41796875 0.21640625 0.01953125 0.03984375
1 0.38828125 0.19453125 0.015625 0.03203125
1 0.428125 0.27265625 0.025 0.0484375
1 0.46953125 0.2453125 0.0203125 0.05
1 0.45 0.22421875 0.0171875 0.03828125
1 0.41015625 0.17109375 0.0171875 0.03203125
1 0.45703125 0.16484375 0.015625 0.0265625
1 0.43125 0.1875 0.01484375 0.028125
1 0.44375 0.190625 0.015625 0.025
1 0.4890625 0.19609375 0.01953125 0.03515625
1 0.459375 0.203125 0.0203125 0.03359375
1 0.475 0.1609375 0.0140625 0.028125
1 0.4671875 0.1484375 0.01015625 0.0203125
1 0.45078125 0.146875 0.01328125 0.0234375
1 0.48515625 0.13046875 0.01484375 0.028125
1 0.5109375 0.16640625 0.01796875 0.0265625
1 0.5359375 0.1625 0.01875 0.03828125
1 0.5203125 0.21640625 0.0234375 0.046875
1 0.53515625 0.13203125 0.015625 0.03359375
1 0.5234375 0.14453125 0.0140625 0.03828125
1 0.55703125 0.109375 0.0140625 0.025
1 0.55390625 0.14296875 0.015625 0.03359375
1 0.56875 0.171875 0.0203125 0.03984375
1 0.57578125 0.153125 0.01796875 0.0296875
1 0.5875 0.11953125 0.01796875 0.03203125
1 0.59609375 0.096875 0.015625 0.03359375
1 0.6203125 0.14140625 0.01796875 0.03984375
1 0.621875 0.09921875 0.01328125 0.025
1 0.6375 0.121875 0.015625 0.03359375
1 0.65 0.09453125 0.01484375 0.03515625
1 0.67421875 0.12265625 0.015625 0.03203125
1 0.6875 0.10859375 0.015625 0.03359375
1 0.48046875 0.309375 0.02890625 0.05859375
1 0.55546875 0.28984375 0.02578125 0.053125
1 0.5703125 0.24609375 0.02109375 0.0515625
1 0.60625 0.27109375 0.02578125 0.0484375
1 0.61328125 0.33046875 0.03046875 0.075
1 0.66875 0.36171875 0.0328125 0.0734375
1 0.61171875 0.209375 0.02109375 0.0484375
1 0.6421875 0.18984375 0.01796875 0.03671875
1 0.6546875 0.2109375 0.02265625 0.03828125
1 0.67109375 0.2515625 0.025 0.053125
1 0.696875 0.21953125 0.02265625 0.0546875
1 0.72109375 0.265625 0.028125 0.05859375
1 0.69296875 0.153125 0.015625 0.03984375
1 0.7140625 0.1375 0.01953125 0.03828125
1 0.70859375 0.18515625 0.0203125 0.046875
1 0.7390625 0.20078125 0.01953125 0.04140625
1 0.74296875 0.16796875 0.01875 0.03359375
1 0.74296875 0.14453125 0.0171875 0.03203125
1 0.7328125 0.12734375 0.0171875 0.03515625
1 0.74921875 0.11015625 0.01328125 0.0265625
1 0.7640625 0.12890625 0.015625 0.03203125
1 0.77890625 0.12421875 0.01328125 0.03828125
1 0.7953125 0.1265625 0.0125 0.03359375
1 0.8078125 0.13203125 0.0109375 0.0296875
1 0.81640625 0.1640625 0.01875 0.03515625
1 0.79609375 0.17578125 0.02421875 0.0484375
1 0.7640625 0.24609375 0.02109375 0.0484375
1 0.78515625 0.28828125 0.02421875 0.05703125
1 0.81875 0.2484375 0.025 0.053125
1 0.8453125 0.18359375 0.02265625 0.046875
1 0.8359375 0.15078125 0.01484375 0.03515625
1 0.865625 0.12109375 0.0140625 0.03203125
1 0.871875 0.15234375 0.01796875 0.03515625
1 0.8703125 0.2171875 0.01796875 0.0515625
1 0.8859375 0.20078125 0.01875 0.04140625
1 0.89296875 0.1625 0.0140625 0.03515625
1 0.8984375 0.13046875 0.0140625 0.03828125
1 0.9296875 0.16640625 0.01328125 0.03359375
1 0.92578125 0.15234375 0.01015625 0.021875
1 0.92421875 0.1984375 0.0171875 0.04296875
1 0.9265625 0.2890625 0.02578125 0.06171875