1 0.209375 0.3484375 0.04375 0.0828125
1 0.2921875 0.21328125 0.015625 0.0359375
1 0.31328125 0.21875 0.0203125 0.03828125
1 0.33359375 0.22265625 0.01953125 0.03828125
1 0.3375 0.18125 0.01640625 0.034375
1 0.3515625 0.19375 0.01875 0.0359375
1 0.36171875 0.246875 0.02265625 0.04453125
1 0.38828125 0.23515625 0.0203125 0.046875
1 0.37734375 0.18359375 0.01640625 0.0328125
1 0.4078125 0.184375 0.0203125 0.04453125
1 0.43359375 0.2203125 0.02109375 0.04140625
1 0.45 0.18671875 0.0171875 0.0328125
1 0.4515625 0.15546875 0.015625 0.03125
1 0.42734375 0.13515625 0.0125 0.0328125
1 0.475 0.1953125 0.01875 0.03984375
1 0.5015625 0.2078125 0.0234375 0.04296875
1 0.49453125 0.16796875 0.01953125 0.0359375
1 0.4859375 0.1359375 0.015625 0.03125
1 0.46875 0.128125 0.0171875 0.0296875
1 0.50625 0.1328125 0.01328125 0.02734375
1 0.509375 0.10859375 0.015625 0.03125
1 0.49140625 0.1203125 0.01484375 0.02421875
1 0.525 0.128125 0.01328125 0.02578125
1 0.52734375 0.1140625 0.009375 0.0203125
1 0.54921875 0.1078125 0.01328125 0.0328125
1 0.52265625 0.15625 0.01484375 0.0296875
1 0.52890625 0.17265625 0.01875 0.034375
1 0.56015625 0.16875 0.01484375 0.034375
1 0.55234375 0.15546875 0.0171875 0.03125
1 0.56640625 0.140625 0.01328125 0.02578125
1 0.56875 0.11328125 0.01484375 0.0328125
1 0.578125 0.1140625 0.01484375 0.03125
1 0.590625 0.13515625 0.0171875 0.0328125
1 0.58671875 0.16640625 0.01875 0.0359375
1 0.61015625 0.1109375 0.0125 0.02578125
1 0.61796875 0.09921875 0.0125 0.02578125
1 0.62421875 0.11328125 0.01484375 0.0296875
1 0.62421875 0.13515625 0.01328125 0.0328125
1 0.6546875 0.14140625 0.01328125 0.03828125
1 0.6359375 0.09765625 0.01640625 0.0328125
1 0.6578125 0.090625 0.01171875 0.0296875
1 0.66328125 0.1109375 0.01484375 0.0296875
1 0.68203125 0.09296875 0.01328125 0.02734375
1 0.68828125 0.109375 0.01484375 0.02578125
1 0.71640625 0.096875 0.01484375 0.03125
1 0.50078125 0.2765625 0.03125 0.0640625
1 0.5609375 0.2921875 0.028125 0.0640625
1 0.56875 0.2359375 0.03046875 0.05546875
1 0.6171875 0.23125 0.02109375 0.0515625
1 0.625 0.20234375 0.01953125 0.03984375
1 0.6046875 0.3203125 0.028125 0.07578125
1 0.67578125 0.246875 0.03125 0.065625
1 0.67578125 0.1890625 0.01953125 0.03984375
1 0.7 0.1515625 0.01875 0.034375
1 0.7171875 0.1734375 0.02109375 0.053125
1 0.74140625 0.15546875 0.01953125 0.03828125
1 0.75 0.1265625 0.01640625 0.0328125
1 0.72265625 0.21171875 0.02265625 0.0484375
1 0.715625 0.2640625 0.02421875 0.0484375
1 0.68984375 0.31953125 0.028125 0.0671875
1 0.75 0.18125 0.01875 0.04453125
1 0.7609375 0.146875 0.0171875 0.034375
1 0.77890625 0.12578125 0.01484375 0.034375
1 0.7984375 0.14375 0.01640625 0.0359375
1 0.7953125 0.20703125 0.01953125 0.04453125
1 0.77421875 0.23671875 0.02109375 0.053125
1 0.78828125 0.28125 0.02421875 0.05546875
1 0.81953125 0.2390625 0.02421875 0.06015625
1 0.7515625 0.35859375 0.03125 0.065625
1 0.81953125 0.390625 0.03125 0.07421875
1 0.84453125 0.3453125 0.02890625 0.0703125
1 0.87109375 0.25546875 0.0203125 0.04453125
1 0.8859375 0.2171875 0.02109375 0.04453125
1 0.9171875 0.33203125 0.025 0.06015625
1 0.9234375 0.27578125 0.0203125 0.0484375
1 0.95078125 0.21484375 0.01875 0.0359375
1 0.88359375 0.42734375 0.03203125 0.0828125