1 0.225 0.38125 0.05859375 0.0984375
1 0.5421875 0.2984375 0.02578125 0.06328125
1 0.55234375 0.18359375 0.01796875 0.0359375
1 0.62734375 0.18984375 0.0203125 0.04375
1 0.6734375 0.20234375 0.01796875 0.03984375
1 0.66640625 0.18671875 0.015625 0.0296875
1 0.6671875 0.24921875 0.02265625 0.0484375
1 0.66796875 0.3109375 0.028125 0.05859375
1 0.70859375 0.1984375 0.01875 0.0359375
1 0.74140625 0.2046875 0.01796875 0.0359375
1 0.76640625 0.234375 0.02109375 0.04375
1 0.72578125 0.26484375 0.02265625 0.04609375
1 0.8265625 0.365625 0.0296875 0.0671875
1 0.89296875 0.45078125 0.03203125 0.06953125