1 0.03515625 0.4171875 0.03671875 0.071875
1 0.25390625 0.27734375 0.01640625 0.03203125
1 0.28671875 0.26875 0.01796875 0.03671875
1 0.3109375 0.275 0.015625 0.03046875
1 0.32109375 0.24296875 0.0140625 0.03359375
1 0.31015625 0.2234375 0.01640625 0.0234375
1 0.3421875 0.27578125 0.0171875 0.03515625
1 0.396875 0.29140625 0.02578125 0.0484375
1 0.34453125 0.21875 0.01640625 0.03203125
1 0.3734375 0.20546875 0.0140625 0.03203125
1 0.3875 0.20390625 0.0171875 0.0453125
1 0.428125 0.2171875 0.0171875 0.03203125
1 0.45859375 0.22265625 0.0140625 0.02890625
1 0.4875 0.2234375 0.01875 0.03359375
1 0.49921875 0.19296875 0.0140625 0.03046875
1 0.48359375 0.190625 0.0140625 0.03203125
1 0.45390625 0.16875 0.01640625 0.02890625
1 0.44453125 0.18828125 0.0171875 0.0265625
1 0.428125 0.1796875 0.0171875 0.0234375
1 0.45625 0.13828125 0.01171875 0.025
1 0.4796875 0.1578125 0.01328125 0.0265625
1 0.48828125 0.12578125 0.0078125 0.01640625
1 0.47734375 0.13828125 0.0125 0.01484375
1 0.51171875 0.1640625 0.01328125 0.0203125
1 0.521875 0.15 0.0125 0.025
1 0.54140625 0.1578125 0.0140625 0.03046875
1 0.55234375 0.19140625 0.0140625 0.03359375
1 0.54140625 0.1296875 0.0125 0.03203125
1 0.56484375 0.13515625 0.01328125 0.025
1 0.56953125 0.1046875 0.01171875 0.021875
1 0.5859375 0.146875 0.01328125 0.025
1 0.58203125 0.17109375 0.01328125 0.0234375
1 0.58984375 0.12265625 0.01171875 0.0234375
1 0.6265625 0.13515625 0.0125 0.02890625
1 0.615625 0.1125 0.01328125 0.0265625
1 0.61171875 0.08984375 0.01171875 0.021875
1 0.62890625 0.09140625 0.01171875 0.025
1 0.64609375 0.0984375 0.01015625 0.03203125
1 0.65546875 0.10546875 0.0125 0.0265625
1 0.678125 0.1171875 0.0125 0.03046875
1 0.48203125 0.3046875 0.02421875 0.05234375
1 0.56640625 0.284375 0.02421875 0.05546875
1 0.5734375 0.23828125 0.01875 0.04375
1 0.615625 0.253125 0.02109375 0.046875
1 0.59609375 0.35078125 0.02734375 0.06015625
1 0.68203125 0.32734375 0.02890625 0.05703125
1 0.66484375 0.2515625 0.021875 0.04375
1 0.61171875 0.20546875 0.01875 0.03515625
1 0.6625 0.17421875 0.0171875 0.040625
1 0.67421875 0.196875 0.0203125 0.0453125
1 0.70703125 0.21484375 0.01796875 0.04375
1 0.7140625 0.29296875 0.025 0.05234375
1 0.78515625 0.2859375 0.02265625 0.05546875
1 0.76484375 0.24296875 0.02265625 0.046875
1 0.75703125 0.184375 0.01796875 0.040625
1 0.71015625 0.171875 0.015625 0.03515625
1 0.6890625 0.1484375 0.01328125 0.03203125
1 0.73515625 0.16015625 0.015625 0.03828125
1 0.71484375 0.13671875 0.01796875 0.03515625
1 0.71015625 0.0953125 0.01640625 0.03671875
1 0.74296875 0.11484375 0.0140625 0.02890625
1 0.75390625 0.14140625 0.01640625 0.02890625
1 0.75546875 0.11484375 0.0140625 0.025
1 0.78046875 0.1171875 0.0140625 0.03046875
1 0.79140625 0.109375 0.0125 0.03046875
1 0.7828125 0.159375 0.01640625 0.03671875
1 0.809375 0.1796875 0.01796875 0.03671875
1 0.809375 0.1265625 0.0125 0.03203125
1 0.8296875 0.1171875 0.01328125 0.0265625
1 0.84140625 0.1265625 0.01171875 0.03203125
1 0.83203125 0.15546875 0.0125 0.03515625
1 0.85546875 0.18046875 0.015625 0.0421875
1 0.8640625 0.14921875 0.01640625 0.040625
1 0.88203125 0.13203125 0.01171875 0.025
1 0.878125 0.15078125 0.01015625 0.03046875
1 0.890625 0.1796875 0.01328125 0.03671875
1 0.87578125 0.21171875 0.015625 0.040625
1 0.90234375 0.1640625 0.0125 0.03359375
1 0.9046875 0.1296875 0.0125 0.03515625
1 0.93046875 0.28203125 0.01796875 0.05390625
1 0.93515625 0.184375 0.0140625 0.03359375
1 0.94921875 0.15234375 0.01328125 0.03359375
1 0.93984375 0.15078125 0.0078125 0.0234375