1 0.02265625 0.70859375 0.04140625 0.07109375
1 0.08046875 0.7421875 0.046875 0.07734375
1 0.0859375 0.6984375 0.0359375 0.0640625
1 0.14609375 0.759375 0.06640625 0.12421875
1 0.1640625 0.68671875 0.053125 0.10078125
1 0.21328125 0.73203125 0.06796875 0.13828125
1 0.2734375 0.72421875 0.04140625 0.09453125
1 0.36953125 0.6921875 0.053125 0.09765625
1 0.459375 0.64296875 0.03984375 0.08046875
1 0.44375 0.48515625 0.04140625 0.08046875
1 0.4390625 0.8265625 0.08515625 0.20546875
1 0.56953125 0.76953125 0.07578125 0.13828125
1 0.6546875 0.83828125 0.1171875 0.20234375
1 0.64375 0.7140625 0.071875 0.1546875
1 0.7609375 0.76953125 0.07734375 0.1515625
1 0.771875 0.715625 0.07578125 0.13828125