1 0.17734375 0.4390625 0.0484375 0.08828125
1 0.2671875 0.24609375 0.01640625 0.0359375
1 0.2875 0.24375 0.01875 0.0359375
1 0.284375 0.28828125 0.021875 0.03828125
1 0.34921875 0.25859375 0.01875 0.040625
1 0.36953125 0.2296875 0.01875 0.03125
1 0.37265625 0.27734375 0.021875 0.0359375
1 0.42890625 0.2515625 0.02265625 0.040625
1 0.4640625 0.2296875 0.02265625 0.040625
1 0.44453125 0.18359375 0.01640625 0.03359375
1 0.4359375 0.165625 0.01640625 0.03125
1 0.41171875 0.18359375 0.01328125 0.02890625
1 0.403125 0.175 0.01796875 0.03125
1 0.36953125 0.1859375 0.01484375 0.0234375
1 0.46171875 0.1609375 0.01328125 0.03125
1 0.4609375 0.140625 0.0109375 0.0234375
1 0.471875 0.18125 0.01796875 0.03828125
1 0.48515625 0.19765625 0.01875 0.03359375
1 0.5125 0.20625 0.0203125 0.040625
1 0.4890625 0.16171875 0.01328125 0.02890625
1 0.4953125 0.13828125 0.01484375 0.0234375
1 0.50859375 0.159375 0.01484375 0.03359375
1 0.5421875 0.16875 0.01875 0.03359375
1 0.54609375 0.1203125 0.01328125 0.03125
1 0.5796875 0.16796875 0.01875 0.0359375
1 0.58046875 0.1359375 0.01484375 0.02890625
1 0.5796875 0.10859375 0.01328125 0.0265625
1 0.60390625 0.1359375 0.01796875 0.03359375
1 0.6078125 0.10390625 0.0125 0.03125
1 0.6359375 0.10234375 0.0125 0.0234375
1 0.640625 0.11640625 0.0109375 0.01875
1 0.63828125 0.13671875 0.01328125 0.03125
1 0.63984375 0.16171875 0.01875 0.03359375
1 0.65703125 0.17265625 0.01875 0.040625
1 0.6609375 0.10859375 0.01328125 0.03125
1 0.6890625 0.11875 0.0125 0.02890625
1 0.56484375 0.25703125 0.02734375 0.05234375
1 0.48984375 0.29765625 0.02265625 0.05234375
1 0.5296875 0.31640625 0.0296875 0.04765625
1 0.6265625 0.2953125 0.03125 0.05703125
1 0.6125 0.24765625 0.02734375 0.04296875
1 0.6203125 0.20234375 0.01875 0.03828125
1 0.65546875 0.21171875 0.02421875 0.04296875
1 0.68671875 0.23671875 0.02421875 0.0453125
1 0.70859375 0.2734375 0.0328125 0.06171875
1 0.6671875 0.3296875 0.03671875 0.06875
1 0.72734375 0.3703125 0.0296875 0.07890625
1 0.80078125 0.41875 0.03828125 0.0765625
1 0.77734375 0.27265625 0.028125 0.0640625
1 0.75390625 0.215625 0.02265625 0.0453125
1 0.71953125 0.2 0.021875 0.04296875
1 0.69453125 0.17109375 0.0203125 0.03828125
1 0.68125 0.15390625 0.01484375 0.0265625
1 0.7328125 0.11328125 0.01640625 0.0265625
1 0.7421875 0.1390625 0.02265625 0.040625
1 0.759375 0.12109375 0.01484375 0.02890625
1 0.77734375 0.1390625 0.0203125 0.040625
1 0.8046875 0.14609375 0.021875 0.0359375
1 0.80390625 0.23671875 0.02421875 0.059375
1 0.76875 0.20703125 0.0203125 0.04296875
1 0.81875 0.19609375 0.0203125 0.0453125
1 0.81953125 0.140625 0.01328125 0.02890625
1 0.82890625 0.1296875 0.01796875 0.0265625
1 0.8484375 0.17265625 0.01875 0.040625
1 0.85390625 0.14296875 0.01328125 0.02890625
1 0.85625 0.1296875 0.0109375 0.02109375
1 0.88203125 0.16875 0.021875 0.03828125
1 0.89375 0.14375 0.0125 0.03125
1 0.9203125 0.14765625 0.01875 0.02890625
1 0.8734375 0.21171875 0.01484375 0.04296875
1 0.86484375 0.26796875 0.02265625 0.05
1 0.846875 0.29140625 0.021875 0.059375
1 0.8875 0.38828125 0.03828125 0.07109375
1 0.915625 0.2640625 0.02265625 0.04296875
1 0.9078125 0.19765625 0.01640625 0.03828125