1 0.02578125 0.5375 0.05078125 0.13203125
1 0.0265625 0.48984375 0.04921875 0.08984375
1 0.05859375 0.45703125 0.0421875 0.0734375
1 0.13046875 0.48203125 0.05859375 0.103125
1 0.17890625 0.45234375 0.05078125 0.0984375
1 0.20859375 0.44453125 0.0390625 0.071875
1 0.115625 0.72890625 0.1578125 0.225
1 0.28046875 0.54453125 0.0859375 0.125
1 0.2609375 0.490625 0.065625 0.08828125
1 0.2953125 0.484375 0.04921875 0.08203125
1 0.328125 0.440625 0.04453125 0.075
1 0.4375 0.4421875 0.034375 0.05859375
1 0.4546875 0.46484375 0.04453125 0.05703125
1 0.45703125 0.50390625 0.05859375 0.08828125
1 0.5203125 0.515625 0.07890625 0.121875
1 0.58203125 0.63203125 0.121875 0.1703125
1 0.7390625 0.8546875 0.234375 0.28671875
1 0.72109375 0.43828125 0.03984375 0.06015625
1 0.77265625 0.296875 0.034375 0.05703125
1 0.77421875 0.421875 0.0453125 0.06640625
1 0.83125 0.42109375 0.04453125 0.071875
1 0.878125 0.4828125 0.06015625 0.08203125
1 0.909375 0.44765625 0.04296875 0.06796875
1 0.9515625 0.41484375 0.04296875 0.06015625