1 0.3046875 0.1765625 0.01796875 0.04296875
1 0.36328125 0.19453125 0.015625 0.0359375
1 0.39140625 0.18359375 0.01796875 0.034375
1 0.409375 0.18984375 0.01484375 0.0359375
1 0.4015625 0.2171875 0.015625 0.0296875
1 0.3921875 0.28828125 0.02265625 0.04609375
1 0.3546875 0.3046875 0.02421875 0.03984375
1 0.446875 0.18203125 0.0171875 0.03828125
1 0.45703125 0.203125 0.0203125 0.034375
1 0.475 0.1875 0.0171875 0.0359375
1 0.48984375 0.19921875 0.01796875 0.03984375
1 0.45703125 0.23046875 0.01953125 0.03984375
1 0.48515625 0.2328125 0.021875 0.03828125
1 0.57421875 0.1390625 0.015625 0.03125
1 0.4890625 0.30234375 0.0296875 0.04765625
1 0.6125 0.24296875 0.02265625 0.04765625
1 0.71015625 0.18984375 0.021875 0.04609375
1 0.759375 0.20859375 0.021875 0.04765625
1 0.965625 0.1078125 0.01484375 0.034375