1 0.06875 0.13515625 0.02109375 0.05390625
1 0.046875 0.1734375 0.02578125 0.05859375
1 0.053125 0.278125 0.04921875 0.09140625
1 0.02265625 0.3671875 0.0421875 0.12421875
1 0.0203125 0.4984375 0.040625 0.209375
1 0.153125 0.36328125 0.07421875 0.165625
1 0.0921875 0.2484375 0.03671875 0.06640625
1 0.103125 0.3359375 0.04609375 0.09609375
1 0.1515625 0.25625 0.0296875 0.06328125
1 0.1734375 0.20625 0.02734375 0.05234375
1 0.17421875 0.171875 0.021875 0.05859375
1 0.21640625 0.25546875 0.0390625 0.07421875
1 0.234375 0.3328125 0.05 0.10546875
1 0.27890625 0.29140625 0.0359375 0.09296875
1 0.3078125 0.30859375 0.03203125 0.07265625
1 0.353125 0.4765625 0.10625 0.23515625
1 0.4078125 0.4140625 0.06328125 0.14375
1 0.41875 0.28359375 0.040625 0.11171875
1 0.546875 0.3390625 0.03671875 0.08984375
1 0.5453125 0.29609375 0.03359375 0.07265625
1 0.5953125 0.32421875 0.06328125 0.13125
1 0.50625 0.0984375 0.03046875 0.06328125
1 0.6921875 0.32421875 0.03828125 0.09453125
1 0.684375 0.4359375 0.07421875 0.13125
1 0.72890625 0.628125 0.1390625 0.315625
1 0.8140625 0.3734375 0.059375 0.1453125
1 0.78515625 0.32890625 0.0390625 0.11328125
1 0.86484375 0.2890625 0.0421875 0.09453125
1 0.9359375 0.31953125 0.053125 0.11328125