1 0.20625 0.35625 0.03984375 0.07421875
1 0.3140625 0.22265625 0.0140625 0.03046875
1 0.325 0.190625 0.0171875 0.02890625
1 0.35078125 0.19296875 0.0140625 0.03046875
1 0.40703125 0.20703125 0.0171875 0.02890625
1 0.42265625 0.17421875 0.01640625 0.02890625
1 0.42578125 0.14375 0.0125 0.02578125
1 0.44765625 0.17421875 0.01640625 0.02890625
1 0.44609375 0.20703125 0.01640625 0.0328125
1 0.45390625 0.14609375 0.01328125 0.0234375
1 0.46484375 0.1390625 0.01328125 0.0234375
1 0.4890625 0.13828125 0.01328125 0.02890625
1 0.48828125 0.16484375 0.0140625 0.02578125
1 0.490625 0.203125 0.0171875 0.0359375
1 0.50234375 0.11953125 0.01015625 0.021875
1 0.51015625 0.13046875 0.01328125 0.021875
1 0.53359375 0.14765625 0.0140625 0.0203125
1 0.534375 0.17890625 0.01875 0.03046875
1 0.55 0.1640625 0.015625 0.03046875
1 0.5609375 0.146875 0.01640625 0.02890625
1 0.54609375 0.12421875 0.0109375 0.0203125
1 0.52578125 0.13359375 0.0109375 0.01640625
1 0.58515625 0.11015625 0.01328125 0.0234375
1 0.59296875 0.14140625 0.0140625 0.0328125
1 0.578125 0.1796875 0.0140625 0.02890625
1 0.621875 0.10078125 0.009375 0.0203125
1 0.64453125 0.10078125 0.01015625 0.0234375
1 0.6671875 0.10859375 0.0125 0.021875
1 0.65546875 0.11953125 0.0109375 0.021875
1 0.67421875 0.12265625 0.0109375 0.01640625
1 0.69921875 0.12578125 0.01328125 0.0234375
1 0.63359375 0.121875 0.0125 0.01796875
1 0.6265625 0.1359375 0.01328125 0.01796875
1 0.64140625 0.1421875 0.0140625 0.02734375
1 0.5890625 0.17578125 0.01328125 0.02578125
1 0.6328125 0.18984375 0.0203125 0.03828125
1 0.67109375 0.16796875 0.0171875 0.034375
1 0.70234375 0.15234375 0.015625 0.02578125
1 0.6171875 0.2421875 0.01875 0.03828125
1 0.58984375 0.26796875 0.0234375 0.05234375
1 0.56796875 0.240625 0.0203125 0.04140625
1 0.528125 0.27421875 0.0265625 0.05078125
1 0.63515625 0.29375 0.02734375 0.0546875
1 0.6765625 0.2625 0.02265625 0.04140625
1 0.6875 0.3046875 0.02734375 0.06171875
1 0.67265625 0.20390625 0.01875 0.034375
1 0.71171875 0.18671875 0.0171875 0.0328125
1 0.72265625 0.22578125 0.0203125 0.03828125
1 0.73984375 0.16640625 0.015625 0.034375
1 0.7546875 0.12265625 0.0125 0.02734375
1 0.76484375 0.13984375 0.0140625 0.02890625
1 0.78046875 0.13046875 0.01328125 0.02890625
1 0.8 0.15859375 0.01328125 0.03046875
1 0.77890625 0.178125 0.0140625 0.03984375
1 0.79296875 0.19609375 0.01640625 0.04375
1 0.8265625 0.159375 0.01328125 0.0359375
1 0.8359375 0.15234375 0.0125 0.02890625
1 0.87578125 0.13828125 0.0125 0.02578125
1 0.871875 0.15703125 0.0140625 0.03046875
1 0.86328125 0.1796875 0.0109375 0.02890625
1 0.84921875 0.18671875 0.01328125 0.0359375
1 0.84453125 0.209375 0.01640625 0.034375
1 0.803125 0.19140625 0.0140625 0.03828125
1 0.9125 0.17265625 0.01328125 0.02890625
1 0.94140625 0.16875 0.0140625 0.02890625
1 0.93125 0.190625 0.015625 0.0328125
1 0.8921875 0.184375 0.0140625 0.03828125
1 0.890625 0.2234375 0.0125 0.02578125
1 0.928125 0.225 0.01875 0.03984375
1 0.87890625 0.22890625 0.01328125 0.04375
1 0.921875 0.26796875 0.0203125 0.04140625
1 0.871875 0.27421875 0.01875 0.05078125
1 0.8390625 0.28828125 0.02265625 0.04375
1 0.80390625 0.26328125 0.01953125 0.04375
1 0.77578125 0.2765625 0.02421875 0.05234375
1 0.74140625 0.32734375 0.0296875 0.06015625
1 0.81796875 0.346875 0.02890625 0.065625
1 0.90859375 0.37734375 0.0265625 0.065625
1 0.89453125 0.378125 0.02890625 0.0453125