1 0.3578125 0.1796875 0.0203125 0.03984375
1 0.475 0.19296875 0.02890625 0.04765625
1 0.54765625 0.18984375 0.0234375 0.04140625
1 0.578125 0.21796875 0.02421875 0.04921875
1 0.62265625 0.19375 0.02734375 0.04921875
1 0.68046875 0.2359375 0.02421875 0.04765625
1 0.70546875 0.21171875 0.02265625 0.04765625
1 0.7671875 0.225 0.0296875 0.0515625
1 0.828125 0.24296875 0.02890625 0.06484375
1 0.73359375 0.27421875 0.0265625 0.0515625
1 0.76953125 0.2875 0.03515625 0.06640625
1 0.9171875 0.27890625 0.01796875 0.04140625
1 0.94140625 0.2890625 0.01953125 0.0625
1 0.9078125 0.33046875 0.040625 0.0609375