1 0.053125 0.2078125 0.01328125 0.0375
1 0.04375 0.24140625 0.0140625 0.0359375
1 0.05703125 0.25859375 0.01640625 0.04296875
1 0.0890625 0.4328125 0.0234375 0.05546875
1 0.075 0.49765625 0.02421875 0.05546875
1 0.10546875 0.5640625 0.0265625 0.075
1 0.1984375 0.44453125 0.021875 0.0609375
1 0.240625 0.37578125 0.02265625 0.05546875
1 0.25625 0.29921875 0.0203125 0.04453125
1 0.1765625 0.2796875 0.01796875 0.04453125
1 0.175 0.24296875 0.01484375 0.03203125
1 0.13671875 0.25390625 0.01875 0.0390625
1 0.12109375 0.2296875 0.0171875 0.0375
1 0.159375 0.1625 0.0140625 0.0390625
1 0.17109375 0.1859375 0.01328125 0.03203125
1 0.196875 0.19140625 0.01796875 0.04296875
1 0.21015625 0.1328125 0.0109375 0.03046875
1 0.221875 0.1359375 0.0109375 0.03203125
1 0.25390625 0.12578125 0.0125 0.03046875
1 0.30390625 0.14765625 0.01484375 0.03359375
1 0.30078125 0.16875 0.01640625 0.0375
1 0.29453125 0.20703125 0.01875 0.0390625
1 0.32421875 0.23671875 0.0140625 0.04140625
1 0.3484375 0.2125 0.01796875 0.0359375
1 0.3796875 0.18359375 0.01484375 0.04296875
1 0.3640625 0.0859375 0.0125 0.03203125
1 0.4109375 0.0921875 0.01328125 0.03046875
1 0.4328125 0.0859375 0.01328125 0.03203125
1 0.48359375 0.0921875 0.0125 0.03359375
1 0.47109375 0.13828125 0.0140625 0.03046875
1 0.47578125 0.16875 0.01484375 0.03359375
1 0.50078125 0.17734375 0.0171875 0.0375
1 0.4921875 0.22734375 0.01875 0.04453125
1 0.46484375 0.2875 0.0203125 0.04609375
1 0.5671875 0.17734375 0.01328125 0.03359375
1 0.57578125 0.2078125 0.0140625 0.0375
1 0.58125 0.1484375 0.0140625 0.03203125
1 0.59921875 0.14140625 0.01640625 0.02890625
1 0.590625 0.10546875 0.0109375 0.03203125
1 0.6234375 0.11953125 0.0171875 0.02890625
1 0.52421875 0.0796875 0.0125 0.0234375
1 0.51875 0.11015625 0.0140625 0.0234375
1 0.56875 0.31953125 0.025 0.05390625
1 0.5734375 0.47421875 0.0234375 0.0734375
1 0.634375 0.25234375 0.0171875 0.03359375
1 0.64609375 0.15703125 0.0125 0.03203125
1 0.70546875 0.22421875 0.0125 0.03359375
1 0.7171875 0.2203125 0.01484375 0.03046875
1 0.73203125 0.20625 0.01484375 0.0375
1 0.7140625 0.27890625 0.01953125 0.0359375
1 0.68671875 0.33828125 0.02421875 0.0484375
1 0.78359375 0.3796875 0.02265625 0.0484375
1 0.7796875 0.2140625 0.01796875 0.0359375
1 0.8171875 0.24453125 0.01796875 0.02890625
1 0.8578125 0.28203125 0.0140625 0.0390625
1 0.925 0.36015625 0.01796875 0.0375