1 0.18203125 0.3890625 0.05078125 0.1
1 0.26484375 0.2265625 0.01953125 0.0375
1 0.3359375 0.24609375 0.01953125 0.0453125
1 0.40703125 0.2375 0.02109375 0.04296875
1 0.43671875 0.25078125 0.0234375 0.04296875
1 0.428125 0.2140625 0.01875 0.0390625
1 0.390625 0.19375 0.01875 0.0390625
1 0.36953125 0.19140625 0.0140625 0.03359375
1 0.38046875 0.1734375 0.01796875 0.0375
1 0.4078125 0.16015625 0.01328125 0.0296875
1 0.434375 0.16875 0.015625 0.03515625
1 0.4390625 0.1390625 0.01171875 0.0234375
1 0.46484375 0.13359375 0.01328125 0.0234375
1 0.48046875 0.14921875 0.01171875 0.02734375
1 0.47265625 0.17734375 0.015625 0.0296875
1 0.465625 0.20625 0.01796875 0.04296875
1 0.496875 0.20625 0.01953125 0.046875
1 0.521875 0.18125 0.01796875 0.04140625
1 0.53515625 0.16171875 0.015625 0.03359375
1 0.55625 0.1765625 0.01875 0.03515625
1 0.509375 0.134375 0.01171875 0.03359375
1 0.496875 0.1265625 0.0109375 0.021875
1 0.5234375 0.1234375 0.01328125 0.0234375
1 0.5359375 0.13203125 0.0140625 0.02578125
1 0.54609375 0.1390625 0.0109375 0.01953125
1 0.56640625 0.13359375 0.01171875 0.0234375
1 0.575 0.1140625 0.01171875 0.0234375
1 0.6 0.16171875 0.015625 0.03359375
1 0.59765625 0.1296875 0.015625 0.02734375
1 0.59921875 0.10703125 0.01171875 0.0296875
1 0.64140625 0.04609375 0.01171875 0.0296875
1 0.6171875 0.13359375 0.01171875 0.03515625
1 0.62265625 0.115625 0.01015625 0.02734375
1 0.63046875 0.1125 0.0078125 0.021875
1 0.6328125 0.1390625 0.01328125 0.02734375
1 0.65859375 0.09921875 0.01015625 0.02578125
1 0.66328125 0.1125 0.01171875 0.02578125
1 0.678125 0.10625 0.01328125 0.02734375
1 0.6890625 0.11484375 0.0109375 0.0296875
1 0.734375 0.053125 0.015625 0.03515625
1 0.565625 0.2421875 0.02109375 0.0453125
1 0.6265625 0.24765625 0.02421875 0.05703125
1 0.6375 0.19375 0.01953125 0.04296875
1 0.6609375 0.18828125 0.01640625 0.03515625
1 0.6703125 0.253125 0.02421875 0.05078125
1 0.715625 0.23203125 0.02109375 0.04921875
1 0.740625 0.2609375 0.0265625 0.05859375
1 0.76171875 0.2625 0.01953125 0.046875
1 0.69765625 0.15625 0.015625 0.03359375
1 0.71171875 0.178125 0.01953125 0.0390625
1 0.73046875 0.1359375 0.01640625 0.0296875
1 0.73515625 0.18828125 0.015625 0.03125
1 0.7484375 0.20625 0.021875 0.04296875
1 0.7859375 0.21171875 0.01953125 0.04296875
1 0.78828125 0.27734375 0.03046875 0.0609375
1 0.84296875 0.31640625 0.02421875 0.06875
1 0.8640625 0.28125 0.02421875 0.05703125
1 0.90859375 0.35078125 0.0234375 0.06640625
1 0.93125 0.2703125 0.02109375 0.05859375
1 0.91796875 0.24609375 0.01953125 0.053125
1 0.92890625 0.22265625 0.0140625 0.0375
1 0.940625 0.20703125 0.01328125 0.03359375
1 0.928125 0.1859375 0.01640625 0.0390625
1 0.95 0.1625 0.0140625 0.03515625
1 0.90078125 0.1765625 0.015625 0.03515625
1 0.91015625 0.15234375 0.015625 0.03359375
1 0.87265625 0.15859375 0.01328125 0.03125
1 0.8640625 0.18359375 0.01640625 0.0375
1 0.88515625 0.22421875 0.01875 0.0375
1 0.83828125 0.23046875 0.01875 0.0453125
1 0.84453125 0.19296875 0.01640625 0.0375
1 0.84140625 0.16640625 0.0140625 0.03515625
1 0.834375 0.15859375 0.01171875 0.03125
1 0.8453125 0.14296875 0.015625 0.03515625
1 0.81796875 0.13125 0.01640625 0.03515625
1 0.78671875 0.153125 0.01328125 0.03515625
1 0.78984375 0.12421875 0.01328125 0.0296875
1 0.77890625 0.1421875 0.01171875 0.02578125
1 0.75859375 0.13046875 0.01328125 0.0296875
1 0.74375 0.13125 0.015625 0.03125