1 0.059375 0.284375 0.025 0.0484375
1 0.29296875 0.20546875 0.0125 0.0296875
1 0.30703125 0.2109375 0.01328125 0.02265625
1 0.32265625 0.23046875 0.01875 0.0390625
1 0.32734375 0.18515625 0.01640625 0.0296875
1 0.35078125 0.1859375 0.01484375 0.03203125
1 0.37109375 0.196875 0.01328125 0.028125
1 0.36953125 0.22734375 0.01640625 0.03203125
1 0.40390625 0.2296875 0.01484375 0.0296875
1 0.41328125 0.24296875 0.01640625 0.04453125
1 0.4109375 0.18984375 0.015625 0.028125
1 0.37734375 0.16015625 0.01171875 0.02421875
1 0.41015625 0.15234375 0.0125 0.03203125
1 0.421875 0.146875 0.009375 0.02421875
1 0.4390625 0.1515625 0.015625 0.02578125
1 0.4328125 0.18203125 0.01484375 0.0390625
1 0.4484375 0.17421875 0.01484375 0.03359375
1 0.45625 0.19609375 0.015625 0.04140625
1 0.47421875 0.18203125 0.015625 0.028125
1 0.48984375 0.153125 0.015625 0.0296875
1 0.47890625 0.1375 0.01171875 0.02421875
1 0.47734375 0.1203125 0.0125 0.0203125
1 0.49453125 0.1171875 0.01015625 0.02421875
1 0.50546875 0.13984375 0.01171875 0.02265625
1 0.52109375 0.1671875 0.015625 0.03515625
1 0.5453125 0.146875 0.01640625 0.03203125
1 0.5375 0.125 0.01171875 0.02265625
1 0.5265625 0.14140625 0.0125 0.02421875
1 0.5609375 0.17734375 0.01796875 0.0375
1 0.58203125 0.14921875 0.015625 0.03359375
1 0.57578125 0.1328125 0.01328125 0.0296875
1 0.559375 0.11484375 0.01171875 0.028125
1 0.6015625 0.13984375 0.0125 0.02578125
1 0.590625 0.12265625 0.01015625 0.02421875
1 0.62265625 0.1296875 0.01328125 0.028125
1 0.63515625 0.1171875 0.009375 0.02421875
1 0.6234375 0.10390625 0.009375 0.0203125
1 0.640625 0.103125 0.01015625 0.02265625
1 0.6015625 0.11328125 0.0125 0.0203125
1 0.59140625 0.215625 0.01953125 0.0390625
1 0.63125 0.253125 0.02109375 0.05390625
1 0.64921875 0.23046875 0.01640625 0.03515625
1 0.6359375 0.2015625 0.015625 0.0375
1 0.6375 0.14765625 0.0125 0.02265625
1 0.64921875 0.1328125 0.01328125 0.02578125
1 0.675 0.11796875 0.0125 0.02578125
1 0.68515625 0.10078125 0.01171875 0.02265625
1 0.70703125 0.10390625 0.01171875 0.028125
1 0.690625 0.3125 0.02734375 0.05625
1 0.68671875 0.2515625 0.01875 0.04296875
1 0.6625 0.17421875 0.01640625 0.0296875
1 0.71484375 0.1796875 0.01796875 0.0375
1 0.69609375 0.16953125 0.01328125 0.028125
1 0.7375 0.15625 0.01328125 0.03203125
1 0.73203125 0.13671875 0.01484375 0.0296875
1 0.75859375 0.1890625 0.01328125 0.0375
1 0.7328125 0.228125 0.01796875 0.03359375
1 0.7578125 0.346875 0.028125 0.06171875
1 0.78984375 0.28125 0.021875 0.05078125
1 0.7640625 0.23984375 0.02109375 0.046875
1 0.78984375 0.19375 0.015625 0.03203125
1 0.790625 0.16015625 0.01015625 0.028125
1 0.7703125 0.109375 0.01328125 0.028125
1 0.796875 0.125 0.01171875 0.02578125
1 0.8203125 0.12734375 0.01015625 0.02578125
1 0.82734375 0.1671875 0.0125 0.03203125
1 0.81484375 0.1953125 0.01328125 0.03203125
1 0.82578125 0.24375 0.01796875 0.0390625
1 0.83671875 0.20859375 0.01484375 0.0390625
1 0.8546875 0.203125 0.0125 0.0390625
1 0.86171875 0.16640625 0.015625 0.03359375
1 0.83671875 0.14453125 0.0125 0.03203125
1 0.85078125 0.125 0.01171875 0.02578125
1 0.921875 0.33359375 0.02109375 0.05390625
1 0.88828125 0.2203125 0.01796875 0.04453125
1 0.896875 0.20625 0.015625 0.03515625
1 0.8734375 0.15859375 0.0125 0.0296875
1 0.890625 0.1671875 0.01328125 0.03203125
1 0.903125 0.16015625 0.01015625 0.02421875
1 0.903125 0.13515625 0.01015625 0.02421875
1 0.94765625 0.1859375 0.009375 0.028125
1 0.93828125 0.17109375 0.009375 0.028125
1 0.928125 0.19921875 0.01171875 0.03203125
1 0.9328125 0.24375 0.015625 0.0390625
1 0.93671875 0.19375 0.0125 0.028125