1 0.0859375 0.4640625 0.04140625 0.08984375
1 0.18203125 0.2875 0.01953125 0.05234375
1 0.2140625 0.27578125 0.0171875 0.05234375
1 0.25703125 0.234375 0.01875 0.040625
1 0.2984375 0.20703125 0.02421875 0.04765625
1 0.3015625 0.234375 0.01640625 0.03359375
1 0.315625 0.2140625 0.01640625 0.04453125
1 0.33984375 0.20703125 0.02109375 0.0546875
1 0.38203125 0.18515625 0.01640625 0.0375
1 0.36484375 0.25859375 0.0234375 0.04921875
1 0.38203125 0.240625 0.02109375 0.0421875
1 0.42890625 0.1609375 0.0171875 0.0375
1 0.425 0.1890625 0.01875 0.0421875
1 0.43984375 0.159375 0.0109375 0.04453125
1 0.48671875 0.1515625 0.01875 0.04921875
1 0.4859375 0.20234375 0.0203125 0.040625
1 0.4640625 0.24765625 0.0171875 0.0375
1 0.42890625 0.31015625 0.02265625 0.04921875
1 0.51171875 0.159375 0.01640625 0.04453125
1 0.54609375 0.21015625 0.025 0.040625
1 0.5515625 0.13125 0.01953125 0.0359375
1 0.55078125 0.16328125 0.021875 0.0375
1 0.57109375 0.1921875 0.01875 0.040625
1 0.571875 0.13671875 0.0203125 0.04609375
1 0.59140625 0.11953125 0.01328125 0.0359375
1 0.6265625 0.12734375 0.01796875 0.04453125
1 0.60234375 0.14765625 0.021875 0.040625
1 0.609375 0.17734375 0.01875 0.04921875
1 0.61640625 0.19765625 0.01015625 0.0359375
1 0.64921875 0.12890625 0.01796875 0.040625
1 0.6625 0.1265625 0.01796875 0.0421875
1 0.6546875 0.1734375 0.01875 0.040625
1 0.6859375 0.13046875 0.01796875 0.04453125
1 0.7046875 0.1609375 0.0171875 0.03046875
1 0.68515625 0.17421875 0.01953125 0.0390625
1 0.690625 0.2125 0.0265625 0.04453125
1 0.66875 0.22265625 0.0234375 0.05078125
1 0.61171875 0.28828125 0.0265625 0.05078125
1 0.56796875 0.33203125 0.0234375 0.0625
1 0.60703125 0.3796875 0.03125 0.059375
1 0.6578125 0.41328125 0.025 0.0625
1 0.72421875 0.26875 0.01953125 0.05625
1 0.74140625 0.22734375 0.02109375 0.04765625
1 0.74609375 0.2921875 0.01953125 0.0375
1 0.73046875 0.421875 0.02734375 0.06953125
1 0.78984375 0.45 0.025 0.09140625
1 0.746875 0.19453125 0.01953125 0.04609375
1 0.76875 0.1921875 0.01796875 0.05078125
1 0.80625 0.1890625 0.01796875 0.0390625
1 0.7859375 0.2078125 0.02109375 0.0359375
1 0.7953125 0.24921875 0.01953125 0.0578125
1 0.82109375 0.2296875 0.01953125 0.04609375
1 0.83125 0.21640625 0.0171875 0.04609375
1 0.8125 0.29609375 0.021875 0.05625
1 0.86953125 0.2328125 0.0234375 0.04765625
1 0.8734375 0.2265625 0.015625 0.0390625
1 0.903125 0.225 0.01640625 0.04609375
1 0.90390625 0.25703125 0.01328125 0.04609375
1 0.890625 0.27890625 0.034375 0.05234375
1 0.87265625 0.31328125 0.0203125 0.04921875
1 0.86796875 0.36640625 0.021875 0.0578125
1 0.88671875 0.40390625 0.021875 0.06484375
1 0.934375 0.265625 0.0140625 0.04609375
1 0.9515625 0.24296875 0.0171875 0.05078125
1 0.9265625 0.3421875 0.021875 0.0421875
1 0.98515625 0.253125 0.01484375 0.04453125
1 0.98046875 0.30234375 0.01953125 0.04453125
1 0.97578125 0.32578125 0.02421875 0.04765625
1 0.978125 0.36015625 0.02421875 0.0546875
1 0.9546875 0.3796875 0.02265625 0.0625
1 0.95390625 0.4765625 0.01953125 0.06640625
1 0.85390625 0.49453125 0.0265625 0.096875
1 0.35234375 0.1953125 0.025 0.040625