1 0.07734375 0.328125 0.0390625 0.08046875
1 0.18828125 0.46328125 0.046875 0.0859375
1 0.29453125 0.21015625 0.02265625 0.04609375
1 0.303125 0.2390625 0.01796875 0.0359375
1 0.328125 0.1828125 0.02890625 0.0390625
1 0.3421875 0.25625 0.01796875 0.04609375
1 0.3328125 0.2046875 0.02265625 0.0390625
1 0.36953125 0.2015625 0.01875 0.04296875
1 0.38828125 0.19921875 0.0203125 0.0515625
1 0.4265625 0.1734375 0.02421875 0.04140625
1 0.44765625 0.15078125 0.02109375 0.0375
1 0.4421875 0.20546875 0.01875 0.04765625
1 0.42734375 0.25390625 0.03125 0.04765625
1 0.471875 0.21796875 0.02421875 0.04765625
1 0.46953125 0.1453125 0.021875 0.04296875
1 0.48125 0.1234375 0.01328125 0.0375
1 0.48984375 0.13984375 0.015625 0.0359375
1 0.50078125 0.11953125 0.0171875 0.0328125
1 0.52265625 0.1171875 0.01640625 0.0359375
1 0.51015625 0.22734375 0.02109375 0.04609375
1 0.5109375 0.18046875 0.02265625 0.0515625
1 0.53203125 0.16015625 0.02265625 0.0390625
1 0.540625 0.13125 0.02109375 0.0328125
1 0.58125 0.1234375 0.01875 0.0375
1 0.5515625 0.20078125 0.0265625 0.04765625
1 0.55703125 0.15625 0.02265625 0.04140625
1 0.6 0.1125 0.01875 0.0359375
1 0.61875 0.12109375 0.02265625 0.0359375
1 0.61484375 0.15859375 0.0203125 0.0328125
1 0.6484375 0.134375 0.01875 0.0390625
1 0.6625 0.09609375 0.01640625 0.03125
1 0.671875 0.125 0.025 0.0375
1 0.68984375 0.0984375 0.0171875 0.0328125
1 0.7046875 0.103125 0.01796875 0.04140625
1 0.5109375 0.29453125 0.03828125 0.06328125
1 0.5609375 0.2453125 0.028125 0.05859375
1 0.634375 0.21015625 0.02890625 0.05
1 0.61875 0.26015625 0.03984375 0.06015625
1 0.59765625 0.33828125 0.03359375 0.07890625
1 0.6765625 0.27109375 0.03046875 0.0546875
1 0.66875 0.1828125 0.0296875 0.05
1 0.7046875 0.1875 0.01875 0.05625
1 0.721875 0.14921875 0.03359375 0.04453125
1 0.76015625 0.1296875 0.01796875 0.04609375
1 0.78984375 0.13515625 0.01875 0.04453125
1 0.75625 0.1859375 0.02109375 0.0390625
1 0.74140625 0.20234375 0.0296875 0.04453125
1 0.728125 0.23828125 0.03671875 0.06171875
1 0.690625 0.3109375 0.0296875 0.06328125
1 0.71328125 0.28125 0.028125 0.04765625
1 0.81015625 0.15234375 0.01875 0.0375
1 0.80078125 0.21875 0.02265625 0.05
1 0.7625 0.25625 0.0265625 0.04609375
1 0.81171875 0.26015625 0.02265625 0.06015625
1 0.7859375 0.3140625 0.03046875 0.05859375
1 0.78359375 0.4 0.0328125 0.07578125
1 0.82421875 0.40625 0.03515625 0.071875
1 0.8390625 0.3328125 0.0328125 0.05859375
1 0.8625 0.28203125 0.03046875 0.06328125
1 0.88203125 0.2390625 0.028125 0.053125
1 0.92578125 0.23515625 0.02421875 0.0546875
1 0.928125 0.309375 0.03125 0.06328125
1 0.9015625 0.37109375 0.0296875 0.06015625
1 0.903125 0.4234375 0.0390625 0.07578125
1 0.76953125 0.1484375 0.0203125 0.0328125
1 0.784375 0.15703125 0.0171875 0.0328125
1 0.57890625 0.18046875 0.0265625 0.0375
1 0.578125 0.15703125 0.0171875 0.04296875
1 0.5078125 0.14375 0.01796875 0.0375
1 0.46875 0.184375 0.0265625 0.0328125
1 0.371875 0.28671875 0.02890625 0.04140625