1 0.203125 0.43828125 0.04453125 0.0984375
1 0.23828125 0.3609375 0.0375 0.09296875
1 0.27578125 0.20234375 0.01953125 0.03828125
1 0.3328125 0.2859375 0.01875 0.03671875
1 0.3515625 0.25703125 0.01328125 0.03515625
1 0.4328125 0.2828125 0.02265625 0.03984375
1 0.384375 0.19140625 0.01328125 0.0265625
1 0.42265625 0.2234375 0.01484375 0.028125
1 0.44609375 0.228125 0.01484375 0.0296875
1 0.44921875 0.190625 0.0125 0.03125
1 0.4734375 0.203125 0.01484375 0.0265625
1 0.525 0.21015625 0.01796875 0.03515625
1 0.48046875 0.16484375 0.015625 0.0234375
1 0.47421875 0.1796875 0.01328125 0.0234375
1 0.4546875 0.15390625 0.01328125 0.021875
1 0.4703125 0.153125 0.0125 0.0203125
1 0.484375 0.13359375 0.009375 0.021875
1 0.51015625 0.16328125 0.01015625 0.0203125
1 0.53125 0.14140625 0.015625 0.0296875
1 0.55859375 0.15234375 0.0125 0.025
1 0.58125 0.1625 0.0109375 0.028125
1 0.57265625 0.1125 0.01015625 0.025
1 0.63046875 0.07109375 0.0109375 0.025
1 0.48125 0.32578125 0.025 0.046875
1 0.60234375 0.25390625 0.01953125 0.04140625
1 0.66015625 0.2484375 0.02265625 0.0453125
1 0.71796875 0.2859375 0.021875 0.046875
1 0.77265625 0.3078125 0.02265625 0.046875
1 0.69765625 0.18125 0.0171875 0.03671875
1 0.6859375 0.15859375 0.0140625 0.03828125
1 0.68828125 0.1 0.01328125 0.0296875
1 0.71953125 0.071875 0.0140625 0.0265625
1 0.7546875 0.1109375 0.01328125 0.028125
1 0.74765625 0.13125 0.01484375 0.03359375
1 0.73125 0.165625 0.0125 0.028125
1 0.7140625 0.15390625 0.0140625 0.028125
1 0.75625 0.17109375 0.0140625 0.0265625
1 0.79921875 0.18515625 0.015625 0.03515625
1 0.81328125 0.13125 0.01015625 0.0296875
1 0.85078125 0.19921875 0.015625 0.03828125
1 0.8734375 0.23125 0.01484375 0.04296875