1 0.93359375 0.7859375 0.1078125 0.19296875
1 0.78359375 0.68203125 0.06328125 0.12890625
1 0.70625 0.77890625 0.09921875 0.1640625
1 0.546875 0.84140625 0.1484375 0.24609375
1 0.4078125 0.64609375 0.0484375 0.0859375
1 0.30703125 0.6734375 0.06796875 0.1109375
1 0.2109375 0.65546875 0.04453125 0.0890625
1 0.1484375 0.69296875 0.0765625 0.1359375
1 0.08359375 0.66796875 0.0484375 0.09296875
1 0.04765625 0.60546875 0.0359375 0.0609375
1 0.02578125 0.5734375 0.03359375 0.05390625
1 0.02109375 0.6234375 0.0421875 0.08203125
1 0.0953125 0.56953125 0.0296875 0.05390625
1 0.1640625 0.575 0.02734375 0.05703125
1 0.22265625 0.59140625 0.0296875 0.04609375
1 0.259375 0.59609375 0.03203125 0.05703125
1 0.359375 0.6140625 0.0359375 0.05703125
1 0.44921875 0.58046875 0.03359375 0.05390625
1 0.5 0.63203125 0.046875 0.07109375
1 0.5 0.5765625 0.03359375 0.0609375
1 0.56875 0.61640625 0.0484375 0.08203125
1 0.54453125 0.575 0.02578125 0.05
1 0.29453125 0.56796875 0.02109375 0.04296875
1 0.640625 0.5984375 0.0234375 0.05390625
1 0.61953125 0.56796875 0.02734375 0.05
1 0.65078125 0.54609375 0.0171875 0.0359375
1 0.675 0.5734375 0.03203125 0.05390625
1 0.70234375 0.5859375 0.0234375 0.04296875
1 0.70234375 0.5484375 0.01875 0.03203125
1 0.73828125 0.56953125 0.0234375 0.0390625
1 0.81171875 0.63046875 0.046875 0.09609375
1 0.84765625 0.6109375 0.03828125 0.07890625
1 0.87578125 0.5984375 0.0359375 0.075
1 0.85703125 0.55546875 0.0234375 0.05390625
1 0.803125 0.5484375 0.02578125 0.04609375
1 0.97265625 0.6140625 0.046875 0.0859375