1 0.13046875 0.603125 0.0421875 0.11875
1 0.225 0.3234375 0.02265625 0.053125
1 0.21328125 0.29375 0.01796875 0.04453125
1 0.27109375 0.26484375 0.015625 0.04296875
1 0.28671875 0.2703125 0.015625 0.04609375
1 0.3046875 0.23828125 0.0171875 0.04609375
1 0.3296875 0.2671875 0.01796875 0.0515625
1 0.346875 0.23515625 0.01484375 0.040625
1 0.36640625 0.28828125 0.01953125 0.04765625
1 0.390625 0.26484375 0.01640625 0.04296875
1 0.43828125 0.33046875 0.02421875 0.05
1 0.3609375 0.2203125 0.01484375 0.03203125
1 0.38515625 0.21171875 0.01328125 0.03203125
1 0.42734375 0.22109375 0.01875 0.040625
1 0.4296875 0.1859375 0.01328125 0.03359375
1 0.46484375 0.275 0.01953125 0.04609375
1 0.4890625 0.228125 0.01484375 0.03359375
1 0.475 0.2 0.0140625 0.040625
1 0.4609375 0.1953125 0.01171875 0.028125
1 0.44921875 0.1875 0.01484375 0.03359375
1 0.48984375 0.17578125 0.01640625 0.03515625
1 0.51484375 0.1953125 0.01484375 0.03515625
1 0.5234375 0.1796875 0.0140625 0.03203125
1 0.55 0.24296875 0.01640625 0.04296875
1 0.56640625 0.23515625 0.01640625 0.04453125
1 0.55546875 0.1875 0.01875 0.040625
1 0.54921875 0.1546875 0.0140625 0.03203125
1 0.571875 0.153125 0.015625 0.0390625
1 0.57890625 0.196875 0.0171875 0.0390625
1 0.60625 0.2 0.0140625 0.040625
1 0.61796875 0.225 0.015625 0.040625
1 0.65390625 0.20390625 0.01171875 0.03203125
1 0.6484375 0.16875 0.01171875 0.0390625
1 0.62578125 0.1484375 0.0171875 0.040625
1 0.5953125 0.1390625 0.01640625 0.03046875
1 0.66328125 0.15078125 0.01328125 0.03515625
1 0.6859375 0.1578125 0.0140625 0.03203125
1 0.7078125 0.17578125 0.015625 0.0390625
1 0.69375 0.24296875 0.015625 0.04296875
1 0.67578125 0.20390625 0.015625 0.0390625
1 0.56875 0.37109375 0.02265625 0.06015625
1 0.6015625 0.40390625 0.0265625 0.0625
1 0.60859375 0.325 0.01953125 0.053125
1 0.6578125 0.27890625 0.02265625 0.06015625
1 0.7203125 0.29140625 0.01796875 0.04609375
1 0.6546875 0.4375 0.02109375 0.0546875
1 0.7171875 0.43046875 0.02421875 0.0625
1 0.79921875 0.50546875 0.025 0.08671875
1 0.840625 0.54921875 0.03125 0.08203125
1 0.8796875 0.4328125 0.01875 0.0546875
1 0.95859375 0.484375 0.02265625 0.06953125
1 0.946875 0.41484375 0.01953125 0.05859375
1 0.97109375 0.39765625 0.0171875 0.05
1 0.96796875 0.35 0.01484375 0.04296875
1 0.978125 0.3046875 0.01875 0.04453125
1 0.94765625 0.271875 0.01796875 0.05
1 0.92734375 0.29921875 0.0140625 0.03359375
1 0.92265625 0.35859375 0.0203125 0.05
1 0.9 0.284375 0.01171875 0.03515625
1 0.890625 0.2578125 0.0140625 0.04296875
1 0.8828125 0.31953125 0.01796875 0.04609375
1 0.86953125 0.3484375 0.02265625 0.05
1 0.859375 0.37578125 0.01953125 0.04765625
1 0.8125 0.3265625 0.01953125 0.05
1 0.746875 0.325 0.0234375 0.05
1 0.7390625 0.25546875 0.0171875 0.0390625
1 0.74453125 0.21640625 0.01171875 0.03203125
1 0.77578125 0.234375 0.01484375 0.0390625
1 0.7921875 0.27421875 0.015625 0.04765625
1 0.81640625 0.2578125 0.01484375 0.03515625
1 0.83984375 0.240625 0.0140625 0.0375
1 0.86796875 0.25859375 0.01640625 0.0375
1 0.8046875 0.215625 0.01640625 0.04453125
1 0.7703125 0.20234375 0.01640625 0.03515625