1 0.07109375 0.29140625 0.01953125 0.0375
1 0.31796875 0.22890625 0.01953125 0.04140625
1 0.34921875 0.2 0.0171875 0.0359375
1 0.425 0.26484375 0.02265625 0.04921875
1 0.41640625 0.20859375 0.01953125 0.0375
1 0.4265625 0.1546875 0.0171875 0.03984375
1 0.4546875 0.17890625 0.02421875 0.0359375
1 0.44921875 0.22890625 0.01953125 0.04140625
1 0.48984375 0.2203125 0.01875 0.03984375
1 0.4859375 0.17265625 0.025 0.04140625
1 0.47265625 0.13359375 0.0140625 0.028125
1 0.4921875 0.13671875 0.0140625 0.0265625
1 0.51875 0.134375 0.0171875 0.03046875
1 0.53984375 0.13046875 0.01484375 0.03046875
1 0.546875 0.1890625 0.01875 0.0375
1 0.55234375 0.1625 0.01640625 0.03046875
1 0.57109375 0.14140625 0.0140625 0.028125
1 0.6015625 0.13984375 0.0171875 0.03046875
1 0.6359375 0.11953125 0.01171875 0.0265625
1 0.59921875 0.271875 0.02421875 0.04765625
1 0.63359375 0.2125 0.0203125 0.04140625
1 0.67265625 0.22421875 0.02421875 0.04375
1 0.67265625 0.184375 0.01953125 0.04375
1 0.63828125 0.30234375 0.0296875 0.07421875
1 0.6828125 0.365625 0.0359375 0.07578125
1 0.6765625 0.29296875 0.02421875 0.05859375
1 0.7390625 0.23125 0.02421875 0.04921875
1 0.74765625 0.17421875 0.01953125 0.0375
1 0.70859375 0.1703125 0.0203125 0.04140625
1 0.809375 0.24453125 0.025 0.04921875
1 0.81953125 0.28984375 0.025 0.0609375
1 0.85078125 0.30859375 0.028125 0.071875
1 0.87734375 0.28671875 0.025 0.05078125
1 0.91640625 0.36015625 0.0328125 0.06796875
1 0.91328125 0.4328125 0.0421875 0.08515625
1 0.9328125 0.228125 0.01875 0.04375