1 0.1078125 0.5484375 0.04609375 0.1
1 0.2125 0.2671875 0.0109375 0.02578125
1 0.225 0.303125 0.025 0.04375
1 0.27109375 0.2421875 0.01640625 0.04765625
1 0.30390625 0.24609375 0.01640625 0.0375
1 0.32421875 0.234375 0.01796875 0.04921875
1 0.340625 0.21953125 0.01640625 0.0390625
1 0.3609375 0.2671875 0.01875 0.04921875
1 0.390625 0.25390625 0.01484375 0.03359375
1 0.38203125 0.19921875 0.01640625 0.03203125
1 0.43671875 0.31171875 0.0203125 0.0578125
1 0.425 0.20703125 0.0140625 0.04765625
1 0.43828125 0.16640625 0.0125 0.03359375
1 0.4671875 0.253125 0.01875 0.05234375
1 0.48828125 0.15625 0.0125 0.03359375
1 0.4953125 0.215625 0.015625 0.04765625
1 0.51484375 0.1765625 0.01796875 0.0375
1 0.54453125 0.23125 0.0171875 0.0390625
1 0.5578125 0.16640625 0.015625 0.0375
1 0.55 0.1390625 0.01328125 0.03359375
1 0.57265625 0.140625 0.0125 0.0375
1 0.59453125 0.12890625 0.01328125 0.03359375
1 0.609375 0.18125 0.015625 0.0375
1 0.62109375 0.2015625 0.01484375 0.040625
1 0.6265625 0.1328125 0.01328125 0.03203125
1 0.6515625 0.1484375 0.0125 0.0359375
1 0.6640625 0.13203125 0.01328125 0.03359375
1 0.65390625 0.1890625 0.01484375 0.0359375
1 0.7125 0.15625 0.01484375 0.03359375
1 0.56953125 0.33359375 0.01875 0.04375
1 0.58828125 0.40078125 0.01796875 0.07265625
1 0.60625 0.3078125 0.01875 0.05234375
1 0.65703125 0.4109375 0.025 0.05625
1 0.71953125 0.421875 0.02734375 0.0640625
1 0.784375 0.459375 0.02734375 0.08125
1 0.87734375 0.4828125 0.0203125 0.078125
1 0.88984375 0.4 0.02109375 0.0609375
1 0.9609375 0.45 0.021875 0.06640625
1 0.66015625 0.2578125 0.02265625 0.0578125
1 0.69453125 0.21953125 0.01796875 0.0421875
1 0.71015625 0.27578125 0.01640625 0.05625
1 0.75078125 0.2984375 0.02265625 0.0640625
1 0.7390625 0.23671875 0.01796875 0.04609375
1 0.7453125 0.19765625 0.01484375 0.0421875
1 0.76953125 0.18984375 0.01328125 0.04765625
1 0.80859375 0.19140625 0.015625 0.0375
1 0.78359375 0.21796875 0.015625 0.0390625
1 0.79765625 0.25 0.01875 0.05234375
1 0.821875 0.2328125 0.0171875 0.04921875
1 0.815625 0.303125 0.0203125 0.0578125
1 0.84296875 0.22109375 0.01640625 0.04609375
1 0.86953125 0.23671875 0.015625 0.0421875
1 0.88203125 0.221875 0.0109375 0.02734375
1 0.90625 0.23125 0.015625 0.03203125
1 0.90234375 0.26328125 0.01875 0.0421875
1 0.93125 0.2734375 0.01484375 0.0421875
1 0.9546875 0.253125 0.01328125 0.0359375
1 0.98828125 0.25859375 0.01328125 0.0359375
1 0.86796875 0.321875 0.02109375 0.0609375
1 0.92734375 0.33671875 0.015625 0.05625
1 0.97578125 0.37265625 0.01796875 0.05390625
1 0.84765625 0.38359375 0.01953125 0.05625
1 0.603125 0.15859375 0.01484375 0.02890625
1 0.57890625 0.17734375 0.01328125 0.0421875
1 0.3578125 0.20078125 0.01640625 0.03203125
1 0.97578125 0.33671875 0.01484375 0.0421875
1 0.88984375 0.2984375 0.01796875 0.04375
1 0.68828125 0.14296875 0.0140625 0.0359375
1 0.69296875 0.15703125 0.015625 0.0359375