1 0.159375 0.2734375 0.03359375 0.05078125
1 0.18046875 0.40234375 0.0375 0.0734375
1 0.640625 0.0984375 0.01484375 0.0296875
1 0.6921875 0.10625 0.0140625 0.02578125
1 0.7265625 0.11484375 0.01796875 0.03125
1 0.7765625 0.1171875 0.01171875 0.02578125
1 0.80625 0.12265625 0.01015625 0.0328125
1 0.8359375 0.12265625 0.01796875 0.03515625
1 0.56015625 0.128125 0.01171875 0.02421875
1 0.52421875 0.1390625 0.01171875 0.028125
1 0.590625 0.10234375 0.0078125 0.01953125
1 0.60703125 0.11640625 0.01328125 0.028125
1 0.503125 0.1390625 0.01484375 0.028125
1 0.45625 0.1453125 0.01796875 0.0296875
1 0.34765625 0.21015625 0.0203125 0.03828125
1 0.31875 0.24609375 0.02265625 0.03671875
1 0.31328125 0.27421875 0.01640625 0.03828125
1 0.4109375 0.1953125 0.0203125 0.03671875
1 0.43828125 0.1703125 0.015625 0.0328125
1 0.3921875 0.2625 0.02734375 0.04921875
1 0.45078125 0.21640625 0.01796875 0.03125
1 0.4671875 0.24140625 0.02265625 0.03828125
1 0.50078125 0.1890625 0.0171875 0.03828125
1 0.5578125 0.1796875 0.01796875 0.034375
1 0.60625 0.14609375 0.015625 0.028125
1 0.6390625 0.1328125 0.0171875 0.03125
1 0.534375 0.29921875 0.03203125 0.0625
1 0.56328125 0.24296875 0.02109375 0.05234375
1 0.6015625 0.25859375 0.02578125 0.046875
1 0.60234375 0.21953125 0.02421875 0.0453125
1 0.63046875 0.309375 0.0265625 0.0578125
1 0.65 0.2640625 0.0234375 0.04375
1 0.65234375 0.2234375 0.021875 0.04140625
1 0.67578125 0.1890625 0.01796875 0.03828125
1 0.70390625 0.22109375 0.01875 0.0453125
1 0.71953125 0.1796875 0.01640625 0.03671875
1 0.7765625 0.16640625 0.01328125 0.0328125
1 0.8171875 0.1546875 0.02109375 0.03984375
1 0.8578125 0.15703125 0.01875 0.03671875
1 0.8921875 0.15234375 0.01171875 0.0296875
1 0.834375 0.32109375 0.02578125 0.08046875
1 0.7953125 0.38046875 0.0296875 0.0921875
1 0.87421875 0.4234375 0.03515625 0.08515625
1 0.903125 0.30234375 0.02578125 0.0609375
1 0.8609375 0.26171875 0.01953125 0.04921875
1 0.9140625 0.2453125 0.02265625 0.05390625
1 0.76328125 0.2328125 0.02109375 0.05546875
1 0.8109375 0.2484375 0.0171875 0.04375
1 0.80234375 0.1796875 0.0203125 0.03984375
1 0.3703125 0.2421875 0.02578125 0.034375
1 0.40390625 0.2375 0.03359375 0.04140625
1 0.546875 0.1421875 0.01328125 0.0296875
1 0.5421875 0.16171875 0.021875 0.0484375
1 0.58515625 0.1453125 0.021875 0.03515625
1 0.66875 0.1234375 0.0109375 0.028125
1 0.7484375 0.14609375 0.01796875 0.03671875
1 0.76171875 0.29765625 0.02265625 0.0421875
1 0.88359375 0.178125 0.01484375 0.03515625
1 0.34765625 0.24609375 0.0203125 0.04921875
1 0.58359375 0.12265625 0.01484375 0.0265625
1 0.771875 0.215625 0.015625 0.03828125
1 0.8703125 0.23203125 0.015625 0.0453125