1 0.23046875 0.4046875 0.05078125 0.10546875
1 0.24453125 0.1734375 0.01328125 0.0265625
1 0.38125 0.46796875 0.06015625 0.11953125
1 0.4421875 0.25703125 0.021875 0.0421875
1 0.43203125 0.209375 0.01484375 0.03515625
1 0.403125 0.20390625 0.01796875 0.03203125
1 0.48359375 0.23203125 0.0203125 0.03515625
1 0.465625 0.22734375 0.01796875 0.03203125
1 0.57109375 0.20546875 0.02109375 0.040625
1 0.6078125 0.271875 0.02421875 0.05078125
1 0.59140625 0.10703125 0.01484375 0.028125
1 0.6109375 0.09921875 0.01015625 0.02265625
1 0.6359375 0.12109375 0.01015625 0.02109375
1 0.66171875 0.11640625 0.01171875 0.025