1 0.0671875 0.5328125 0.053125 0.1140625
1 0.25234375 0.27421875 0.01875 0.028125
1 0.275 0.26015625 0.01640625 0.0328125
1 0.296875 0.25625 0.01953125 0.03828125
1 0.315625 0.27109375 0.0203125 0.03515625
1 0.33671875 0.2625 0.01953125 0.03515625
1 0.31171875 0.2296875 0.0140625 0.025
1 0.34140625 0.21953125 0.015625 0.03125
1 0.3640625 0.2125 0.015625 0.0328125
1 0.37734375 0.20859375 0.015625 0.03671875
1 0.38671875 0.196875 0.0140625 0.025
1 0.403125 0.28203125 0.0234375 0.04296875
1 0.4046875 0.1703125 0.01328125 0.025
1 0.428125 0.16640625 0.01484375 0.03125
1 0.42421875 0.21484375 0.01328125 0.028125
1 0.440625 0.21953125 0.015625 0.03515625
1 0.46640625 0.2328125 0.0234375 0.04453125
1 0.459375 0.19453125 0.015625 0.028125
1 0.453125 0.16640625 0.01328125 0.021875
1 0.4703125 0.14765625 0.0140625 0.0234375
1 0.44921875 0.1359375 0.0078125 0.01328125
1 0.4796875 0.1359375 0.0109375 0.0234375
1 0.5 0.16953125 0.0140625 0.0265625
1 0.47421875 0.16484375 0.01484375 0.025
1 0.5125 0.18984375 0.01875 0.03515625
1 0.48515625 0.29453125 0.0265625 0.0484375
1 0.53828125 0.19375 0.015625 0.0328125
1 0.54609375 0.16328125 0.01796875 0.03828125
1 0.56484375 0.16171875 0.0140625 0.03515625
1 0.53203125 0.13125 0.01328125 0.0265625
1 0.55234375 0.11796875 0.0109375 0.0296875
1 0.578125 0.121875 0.01328125 0.021875
1 0.57265625 0.14375 0.01640625 0.03125
1 0.61640625 0.13671875 0.01328125 0.028125
1 0.59921875 0.096875 0.01171875 0.021875
1 0.61796875 0.0984375 0.01015625 0.021875
1 0.62890625 0.11953125 0.01171875 0.0234375
1 0.634375 0.1 0.01171875 0.021875
1 0.6671875 0.1203125 0.0140625 0.028125
1 0.6859375 0.09609375 0.0140625 0.0296875
1 0.5484375 0.2890625 0.025 0.0515625
1 0.565625 0.24375 0.02109375 0.03671875
1 0.5546875 0.22421875 0.01796875 0.0265625
1 0.60390625 0.203125 0.01953125 0.04140625
1 0.6046875 0.2453125 0.0203125 0.03984375
1 0.59921875 0.32109375 0.025 0.0484375
1 0.66953125 0.33203125 0.02578125 0.06640625
1 0.65390625 0.25078125 0.02265625 0.04609375
1 0.7140625 0.2765625 0.02421875 0.05
1 0.77265625 0.28984375 0.0234375 0.05
1 0.75625 0.22421875 0.02109375 0.04296875
1 0.7015625 0.22109375 0.02109375 0.04140625
1 0.65859375 0.203125 0.01953125 0.04453125
1 0.65390625 0.16796875 0.01875 0.04453125
1 0.68671875 0.17421875 0.01640625 0.03671875
1 0.68828125 0.14296875 0.0140625 0.0296875
1 0.696875 0.134375 0.015625 0.0328125
1 0.728125 0.12109375 0.01171875 0.0328125
1 0.7453125 0.10625 0.0109375 0.0234375
1 0.7453125 0.1328125 0.015625 0.0328125
1 0.75703125 0.12734375 0.0140625 0.0328125
1 0.7578125 0.15859375 0.015625 0.03125
1 0.73828125 0.18046875 0.01953125 0.03671875
1 0.78828125 0.11640625 0.0109375 0.01953125
1 0.79453125 0.13359375 0.0140625 0.03125
1 0.80390625 0.12734375 0.01328125 0.0265625
1 0.79296875 0.18125 0.01484375 0.028125
1 0.80546875 0.165625 0.0140625 0.0265625
1 0.8234375 0.13984375 0.015625 0.03515625
1 0.840625 0.146875 0.0140625 0.03125
1 0.8390625 0.18515625 0.015625 0.03125
1 0.82109375 0.184375 0.01484375 0.0234375
1 0.8578125 0.15 0.01328125 0.028125
1 0.86171875 0.12734375 0.01328125 0.0265625
1 0.89765625 0.134375 0.01171875 0.0296875
1 0.88359375 0.1609375 0.01484375 0.0328125
1 0.87578125 0.184375 0.015625 0.0296875
1 0.86328125 0.22109375 0.01875 0.04453125
1 0.91171875 0.2890625 0.0203125 0.0484375
1 0.91796875 0.1875 0.015625 0.03671875
1 0.92421875 0.159375 0.01484375 0.0296875