1 0.146875 0.1578125 0.1921875 0.26796875
1 0.2828125 0.321875 0.053125 0.084375
1 0.2921875 0.271875 0.0296875 0.05625
1 0.325 0.24375 0.0265625 0.04765625
1 0.36796875 0.24375 0.0265625 0.05625
1 0.384375 0.284375 0.03203125 0.0640625
1 0.4203125 0.3359375 0.0453125 0.071875
1 0.44296875 0.2640625 0.03203125 0.05625
1 0.51484375 0.265625 0.03203125 0.05234375
1 0.66171875 0.2703125 0.03203125 0.04375
1 0.68515625 0.2859375 0.0265625 0.06796875
1 0.73046875 0.35390625 0.05859375 0.1078125
1 0.80234375 0.30625 0.04296875 0.07578125
1 0.83359375 0.3 0.0296875 0.05625
1 0.93828125 0.3921875 0.08515625 0.1203125
1 0.94140625 0.315625 0.053125 0.08828125
1 0.82109375 0.515625 0.13828125 0.215625