1 0.20859375 0.359375 0.04921875 0.10078125
1 0.28125 0.2578125 0.01953125 0.03828125
1 0.32734375 0.2765625 0.01875 0.04296875
1 0.3421875 0.2671875 0.01875 0.03671875
1 0.35390625 0.21484375 0.01640625 0.03828125
1 0.378125 0.2109375 0.0203125 0.04296875
1 0.41875 0.2140625 0.0203125 0.03671875
1 0.43828125 0.23203125 0.01796875 0.03671875
1 0.42578125 0.28203125 0.0234375 0.04609375
1 0.421875 0.17578125 0.01796875 0.0328125
1 0.43984375 0.190625 0.01640625 0.03671875
1 0.46484375 0.196875 0.01796875 0.03125
1 0.44296875 0.15625 0.01484375 0.0296875
1 0.4546875 0.1640625 0.01953125 0.0296875
1 0.49609375 0.1671875 0.01640625 0.03671875
1 0.48125 0.134375 0.0140625 0.0234375
1 0.5015625 0.1984375 0.01953125 0.03125
1 0.52265625 0.19296875 0.01875 0.03515625
1 0.515625 0.1375 0.01796875 0.0328125
1 0.5328125 0.13125 0.015625 0.0265625
1 0.5515625 0.15703125 0.01875 0.03828125
1 0.55234375 0.11875 0.0125 0.025
1 0.56953125 0.15703125 0.01484375 0.028125
1 0.58828125 0.1078125 0.01328125 0.0296875
1 0.6078125 0.1203125 0.01484375 0.03125
1 0.684375 0.1046875 0.01484375 0.03671875
1 0.55390625 0.25390625 0.02265625 0.04609375
1 0.47734375 0.33203125 0.03203125 0.06328125
1 0.53984375 0.3203125 0.028125 0.053125
1 0.603125 0.32109375 0.02734375 0.0546875
1 0.60234375 0.25078125 0.02265625 0.05
1 0.6125 0.20234375 0.0203125 0.04296875
1 0.6625 0.2015625 0.02109375 0.04453125
1 0.67578125 0.159375 0.01953125 0.04296875
1 0.696875 0.17421875 0.01953125 0.03984375
1 0.709375 0.20078125 0.02421875 0.05
1 0.70859375 0.2765625 0.02890625 0.06328125
1 0.67109375 0.31796875 0.02890625 0.06171875
1 0.65703125 0.2609375 0.02421875 0.04453125
1 0.77109375 0.315625 0.02421875 0.0578125
1 0.74375 0.184375 0.02265625 0.05
1 0.70390625 0.13984375 0.01484375 0.03125
1 0.7296875 0.1265625 0.01484375 0.03515625
1 0.7453125 0.1453125 0.015625 0.03125
1 0.7625 0.1265625 0.01875 0.028125
1 0.75078125 0.10859375 0.01328125 0.03125
1 0.79375 0.1265625 0.01484375 0.03125
1 0.80546875 0.125 0.0140625 0.028125
1 0.79609375 0.18203125 0.01875 0.03984375
1 0.81484375 0.1671875 0.01640625 0.0328125
1 0.84140625 0.1890625 0.0203125 0.04609375
1 0.8671875 0.12890625 0.0140625 0.03515625
1 0.88046875 0.18671875 0.01640625 0.03828125
1 0.8703125 0.22734375 0.01796875 0.05
1 0.9125 0.184375 0.0203125 0.04609375
1 0.909375 0.0984375 0.01796875 0.03125