1 0.2046875 0.359375 0.03984375 0.0796875
1 0.275 0.22734375 0.01484375 0.03046875
1 0.3 0.22421875 0.0140625 0.03046875
1 0.31484375 0.234375 0.0140625 0.02734375
1 0.37109375 0.25234375 0.01796875 0.0359375
1 0.40703125 0.23671875 0.01875 0.04609375
1 0.3328125 0.1703125 0.01328125 0.021875
1 0.34140625 0.2046875 0.0140625 0.02578125
1 0.3828125 0.2046875 0.01484375 0.02578125
1 0.36796875 0.2015625 0.0140625 0.02578125
1 0.409375 0.20234375 0.01328125 0.0234375
1 0.4296875 0.2125 0.0171875 0.03046875
1 0.4734375 0.21875 0.0171875 0.03046875
1 0.4625 0.1890625 0.0140625 0.02890625
1 0.4109375 0.1671875 0.0140625 0.02890625
1 0.42109375 0.14453125 0.01328125 0.0203125
1 0.42890625 0.17109375 0.01328125 0.02734375
1 0.44921875 0.153125 0.0140625 0.0234375
1 0.459375 0.1375 0.01015625 0.0203125
1 0.47734375 0.15859375 0.01328125 0.021875
1 0.50234375 0.14296875 0.0125 0.0234375
1 0.5203125 0.15390625 0.01328125 0.02578125
1 0.50234375 0.18359375 0.0140625 0.02734375
1 0.54921875 0.1859375 0.0171875 0.0359375
1 0.546875 0.1578125 0.01328125 0.0234375
1 0.5421875 0.14375 0.01171875 0.01875
1 0.53671875 0.128125 0.0125 0.021875
1 0.51953125 0.12109375 0.0125 0.021875
1 0.4953125 0.11796875 0.01328125 0.021875
1 0.57109375 0.115625 0.01484375 0.03046875
1 0.57578125 0.16796875 0.0140625 0.0234375
1 0.61640625 0.1515625 0.0125 0.02578125
1 0.590625 0.1296875 0.0171875 0.02578125
1 0.6015625 0.10703125 0.009375 0.0234375
1 0.61484375 0.1234375 0.0125 0.02578125
1 0.62421875 0.1046875 0.01328125 0.02890625
1 0.64375 0.12734375 0.0140625 0.02734375
1 0.65390625 0.1015625 0.01328125 0.02734375
1 0.6640625 0.13046875 0.0125 0.0234375
1 0.67890625 0.11953125 0.01015625 0.021875
1 0.68125 0.0984375 0.009375 0.0203125
1 0.7 0.10859375 0.01328125 0.02734375
1 0.6609375 0.1875 0.0171875 0.03203125
1 0.48828125 0.2765625 0.02578125 0.04765625
1 0.5359375 0.2875 0.02109375 0.05234375
1 0.5578125 0.2484375 0.021875 0.0390625
1 0.61953125 0.2546875 0.021875 0.04453125
1 0.621875 0.21640625 0.0171875 0.02890625
1 0.590625 0.32421875 0.021875 0.0578125
1 0.665625 0.33359375 0.02890625 0.0625
1 0.66796875 0.275 0.0234375 0.04765625
1 0.72265625 0.303125 0.02578125 0.05234375
1 0.7359375 0.38515625 0.03203125 0.078125
1 0.803125 0.40546875 0.02734375 0.06796875
1 0.7734375 0.29375 0.021875 0.0578125
1 0.75703125 0.253125 0.01796875 0.040625
1 0.715625 0.23203125 0.02109375 0.04609375
1 0.68984375 0.2046875 0.01796875 0.0390625
1 0.69140625 0.165625 0.01875 0.03203125
1 0.7140625 0.15859375 0.01328125 0.02578125
1 0.7421875 0.1703125 0.0140625 0.02890625
1 0.74140625 0.2015625 0.0171875 0.0359375
1 0.740625 0.1328125 0.01484375 0.03359375
1 0.75703125 0.15703125 0.0140625 0.03203125
1 0.77578125 0.13671875 0.01484375 0.03203125
1 0.7859375 0.15546875 0.01328125 0.03203125
1 0.80234375 0.15625 0.01484375 0.02734375
1 0.7890625 0.2328125 0.0203125 0.040625
1 0.8125 0.25234375 0.01875 0.04921875
1 0.8359375 0.32578125 0.02890625 0.05078125
1 0.85234375 0.25390625 0.01796875 0.0390625
1 0.87890625 0.228125 0.0140625 0.0390625
1 0.92265625 0.215625 0.01328125 0.03046875
1 0.915625 0.28359375 0.0171875 0.04453125
1 0.90078125 0.34453125 0.01875 0.0546875
1 0.89296875 0.43125 0.03203125 0.078125