1 0.209375 0.4203125 0.040625 0.0859375
1 0.2765625 0.25390625 0.0234375 0.04609375
1 0.29140625 0.25 0.01875 0.04140625
1 0.309375 0.26015625 0.01875 0.04140625
1 0.32578125 0.28359375 0.025 0.05859375
1 0.31875 0.21796875 0.01875 0.0359375
1 0.3484375 0.2171875 0.0171875 0.04140625
1 0.40390625 0.26640625 0.021875 0.04609375
1 0.43359375 0.2625 0.02421875 0.05
1 0.44140625 0.21875 0.02265625 0.0484375
1 0.40390625 0.184375 0.01953125 0.0375
1 0.42109375 0.17421875 0.015625 0.02890625
1 0.4828125 0.2328125 0.02421875 0.04609375
1 0.42109375 0.23125 0.0171875 0.03046875
1 0.4453125 0.15703125 0.0171875 0.0359375
1 0.45625 0.14609375 0.01171875 0.025
1 0.46953125 0.16171875 0.015625 0.03515625
1 0.48125 0.19296875 0.0140625 0.03046875
1 0.4984375 0.2109375 0.0140625 0.03203125
1 0.490625 0.1359375 0.0125 0.0265625
1 0.49765625 0.12421875 0.0109375 0.0265625
1 0.51328125 0.1421875 0.0125 0.025
1 0.5390625 0.1359375 0.01484375 0.03203125
1 0.546875 0.17421875 0.01640625 0.0390625
1 0.5328125 0.19765625 0.01953125 0.0390625
1 0.559375 0.14140625 0.0171875 0.0375
1 0.578125 0.16640625 0.01953125 0.03515625
1 0.5921875 0.1515625 0.0140625 0.03359375
1 0.58984375 0.11796875 0.015625 0.028125
1 0.5953125 0.0984375 0.01328125 0.0265625
1 0.61640625 0.14921875 0.01875 0.03515625
1 0.6578125 0.11875 0.01484375 0.02890625
1 0.67109375 0.1234375 0.0140625 0.03203125
1 0.5640625 0.2546875 0.03125 0.05859375
1 0.55078125 0.30078125 0.03671875 0.05546875
1 0.50234375 0.29765625 0.02734375 0.04765625
1 0.6109375 0.24609375 0.025 0.04765625
1 0.63203125 0.209375 0.02265625 0.0515625
1 0.6609375 0.20859375 0.025 0.04140625
1 0.65546875 0.17890625 0.0171875 0.0375
1 0.6578125 0.25625 0.028125 0.04765625
1 0.7 0.30703125 0.028125 0.0765625
1 0.72890625 0.2796875 0.02890625 0.05546875
1 0.77421875 0.328125 0.0359375 0.06953125
1 0.71796875 0.21328125 0.025 0.04609375
1 0.7203125 0.18125 0.01953125 0.0375
1 0.69140625 0.16796875 0.0203125 0.040625
1 0.740625 0.1515625 0.0171875 0.0359375
1 0.7484375 0.17890625 0.01953125 0.04296875
1 0.765625 0.1625 0.01484375 0.03359375
1 0.7640625 0.1359375 0.01484375 0.03359375
1 0.7828125 0.1421875 0.015625 0.0359375
1 0.80234375 0.13671875 0.01484375 0.03515625
1 0.8125 0.1796875 0.01875 0.0390625
1 0.78515625 0.2140625 0.0203125 0.0359375
1 0.75859375 0.2375 0.021875 0.04140625
1 0.80859375 0.27578125 0.02890625 0.0625
1 0.86015625 0.30703125 0.03125 0.0640625
1 0.88125 0.25859375 0.02265625 0.053125
1 0.921875 0.278125 0.0265625 0.05859375
1 0.8921875 0.19921875 0.01875 0.040625
1 0.88359375 0.2203125 0.0203125 0.04609375
1 0.8359375 0.2328125 0.0265625 0.04296875
1 0.8484375 0.196875 0.0203125 0.04296875
1 0.8421875 0.13671875 0.01484375 0.0375
1 0.8796875 0.14453125 0.0140625 0.0359375