1 0.075 0.3578125 0.0375 0.07734375
1 0.27265625 0.19375 0.0171875 0.03984375
1 0.28515625 0.22109375 0.02109375 0.05625
1 0.30859375 0.1875 0.015625 0.03515625
1 0.32109375 0.18046875 0.01875 0.03671875
1 0.39453125 0.20234375 0.02890625 0.0578125
1 0.4234375 0.2234375 0.01953125 0.0453125
1 0.471875 0.1765625 0.02421875 0.0609375
1 0.5125 0.15234375 0.0234375 0.0484375
1 0.56875 0.15546875 0.02578125 0.0546875
1 0.634375 0.1828125 0.028125 0.0578125
1 0.58515625 0.271875 0.028125 0.0625
1 0.615625 0.29765625 0.02890625 0.0625
1 0.7515625 0.35 0.04453125 0.09296875