1 0.03359375 0.5296875 0.03828125 0.11171875
1 0.2171875 0.30625 0.01953125 0.05625
1 0.2453125 0.29375 0.02578125 0.0578125
1 0.26953125 0.2578125 0.01875 0.059375
1 0.31484375 0.2421875 0.01953125 0.05234375
1 0.32578125 0.20703125 0.01953125 0.05625
1 0.35078125 0.22890625 0.02265625 0.0578125
1 0.36328125 0.21328125 0.01640625 0.05390625
1 0.390625 0.265625 0.015625 0.046875
1 0.4140625 0.25546875 0.01796875 0.059375
1 0.3796875 0.19765625 0.01796875 0.0484375
1 0.403125 0.19296875 0.0171875 0.046875
1 0.44765625 0.32734375 0.02578125 0.06171875
1 0.44609375 0.1875 0.0171875 0.04296875
1 0.44921875 0.1640625 0.01875 0.04140625
1 0.4671875 0.1640625 0.015625 0.0484375
1 0.4796875 0.1859375 0.0171875 0.04296875
1 0.51015625 0.20390625 0.0203125 0.05390625
1 0.48203125 0.25390625 0.02265625 0.06328125
1 0.5625 0.22265625 0.01796875 0.05
1 0.53203125 0.16484375 0.0203125 0.05
1 0.50859375 0.14609375 0.01640625 0.04296875
1 0.56328125 0.1265625 0.0171875 0.04140625
1 0.590625 0.12421875 0.0171875 0.0390625
1 0.571875 0.15859375 0.01953125 0.0484375
1 0.5859375 0.20859375 0.01640625 0.05234375
1 0.59375 0.16875 0.01796875 0.046875
1 0.61640625 0.1875 0.0171875 0.04296875
1 0.61796875 0.15 0.0171875 0.04296875
1 0.6109375 0.1140625 0.01640625 0.04140625
1 0.63515625 0.19609375 0.015625 0.05625
1 0.6421875 0.1171875 0.015625 0.04453125
1 0.66328125 0.1328125 0.015625 0.0484375
1 0.66953125 0.175 0.01484375 0.04140625
1 0.678125 0.1375 0.0140625 0.0390625
1 0.69765625 0.128125 0.0140625 0.03515625
1 0.6984375 0.15390625 0.015625 0.046875
1 0.73671875 0.1546875 0.015625 0.04140625
1 0.7203125 0.21015625 0.01796875 0.05390625
1 0.67265625 0.259375 0.0234375 0.07109375
1 0.61640625 0.296875 0.03046875 0.075
1 0.57265625 0.36015625 0.03046875 0.075
1 0.603125 0.41953125 0.02890625 0.07109375
1 0.66875 0.45078125 0.03046875 0.0765625
1 0.74453125 0.43671875 0.02734375 0.09296875
1 0.7328125 0.28203125 0.02265625 0.06328125
1 0.7640625 0.30703125 0.02109375 0.06875
1 0.75234375 0.2296875 0.01875 0.059375
1 0.7703125 0.1890625 0.01328125 0.04296875
1 0.78828125 0.20625 0.0140625 0.04296875
1 0.80546875 0.25078125 0.015625 0.05390625
1 0.82421875 0.30703125 0.021875 0.0765625
1 0.83046875 0.22578125 0.01640625 0.04453125
1 0.81953125 0.18828125 0.01484375 0.04140625
1 0.8421875 0.2171875 0.01328125 0.046875
1 0.87421875 0.23359375 0.0140625 0.04140625
1 0.865625 0.35703125 0.0203125 0.06875
1 0.8984375 0.41796875 0.0265625 0.07109375
1 0.86640625 0.515625 0.02890625 0.09140625
1 0.8 0.47578125 0.03515625 0.096875
1 0.87890625 0.321875 0.01796875 0.06171875
1 0.8953125 0.284375 0.01640625 0.05390625
1 0.90625 0.259375 0.01328125 0.04453125
1 0.91484375 0.2359375 0.01484375 0.04296875
1 0.9359375 0.35 0.0171875 0.06171875
1 0.9390625 0.2796875 0.01796875 0.0484375
1 0.95234375 0.24140625 0.015625 0.04296875
1 0.96796875 0.48984375 0.0234375 0.0875
1 0.9703125 0.41484375 0.02265625 0.07265625
1 0.97890625 0.38125 0.01953125 0.0578125
1 0.9828125 0.33046875 0.01640625 0.05625
1 0.98828125 0.2640625 0.01484375 0.05