1 0.8484375 0.15703125 0.0109375 0.028125
1 0.8875 0.175 0.0140625 0.03359375
1 0.91875 0.2125 0.01328125 0.0375
1 0.865625 0.221875 0.01640625 0.0421875
1 0.878125 0.309375 0.01875 0.0578125
1 0.90234375 0.3390625 0.021875 0.053125
1 0.88359375 0.39375 0.02578125 0.065625
1 0.8140625 0.36640625 0.0234375 0.065625
1 0.7734375 0.290625 0.01875 0.04453125
1 0.81875 0.20625 0.01640625 0.0421875
1 0.7015625 0.2296875 0.01875 0.04609375
1 0.6484375 0.2171875 0.0171875 0.04765625
1 0.56796875 0.2296875 0.01875 0.04375
1 0.48515625 0.190625 0.015625 0.03359375
1 0.42890625 0.2109375 0.01484375 0.040625
1 0.39921875 0.19921875 0.0125 0.028125
1 0.40546875 0.21484375 0.015625 0.0390625
1 0.36640625 0.23515625 0.015625 0.03203125
1 0.32578125 0.240625 0.01484375 0.03203125
1 0.2578125 0.28125 0.021875 0.04609375
1 0.18984375 0.2953125 0.01796875 0.040625
1 0.19921875 0.48046875 0.03515625 0.06875
1 0.5875 0.1 0.01015625 0.02109375