1 0.09375 0.2734375 0.01875 0.04296875
1 0.14296875 0.265625 0.02265625 0.03984375
1 0.18828125 0.45234375 0.05625 0.0875
1 0.29921875 0.2234375 0.01796875 0.04453125
1 0.3140625 0.22578125 0.01796875 0.04296875
1 0.33203125 0.22265625 0.0234375 0.04921875
1 0.36328125 0.2078125 0.02109375 0.04609375
1 0.3625 0.23359375 0.0203125 0.04296875
1 0.38046875 0.19375 0.01640625 0.03828125
1 0.40703125 0.2109375 0.021875 0.04296875
1 0.4328125 0.2078125 0.021875 0.04921875
1 0.46640625 0.18671875 0.02265625 0.04140625
1 0.56015625 0.05625 0.0125 0.0359375
1 0.60078125 0.1140625 0.0265625 0.05234375
1 0.64296875 0.1421875 0.0203125 0.04140625
1 0.65078125 0.1171875 0.01640625 0.0265625
1 0.65078125 0.0640625 0.01796875 0.0296875
1 0.5890625 0.0734375 0.01484375 0.03125
1 0.72734375 0.07890625 0.01328125 0.0328125
1 0.7359375 0.06171875 0.01171875 0.034375
1 0.74609375 0.0703125 0.0109375 0.034375
1 0.74296875 0.1234375 0.02109375 0.03984375
1 0.77578125 0.0890625 0.01484375 0.03984375
1 0.81796875 0.253125 0.0234375 0.05078125
1 0.88203125 0.2578125 0.01796875 0.04140625
1 0.91171875 0.24375 0.02109375 0.04921875
1 0.8609375 0.18671875 0.0171875 0.04140625
1 0.93125 0.18671875 0.01328125 0.04140625