1 0.18359375 0.47578125 0.04453125 0.084375
1 0.34609375 0.26015625 0.01796875 0.03515625
1 0.365625 0.26015625 0.01875 0.04453125
1 0.421875 0.21640625 0.01796875 0.03828125
1 0.45 0.234375 0.021875 0.03359375
1 0.525 0.18203125 0.01640625 0.03515625
1 0.4875 0.19140625 0.0203125 0.03984375
1 0.45078125 0.18515625 0.01796875 0.03125
1 0.45703125 0.14765625 0.01015625 0.01640625
1 0.465625 0.15859375 0.01796875 0.03125
1 0.49375 0.09375 0.01015625 0.021875
1 0.53359375 0.071875 0.01875 0.025
1 0.6328125 0.084375 0.02109375 0.03359375
1 0.653125 0.1046875 0.01875 0.0296875
1 0.66015625 0.08203125 0.01328125 0.025
1 0.70078125 0.07890625 0.0140625 0.028125
1 0.76640625 0.10234375 0.01640625 0.03515625
1 0.88203125 0.20703125 0.0171875 0.03515625
1 0.56015625 0.2796875 0.0234375 0.0484375
1 0.5546875 0.2296875 0.02265625 0.03828125
1 0.48984375 0.3046875 0.03046875 0.04453125
1 0.4296875 0.2703125 0.0265625 0.04453125