1 0.17578125 0.49296875 0.04609375 0.0953125
1 0.25703125 0.17890625 0.015625 0.03046875
1 0.390625 0.2671875 0.0234375 0.0375
1 0.36484375 0.19453125 0.01796875 0.03203125
1 0.378125 0.21484375 0.0203125 0.03203125
1 0.409375 0.2234375 0.02265625 0.03203125
1 0.44140625 0.21796875 0.0203125 0.0375
1 0.41875 0.16015625 0.01484375 0.02734375
1 0.51015625 0.1265625 0.0125 0.02578125
1 0.5265625 0.128125 0.01484375 0.02890625
1 0.55390625 0.12890625 0.01484375 0.02734375
1 0.56484375 0.1078125 0.0125 0.02890625
1 0.584375 0.11953125 0.0140625 0.02890625
1 0.615625 0.15078125 0.01875 0.0390625
1 0.515625 0.1484375 0.0265625 0.0421875
1 0.56328125 0.190625 0.0234375 0.04765625
1 0.66796875 0.121875 0.021875 0.0421875
1 0.65859375 0.22109375 0.02421875 0.04453125
1 0.615625 0.25546875 0.0265625 0.04453125
1 0.54140625 0.325 0.0296875 0.0578125
1 0.4890625 0.31015625 0.028125 0.05234375
1 0.6796875 0.3203125 0.0265625 0.06328125
1 0.7171875 0.28515625 0.0265625 0.04921875
1 0.73203125 0.1140625 0.02265625 0.04453125
1 0.76015625 0.21796875 0.0203125 0.04765625
1 0.7828125 0.121875 0.021875 0.04609375
1 0.80390625 0.12734375 0.01875 0.03046875
1 0.83515625 0.13984375 0.01484375 0.0234375
1 0.8421875 0.12421875 0.0125 0.03046875
1 0.87109375 0.11875 0.01484375 0.02734375
1 0.86328125 0.13828125 0.0140625 0.02890625
1 0.91640625 0.15 0.01640625 0.034375
1 0.93125 0.15625 0.01171875 0.03046875
1 0.90625 0.2421875 0.04296875 0.08984375
1 0.81640625 0.25546875 0.02421875 0.04765625
1 0.821875 0.296875 0.028125 0.05625
1 0.81484375 0.35 0.0359375 0.06796875
1 0.725 0.346875 0.03203125 0.08125
1 0.77578125 0.2859375 0.0296875 0.0609375