1 0.93203125 0.14921875 0.01484375 0.03203125
1 0.90546875 0.12265625 0.01171875 0.02890625
1 0.8953125 0.1453125 0.0140625 0.03203125
1 0.890625 0.17265625 0.01875 0.034375
1 0.92109375 0.20078125 0.01328125 0.034375
1 0.93984375 0.25390625 0.01875 0.046875
1 0.90625 0.21484375 0.0140625 0.0359375
1 0.9125 0.328125 0.0203125 0.059375
1 0.88359375 0.46953125 0.0265625 0.06484375
1 0.88046875 0.24296875 0.01953125 0.05234375
1 0.8375 0.31328125 0.02421875 0.0640625
1 0.81640625 0.37734375 0.028125 0.075
1 0.82734375 0.2328125 0.0171875 0.04453125
1 0.86328125 0.20859375 0.01875 0.03984375
1 0.86484375 0.13515625 0.0109375 0.0234375
1 0.86953125 0.1234375 0.01015625 0.028125
1 0.84765625 0.1828125 0.01328125 0.03359375
1 0.8515625 0.15703125 0.01171875 0.028125
1 0.83984375 0.11796875 0.01015625 0.025
1 0.83046875 0.13515625 0.01171875 0.02890625
1 0.8234375 0.15 0.01796875 0.03359375
1 0.8046875 0.17578125 0.0140625 0.0359375
1 0.76796875 0.28671875 0.02421875 0.05234375
1 0.746875 0.246875 0.02109375 0.04453125
1 0.775 0.19765625 0.01953125 0.0375
1 0.80859375 0.11640625 0.01171875 0.028125
1 0.77890625 0.10078125 0.0140625 0.03203125
1 0.77890625 0.1421875 0.0140625 0.02890625
1 0.76328125 0.13125 0.01484375 0.0265625
1 0.75625 0.1671875 0.0140625 0.034375
1 0.73828125 0.1359375 0.01484375 0.028125
1 0.73125 0.1234375 0.0125 0.028125
1 0.715625 0.13359375 0.01328125 0.02890625
1 0.7265625 0.178125 0.01953125 0.03984375
1 0.7125 0.1609375 0.01484375 0.03359375
1 0.6859375 0.1046875 0.01015625 0.0234375
1 0.70859375 0.2125 0.01875 0.05
1 0.68046875 0.20390625 0.0171875 0.04140625
1 0.6875 0.1828125 0.015625 0.0390625
1 0.64296875 0.0890625 0.009375 0.021875
1 0.28203125 0.2734375 0.0203125 0.04140625
1 0.3125 0.21875 0.0140625 0.03359375
1 0.33671875 0.25078125 0.01875 0.04453125
1 0.34453125 0.20703125 0.0140625 0.03203125
1 0.35859375 0.2171875 0.01484375 0.03984375
1 0.3703125 0.221875 0.015625 0.0359375
1 0.36171875 0.26484375 0.01875 0.0390625
1 0.3859375 0.27578125 0.02109375 0.04453125
1 0.3953125 0.215625 0.01796875 0.034375
1 0.41953125 0.1796875 0.015625 0.03203125
1 0.42890625 0.21328125 0.01484375 0.0390625
1 0.4453125 0.159375 0.0109375 0.025
1 0.45390625 0.18671875 0.01484375 0.034375
1 0.46484375 0.13828125 0.0109375 0.02890625
1 0.4859375 0.21484375 0.015625 0.0390625
1 0.48671875 0.19453125 0.01484375 0.03359375
1 0.4828125 0.13046875 0.009375 0.025
1 0.48828125 0.14765625 0.0109375 0.03203125
1 0.50703125 0.125 0.01015625 0.025
1 0.5046875 0.1546875 0.009375 0.03203125
1 0.5171875 0.15 0.0109375 0.03046875
1 0.5265625 0.13125 0.0125 0.03203125
1 0.6109375 0.096875 0.0125 0.028125
1 0.66015625 0.115625 0.01484375 0.0234375
1 0.65390625 0.1390625 0.0140625 0.03359375
1 0.6046875 0.246875 0.0203125 0.05
1 0.6078125 0.2 0.0203125 0.046875
1 0.67421875 0.26015625 0.0234375 0.0515625
1 0.615625 0.32421875 0.0296875 0.059375
1 0.53828125 0.28125 0.0234375 0.05234375
1 0.5640625 0.2375 0.02421875 0.05234375
1 0.54140625 0.16171875 0.01484375 0.034375
1 0.55546875 0.13671875 0.0125 0.03203125
1 0.56953125 0.16640625 0.0171875 0.03359375
1 0.56328125 0.1015625 0.0125 0.01796875
1 0.5640625 0.121875 0.01171875 0.025
1 0.584375 0.1078125 0.0125 0.0234375
1 0.59296875 0.1359375 0.01484375 0.03046875
1 0.6171875 0.11953125 0.0140625 0.03359375
1 0.63125 0.134375 0.01171875 0.028125
1 0.046875 0.41015625 0.0296875 0.05546875