1 0.0953125 0.509375 0.04453125 0.1046875
1 0.296875 0.21796875 0.01484375 0.0359375
1 0.31640625 0.2265625 0.01484375 0.04296875
1 0.33671875 0.22421875 0.01484375 0.0375
1 0.35234375 0.24296875 0.0140625 0.046875
1 0.38359375 0.24296875 0.0203125 0.03984375
1 0.42734375 0.23359375 0.02109375 0.03984375
1 0.49609375 0.28359375 0.02265625 0.0484375
1 0.54375 0.28984375 0.025 0.0609375
1 0.60546875 0.334375 0.02421875 0.0609375
1 0.70625 0.3109375 0.0234375 0.05390625
1 0.7578125 0.37578125 0.02421875 0.05
1 0.81875 0.38671875 0.02421875 0.0609375
1 0.8984375 0.40859375 0.02734375 0.05390625
1 0.92265625 0.3328125 0.0171875 0.0578125
1 0.85625 0.290625 0.02265625 0.05546875
1 0.815625 0.2546875 0.02109375 0.0453125
1 0.78359375 0.30390625 0.01953125 0.05390625
1 0.73203125 0.28125 0.01953125 0.0453125
1 0.6875 0.240625 0.02265625 0.05
1 0.6359375 0.23671875 0.02421875 0.0453125
1 0.58125 0.22734375 0.02265625 0.0453125
1 0.49375 0.215625 0.01953125 0.02890625
1 0.45546875 0.21171875 0.0203125 0.02734375
1 0.3453125 0.17890625 0.0171875 0.02734375
1 0.38515625 0.196875 0.0109375 0.0375
1 0.42734375 0.14140625 0.01640625 0.03046875
1 0.41875 0.1796875 0.01640625 0.025
1 0.44609375 0.16640625 0.01640625 0.04140625
1 0.4765625 0.134375 0.01640625 0.01953125
1 0.48984375 0.1734375 0.0140625 0.03046875
1 0.528125 0.175 0.01484375 0.0375
1 0.521875 0.1359375 0.0109375 0.0234375
1 0.5328125 0.1234375 0.01484375 0.02734375
1 0.55234375 0.12265625 0.01796875 0.025
1 0.58828125 0.115625 0.009375 0.01953125
1 0.6046875 0.1265625 0.01328125 0.02734375
1 0.62890625 0.1265625 0.01953125 0.0234375
1 0.62421875 0.15546875 0.01484375 0.03046875
1 0.58984375 0.1703125 0.0171875 0.02734375
1 0.56796875 0.18359375 0.0171875 0.025
1 0.56015625 0.1546875 0.01484375 0.02890625
1 0.67421875 0.1921875 0.01484375 0.03203125
1 0.72109375 0.1828125 0.0171875 0.034375
1 0.7046875 0.16015625 0.01484375 0.03203125
1 0.6734375 0.1328125 0.01484375 0.02890625
1 0.6703125 0.103125 0.0109375 0.01953125
1 0.69296875 0.11953125 0.01640625 0.0234375
1 0.6921875 0.10078125 0.01484375 0.0140625
1 0.71875 0.11484375 0.01328125 0.021875
1 0.7546875 0.13046875 0.01484375 0.034375
1 0.7890625 0.13671875 0.0109375 0.03203125
1 0.80390625 0.153125 0.0140625 0.02890625
1 0.75625 0.16328125 0.01328125 0.03203125
1 0.76953125 0.24453125 0.0203125 0.04296875
1 0.81015625 0.2140625 0.01953125 0.025
1 0.7109375 0.22578125 0.02109375 0.0375
1 0.87421875 0.2671875 0.01953125 0.0453125
1 0.8875 0.2265625 0.01953125 0.04296875
1 0.93203125 0.221875 0.01953125 0.0484375
1 0.9296875 0.284375 0.01953125 0.03984375
1 0.7625 0.2 0.0234375 0.03203125
1 0.6546875 0.12734375 0.0125 0.025