1 0.25078125 0.40234375 0.0515625 0.1203125
1 0.3890625 0.49609375 0.06171875 0.13046875
1 0.39609375 0.23515625 0.01484375 0.03515625
1 0.43515625 0.20859375 0.01640625 0.03828125
1 0.4734375 0.22578125 0.01640625 0.03671875
1 0.45 0.240625 0.0171875 0.0453125
1 0.5984375 0.1109375 0.0140625 0.0234375
1 0.6140625 0.1140625 0.01015625 0.0234375
1 0.66796875 0.11484375 0.01015625 0.025
1 0.640625 0.1265625 0.01015625 0.025
1 0.58671875 0.2578125 0.021875 0.03984375
1 0.6328125 0.24765625 0.025 0.05390625