1 0.91640625 0.3140625 0.0203125 0.06015625
1 0.92734375 0.2875 0.01796875 0.05
1 0.9421875 0.25234375 0.01640625 0.04609375
1 0.93046875 0.20078125 0.0140625 0.0390625
1 0.9390625 0.19453125 0.0140625 0.0375
1 0.94609375 0.17421875 0.0109375 0.03515625
1 0.921875 0.14921875 0.0125 0.03203125
1 0.909375 0.18125 0.01328125 0.03515625
1 0.90625 0.1703125 0.01328125 0.03203125
1 0.89609375 0.2203125 0.01640625 0.0390625
1 0.88515625 0.18828125 0.01484375 0.0390625
1 0.87578125 0.1390625 0.01015625 0.03359375
1 0.86875 0.16171875 0.0140625 0.0390625
1 0.859375 0.20234375 0.01640625 0.04296875
1 0.84140625 0.203125 0.0171875 0.04453125
1 0.803125 0.19765625 0.0171875 0.04453125
1 0.8 0.15703125 0.01484375 0.03359375
1 0.83203125 0.1703125 0.0171875 0.0390625
1 0.85546875 0.14140625 0.0125 0.03046875
1 0.84609375 0.140625 0.0125 0.0390625
1 0.82578125 0.134375 0.0125 0.03359375
1 0.81015625 0.12421875 0.0109375 0.03203125
1 0.76875 0.115625 0.0109375 0.03203125
1 0.78046875 0.12890625 0.01328125 0.03359375
1 0.76015625 0.12109375 0.0109375 0.03203125
1 0.75703125 0.18046875 0.01640625 0.040625
1 0.734375 0.1375 0.01484375 0.0375
1 0.73125 0.16953125 0.01484375 0.04453125
1 0.7421875 0.1734375 0.0140625 0.0375
1 0.7015625 0.1625 0.01796875 0.040625
1 0.74296875 0.2125 0.01796875 0.04453125
1 0.77734375 0.30078125 0.021875 0.065625
1 0.66796875 0.2203125 0.02109375 0.05
1 0.659375 0.109375 0.0109375 0.03046875
1 0.628125 0.1140625 0.0125 0.03515625
1 0.63671875 0.14921875 0.01328125 0.03203125
1 0.6140625 0.234375 0.0234375 0.053125
1 0.61796875 0.1046875 0.0109375 0.025
1 0.5625 0.175 0.0171875 0.04453125
1 0.56953125 0.22265625 0.02109375 0.0546875
1 0.578125 0.13046875 0.01328125 0.03046875
1 0.59375 0.153125 0.0109375 0.025
1 0.52734375 0.11875 0.0109375 0.025
1 0.53515625 0.15 0.01328125 0.03359375
1 0.48515625 0.13515625 0.0125 0.028125
1 0.5171875 0.1765625 0.01328125 0.03046875
1 0.490625 0.16015625 0.01328125 0.028125
1 0.421875 0.15 0.0109375 0.03046875
1 0.4609375 0.15390625 0.0140625 0.03046875
1 0.46171875 0.20390625 0.01796875 0.0390625
1 0.36640625 0.1796875 0.01328125 0.03515625
1 0.3921875 0.19609375 0.01640625 0.040625
1 0.4015625 0.22734375 0.01484375 0.0390625
1 0.41796875 0.23359375 0.01796875 0.0515625
1 0.40703125 0.20703125 0.01953125 0.03046875
1 0.27734375 0.2203125 0.01640625 0.0390625
1 0.31171875 0.221875 0.01484375 0.03515625
1 0.32890625 0.2078125 0.0171875 0.04296875
1 0.34140625 0.2203125 0.01484375 0.04609375
1 0.35859375 0.25546875 0.01953125 0.04609375
1 0.1984375 0.4375 0.0390625 0.09375
1 0.584375 0.1125 0.01015625 0.01953125
1 0.55234375 0.12890625 0.0109375 0.03359375