1 0.1703125 0.4828125 0.04453125 0.065625
1 0.29296875 0.2640625 0.021875 0.040625
1 0.30859375 0.22265625 0.01640625 0.0265625
1 0.334375 0.225 0.01953125 0.0296875
1 0.36015625 0.215625 0.0171875 0.0265625
1 0.3703125 0.2453125 0.01796875 0.03359375
1 0.32578125 0.2671875 0.021875 0.03515625
1 0.396875 0.25 0.02265625 0.03671875
1 0.39296875 0.28203125 0.0265625 0.05078125
1 0.38515625 0.2203125 0.0171875 0.03046875
1 0.40234375 0.21875 0.01796875 0.0390625
1 0.41328125 0.19453125 0.0171875 0.0375
1 0.4390625 0.165625 0.0125 0.03046875
1 0.45 0.17265625 0.01484375 0.025
1 0.4578125 0.1390625 0.0140625 0.03046875
1 0.4765625 0.14296875 0.01171875 0.025
1 0.48515625 0.1390625 0.0140625 0.03046875
1 0.5140625 0.13125 0.0125 0.0265625
1 0.53203125 0.12734375 0.01171875 0.025
1 0.56953125 0.11171875 0.0125 0.0265625
1 0.59375 0.10625 0.01640625 0.028125
1 0.56640625 0.13359375 0.01640625 0.03671875
1 0.5234375 0.15625 0.0171875 0.0296875
1 0.53671875 0.17578125 0.025 0.0296875
1 0.50859375 0.1875 0.021875 0.0375
1 0.4484375 0.21484375 0.0234375 0.0390625
1 0.47421875 0.24296875 0.02734375 0.040625
1 0.58828125 0.1609375 0.02109375 0.03671875
1 0.6125 0.13984375 0.01796875 0.0375
1 0.61953125 0.10625 0.0109375 0.02109375
1 0.6265625 0.090625 0.0125 0.02109375
1 0.6453125 0.09609375 0.01484375 0.02109375
1 0.64921875 0.12734375 0.01875 0.02265625
1 0.67265625 0.09375 0.0140625 0.01953125
1 0.67734375 0.11953125 0.0171875 0.03515625
1 0.6953125 0.09921875 0.0125 0.0171875
1 0.7546875 0.1078125 0.01640625 0.028125
1 0.7953125 0.10625 0.0109375 0.0265625
1 0.8171875 0.11796875 0.0125 0.03046875
1 0.8421875 0.128125 0.0140625 0.0296875
1 0.84765625 0.12109375 0.0109375 0.0265625
1 0.8796875 0.13046875 0.0125 0.028125
1 0.87265625 0.14609375 0.0140625 0.03359375
1 0.8609375 0.15546875 0.01875 0.0390625
1 0.82578125 0.159375 0.01796875 0.03515625
1 0.7859375 0.1515625 0.015625 0.0390625
1 0.80625 0.17734375 0.01796875 0.03515625
1 0.72734375 0.12890625 0.0171875 0.03046875
1 0.746875 0.14140625 0.01796875 0.03359375
1 0.73515625 0.17421875 0.0203125 0.03359375
1 0.69296875 0.15546875 0.01796875 0.025
1 0.69296875 0.18515625 0.01796875 0.0390625
1 0.70703125 0.215625 0.021875 0.04921875
1 0.675 0.2203125 0.02109375 0.03359375
1 0.66640625 0.25859375 0.025 0.04375
1 0.62578125 0.2046875 0.01875 0.04453125
1 0.61328125 0.24296875 0.02578125 0.04765625
1 0.56875 0.246875 0.025 0.0390625
1 0.53828125 0.29609375 0.03125 0.05625
1 0.61328125 0.32265625 0.03125 0.053125
1 0.75546875 0.225 0.025 0.0578125
1 0.7828125 0.1984375 0.015625 0.0375
1 0.7734375 0.28515625 0.02734375 0.0515625
1 0.8234375 0.2515625 0.02109375 0.04375
1 0.83984375 0.21015625 0.01796875 0.03046875
1 0.91328125 0.134375 0.0140625 0.028125
1 0.90703125 0.1484375 0.01640625 0.03359375
1 0.9390625 0.153125 0.015625 0.028125
1 0.8984375 0.18046875 0.0171875 0.03203125
1 0.8796875 0.2125 0.015625 0.03515625
1 0.928125 0.228125 0.01953125 0.04375
1 0.93984375 0.20234375 0.0171875 0.03359375
1 0.89296875 0.25 0.02421875 0.040625
1 0.8578125 0.2859375 0.02734375 0.04453125
1 0.91328125 0.32734375 0.02421875 0.0546875
1 0.81796875 0.35703125 0.0359375 0.065625
1 0.88515625 0.41328125 0.03671875 0.071875