1 0.040625 0.89140625 0.08125 0.18671875
1 0.0609375 0.81328125 0.071875 0.115625
1 0.1375 0.7390625 0.059375 0.10859375
1 0.17890625 0.7484375 0.0734375 0.13125
1 0.25078125 0.86796875 0.1109375 0.19921875
1 0.16953125 0.92421875 0.1515625 0.14609375
1 0.26796875 0.746875 0.0671875 0.11328125
1 0.35703125 0.740625 0.0578125 0.10546875
1 0.39609375 0.80625 0.0859375 0.15625
1 0.4921875 0.90703125 0.146875 0.18125
1 0.4921875 0.765625 0.078125 0.1109375
1 0.5484375 0.740625 0.059375 0.10546875
1 0.609375 0.79375 0.08125 0.15078125
1 0.6765625 0.79375 0.075 0.13125
1 0.6921875 0.69765625 0.059375 0.10546875
1 0.9609375 0.6828125 0.071875 0.12578125