1 0.7734375 0.2875 0.01875 0.04453125
1 0.80546875 0.35546875 0.025 0.06875
1 0.846875 0.35703125 0.025 0.065625
1 0.81953125 0.209375 0.01484375 0.04453125
1 0.853125 0.15859375 0.0125 0.03203125
1 0.8875 0.171875 0.0140625 0.0359375
1 0.8640625 0.2140625 0.01875 0.04609375
1 0.87890625 0.29765625 0.02265625 0.0640625
1 0.9015625 0.328125 0.02265625 0.06171875
1 0.90703125 0.2859375 0.01953125 0.04921875
1 0.7015625 0.225 0.01796875 0.05
1 0.64921875 0.2171875 0.01875 0.04921875
1 0.58671875 0.103125 0.00859375 0.01953125
1 0.5484375 0.21875 0.0171875 0.04921875
1 0.48046875 0.19296875 0.0171875 0.0390625
1 0.40625 0.190625 0.0140625 0.03203125
1 0.375 0.2328125 0.015625 0.0375
1 0.39453125 0.234375 0.01796875 0.0359375
1 0.41015625 0.22734375 0.01640625 0.03203125
1 0.32421875 0.24140625 0.015625 0.03046875
1 0.16875 0.4578125 0.03671875 0.07265625