1 0.234375 0.409375 0.0625 0.134375
1 0.3703125 0.46328125 0.07109375 0.13671875
1 0.24453125 0.16328125 0.02265625 0.0421875
1 0.4046875 0.19765625 0.02265625 0.04453125
1 0.4328125 0.19765625 0.01875 0.040625
1 0.440625 0.2546875 0.02109375 0.04765625
1 0.46328125 0.21953125 0.02265625 0.04609375
1 0.4875 0.20625 0.02265625 0.04453125
1 0.5609375 0.18203125 0.0265625 0.05859375
1 0.63828125 0.225 0.02578125 0.05703125
1 0.58984375 0.10078125 0.01484375 0.03203125
1 0.61015625 0.0921875 0.01484375 0.028125
1 0.63359375 0.11328125 0.015625 0.03203125
1 0.659375 0.10703125 0.01171875 0.03046875