1 0.0390625 0.403125 0.0375 0.075
1 0.2609375 0.28828125 0.021875 0.03828125
1 0.28203125 0.278125 0.01953125 0.04453125
1 0.30234375 0.26171875 0.0171875 0.04453125
1 0.325 0.26640625 0.0203125 0.04140625
1 0.34375 0.28515625 0.02265625 0.03828125
1 0.39765625 0.3078125 0.025 0.0515625
1 0.32578125 0.22421875 0.0171875 0.03671875
1 0.3453125 0.21875 0.015625 0.04140625
1 0.353125 0.24453125 0.01953125 0.03984375
1 0.37265625 0.23203125 0.0171875 0.03515625
1 0.41875 0.225 0.01796875 0.04140625
1 0.4515625 0.225 0.02265625 0.04140625
1 0.4078125 0.1796875 0.015625 0.03359375
1 0.42734375 0.18359375 0.0171875 0.03515625
1 0.46328125 0.19765625 0.01796875 0.03671875
1 0.45703125 0.16796875 0.0140625 0.0234375
1 0.4984375 0.23671875 0.021875 0.0484375
1 0.48203125 0.16875 0.01484375 0.03125
1 0.471875 0.14921875 0.01328125 0.0296875
1 0.4515625 0.14375 0.0125 0.028125
1 0.4875 0.1390625 0.015625 0.028125
1 0.52734375 0.14140625 0.01875 0.03359375
1 0.53359375 0.17578125 0.01953125 0.03359375
1 0.54140625 0.20234375 0.0203125 0.03984375
1 0.571875 0.16640625 0.0203125 0.03671875
1 0.58203125 0.1546875 0.01328125 0.0296875
1 0.55859375 0.1453125 0.0140625 0.028125
1 0.55078125 0.13515625 0.0140625 0.028125
1 0.56875 0.11796875 0.0125 0.0265625
1 0.58828125 0.13359375 0.01328125 0.025
1 0.621875 0.1453125 0.01796875 0.03828125
1 0.63125 0.13125 0.015625 0.0265625
1 0.63984375 0.10625 0.0140625 0.03359375
1 0.61875 0.10703125 0.01328125 0.03125
1 0.59765625 0.10546875 0.01484375 0.03515625
1 0.67109375 0.12734375 0.01484375 0.03515625
1 0.68828125 0.1046875 0.015625 0.03359375
1 0.68515625 0.14296875 0.01484375 0.03359375
1 0.71015625 0.13984375 0.015625 0.03671875
1 0.64609375 0.1765625 0.01875 0.04453125
1 0.62421875 0.19453125 0.01875 0.04296875
1 0.603125 0.25703125 0.02734375 0.0515625
1 0.56484375 0.2390625 0.02265625 0.046875
1 0.56171875 0.30078125 0.0265625 0.05625
1 0.4890625 0.30625 0.03125 0.06171875
1 0.6046875 0.33046875 0.0296875 0.06015625
1 0.6765625 0.34375 0.03828125 0.0734375
1 0.67734375 0.24609375 0.02421875 0.05
1 0.71015625 0.29375 0.02890625 0.06015625
1 0.66796875 0.2125 0.0203125 0.05
1 0.6921875 0.22109375 0.0203125 0.053125
1 0.69453125 0.18515625 0.01875 0.04140625
1 0.73203125 0.15703125 0.01484375 0.03828125
1 0.74140625 0.2046875 0.0203125 0.05
1 0.759375 0.234375 0.02265625 0.046875
1 0.7703125 0.28515625 0.0265625 0.0546875
1 0.79765625 0.17578125 0.01796875 0.05
1 0.7546875 0.1578125 0.01875 0.04296875
1 0.73984375 0.13046875 0.01796875 0.03515625
1 0.746875 0.11484375 0.01953125 0.03671875
1 0.76796875 0.1359375 0.01484375 0.03984375
1 0.7921875 0.128125 0.01484375 0.03984375
1 0.81171875 0.140625 0.01484375 0.028125
1 0.8203125 0.16953125 0.0140625 0.0296875
1 0.82890625 0.13359375 0.0171875 0.04140625
1 0.85234375 0.159375 0.01953125 0.04296875
1 0.85078125 0.19609375 0.0203125 0.04296875
1 0.87421875 0.2296875 0.021875 0.0484375
1 0.87421875 0.19921875 0.01953125 0.03984375
1 0.86640625 0.15625 0.015625 0.03359375
1 0.8703125 0.12890625 0.01796875 0.03828125
1 0.896875 0.134375 0.0140625 0.03359375
1 0.89375 0.171875 0.01953125 0.04140625
1 0.9328125 0.1703125 0.0140625 0.03515625
1 0.93203125 0.2796875 0.0234375 0.0546875