1 0.08515625 0.4734375 0.0296875 0.046875
1 0.196875 0.4640625 0.0328125 0.0625
1 0.15703125 0.58046875 0.02890625 0.03828125
1 0.2265625 0.61640625 0.03203125 0.04765625
1 0.26484375 0.621875 0.034375 0.05078125
1 0.2609375 0.5890625 0.02109375 0.03125
1 0.23828125 0.578125 0.021875 0.03046875
1 0.3015625 0.60234375 0.02421875 0.0375
1 0.33359375 0.6171875 0.0328125 0.03984375
1 0.37421875 0.61640625 0.0296875 0.046875
1 0.34375 0.5859375 0.02578125 0.03359375
1 0.32421875 0.57578125 0.0171875 0.0296875
1 0.3953125 0.59140625 0.025 0.04375
1 0.4 0.578125 0.021875 0.03203125
1 0.371875 0.58203125 0.01875 0.02578125
1 0.43046875 0.60546875 0.02890625 0.03984375
1 0.43125 0.5828125 0.0265625 0.03125
1 0.45859375 0.57421875 0.03046875 0.04296875
1 0.46015625 0.609375 0.03203125 0.04921875
1 0.4828125 0.63984375 0.04296875 0.059375
1 0.48671875 0.58984375 0.025 0.040625
1 0.51953125 0.57890625 0.028125 0.0359375
1 0.5453125 0.62734375 0.03203125 0.0640625
1 0.5890625 0.6390625 0.0375 0.0625
1 0.58984375 0.5953125 0.03203125 0.05
1 0.63359375 0.6109375 0.03984375 0.06484375
1 0.66328125 0.640625 0.0375 0.059375
1 0.65859375 0.60546875 0.0265625 0.03984375
1 0.69609375 0.6203125 0.02890625 0.04609375
1 0.73671875 0.64453125 0.04765625 0.0640625
1 0.71875 0.60625 0.02890625 0.05
1 0.76328125 0.609375 0.03359375 0.05
1 0.7875 0.63984375 0.04453125 0.07109375
1 0.79453125 0.59765625 0.03203125 0.05078125
1 0.83828125 0.6078125 0.03984375 0.06875
1 0.85625 0.5984375 0.03203125 0.0546875
1 0.87109375 0.6734375 0.04609375 0.08125
1 0.71484375 0.46875 0.0234375 0.040625