1 0.184375 0.2828125 0.0265625 0.04609375
1 0.21484375 0.30234375 0.0296875 0.06015625
1 0.22578125 0.22890625 0.02421875 0.04453125
1 0.2546875 0.23359375 0.0265625 0.0515625
1 0.278125 0.2421875 0.01875 0.040625
1 0.315625 0.22890625 0.025 0.05859375
1 0.34375 0.234375 0.02734375 0.06171875
1 0.31640625 0.3015625 0.0421875 0.0703125
1 0.3515625 0.4203125 0.0453125 0.07734375
1 0.3953125 0.25 0.028125 0.053125
1 0.4484375 0.23984375 0.03203125 0.06171875
1 0.446875 0.2140625 0.028125 0.06015625
1 0.5453125 0.28359375 0.034375 0.07890625