1 0.175 0.45625 0.04296875 0.08359375
1 0.26640625 0.21171875 0.015625 0.03125
1 0.325 0.171875 0.01875 0.03671875
1 0.353125 0.17109375 0.01953125 0.03515625
1 0.303125 0.1984375 0.01953125 0.03125
1 0.30234375 0.2296875 0.0140625 0.0390625
1 0.34375 0.19375 0.01796875 0.03671875
1 0.390625 0.1453125 0.01328125 0.0328125
1 0.440625 0.13828125 0.01328125 0.03125
1 0.4140625 0.14375 0.0140625 0.04296875
1 0.421875 0.15 0.0140625 0.03515625
1 0.49453125 0.1046875 0.01328125 0.0234375
1 0.46875 0.12734375 0.0140625 0.02109375
1 0.4765625 0.13203125 0.01328125 0.03125
1 0.39375 0.1859375 0.021875 0.040625
1 0.40625 0.19140625 0.01328125 0.02890625
1 0.38359375 0.2625 0.01875 0.05078125
1 0.3984375 0.2140625 0.0140625 0.0390625
1 0.4390625 0.17109375 0.015625 0.0234375
1 0.4671875 0.178125 0.01953125 0.0328125
1 0.49765625 0.16640625 0.015625 0.025
1 0.509375 0.13984375 0.01640625 0.03125
1 0.515625 0.1140625 0.0109375 0.025
1 0.55390625 0.11015625 0.0140625 0.02109375
1 0.52265625 0.1640625 0.01640625 0.0328125
1 0.5453125 0.14375 0.01796875 0.03125
1 0.5921875 0.0984375 0.01796875 0.025
1 0.565625 0.14140625 0.021875 0.04453125
1 0.559375 0.16953125 0.015625 0.03125
1 0.6015625 0.1390625 0.015625 0.0328125
1 0.58828125 0.20703125 0.0234375 0.040625
1 0.58671875 0.16171875 0.01640625 0.04296875
1 0.58515625 0.134375 0.01953125 0.04296875
1 0.64609375 0.10078125 0.01328125 0.03125
1 0.63984375 0.146875 0.01875 0.040625
1 0.64140625 0.17890625 0.01796875 0.0390625
1 0.61953125 0.2296875 0.02890625 0.06640625
1 0.6765625 0.165625 0.01640625 0.03515625
1 0.67890625 0.09375 0.01328125 0.0234375
1 0.69375 0.1046875 0.0140625 0.02734375
1 0.70390625 0.090625 0.01640625 0.02890625
1 0.68828125 0.1984375 0.01953125 0.0390625
1 0.6859375 0.2390625 0.01953125 0.046875
1 0.7015625 0.29765625 0.03125 0.0625
1 0.728125 0.13125 0.0140625 0.03671875
1 0.71953125 0.165625 0.01640625 0.0234375
1 0.7484375 0.12578125 0.0125 0.02109375
1 0.7296875 0.221875 0.01875 0.04296875
1 0.7640625 0.10859375 0.0125 0.02734375
1 0.75234375 0.178125 0.01953125 0.040625
1 0.75546875 0.225 0.021875 0.040625
1 0.77734375 0.1234375 0.01328125 0.0328125
1 0.78515625 0.15234375 0.01640625 0.025
1 0.79921875 0.12265625 0.0125 0.0234375
1 0.81328125 0.11953125 0.0109375 0.02890625
1 0.79765625 0.1875 0.01796875 0.02890625
1 0.79375 0.26875 0.02578125 0.046875
1 0.8421875 0.1453125 0.0140625 0.03671875
1 0.82109375 0.1875 0.02109375 0.03671875
1 0.84140625 0.20234375 0.02109375 0.0390625
1 0.8296875 0.234375 0.01953125 0.04453125
1 0.87109375 0.1625 0.01640625 0.04453125
1 0.9078125 0.1359375 0.0109375 0.01953125
1 0.91015625 0.175 0.0109375 0.03125
1 0.89609375 0.209375 0.015625 0.03671875
1 0.915625 0.34453125 0.02734375 0.0546875
1 0.93125 0.240625 0.01796875 0.03671875
1 0.940625 0.21484375 0.01953125 0.0328125
1 0.9359375 0.196875 0.01796875 0.04296875
1 0.94921875 0.175 0.021875 0.05078125
1 0.528125 0.14140625 0.0140625 0.02890625
1 0.73984375 0.36640625 0.02890625 0.06015625
1 0.6203125 0.1296875 0.0140625 0.02890625