1 0.20078125 0.22578125 0.01640625 0.04140625
1 0.24375 0.20078125 0.01796875 0.05078125
1 0.31796875 0.21015625 0.015625 0.04296875
1 0.359375 0.20546875 0.01640625 0.04140625
1 0.3796875 0.15859375 0.021875 0.04140625
1 0.415625 0.1484375 0.01875 0.04296875
1 0.425 0.21875 0.025 0.06015625
1 0.4671875 0.10078125 0.01484375 0.02265625
1 0.478125 0.20859375 0.021875 0.0578125
1 0.51328125 0.1234375 0.01640625 0.02265625
1 0.4765625 0.12890625 0.02109375 0.0375
1 0.53046875 0.15625 0.015625 0.03515625
1 0.546875 0.1390625 0.01640625 0.03515625
1 0.44609375 0.35546875 0.040625 0.08203125
1 0.5578125 0.28046875 0.04765625 0.0859375
1 0.62265625 0.23203125 0.02421875 0.0484375
1 0.6734375 0.33203125 0.034375 0.065625
1 0.5828125 0.15703125 0.01875 0.04453125
1 0.66796875 0.084375 0.01875 0.0375
1 0.68828125 0.0765625 0.01640625 0.0375
1 0.66484375 0.12578125 0.025 0.03203125
1 0.6171875 0.146875 0.025 0.046875
1 0.69921875 0.1953125 0.021875 0.046875
1 0.71953125 0.23671875 0.02734375 0.04296875
1 0.725 0.29921875 0.02890625 0.05234375
1 0.7453125 0.36796875 0.03125 0.0671875
1 0.7609375 0.13671875 0.01484375 0.04140625
1 0.7796875 0.134375 0.015625 0.03359375
1 0.74765625 0.2046875 0.02109375 0.046875
1 0.778125 0.175 0.02421875 0.0390625
1 0.76171875 0.25859375 0.02578125 0.046875
1 0.80078125 0.215625 0.01796875 0.0390625
1 0.80234375 0.153125 0.01484375 0.0375
1 0.81953125 0.24921875 0.02265625 0.046875
1 0.821875 0.36796875 0.03046875 0.0859375
1 0.83515625 0.3140625 0.02109375 0.0484375
1 0.86875 0.44453125 0.02578125 0.075
1 0.86640625 0.2765625 0.02109375 0.05625
1 0.88046875 0.24609375 0.01875 0.0390625
1 0.94140625 0.228125 0.01796875 0.0375
1 0.928125 0.28203125 0.021875 0.0484375
1 0.7265625 0.146875 0.01875 0.04296875
1 0.74140625 0.15390625 0.02265625 0.04296875
1 0.571875 0.07578125 0.01640625 0.03203125
1 0.59296875 0.07734375 0.01875 0.028125
1 0.6125 0.07421875 0.01875 0.04296875
1 0.453125 0.13828125 0.025 0.03359375
1 0.4328125 0.1515625 0.025 0.03359375
1 0.56171875 0.15078125 0.02265625 0.046875