1 0.2171875 0.36328125 0.03828125 0.07421875
1 0.29296875 0.2234375 0.0125 0.0296875
1 0.31015625 0.2359375 0.01328125 0.03125
1 0.328125 0.24765625 0.0140625 0.0359375
1 0.35859375 0.25859375 0.0140625 0.034375
1 0.38125 0.2546875 0.0140625 0.0296875
1 0.4234375 0.24375 0.0203125 0.04296875
1 0.3328125 0.19296875 0.01171875 0.02421875
1 0.34765625 0.2109375 0.015625 0.0296875
1 0.371875 0.2046875 0.0140625 0.0328125
1 0.4046875 0.19296875 0.015625 0.03125
1 0.42421875 0.1703125 0.01171875 0.02734375
1 0.42421875 0.146875 0.01015625 0.0203125
1 0.4453125 0.175 0.0125 0.02265625
1 0.4484375 0.21015625 0.0140625 0.02734375
1 0.4640625 0.2171875 0.015625 0.02734375
1 0.4859375 0.19375 0.015625 0.0296875
1 0.5015625 0.21875 0.01328125 0.03125
1 0.4953125 0.28984375 0.021875 0.0515625
1 0.4515625 0.15703125 0.0125 0.0203125
1 0.465625 0.1421875 0.0125 0.02265625
1 0.48203125 0.1515625 0.01171875 0.02421875
1 0.5046875 0.14921875 0.01015625 0.02265625
1 0.5375 0.1921875 0.01328125 0.0296875
1 0.528125 0.178125 0.01171875 0.02578125
1 0.55859375 0.16015625 0.0125 0.02734375
1 0.5828125 0.17734375 0.015625 0.02734375
1 0.52109375 0.13984375 0.01015625 0.0203125
1 0.50546875 0.1203125 0.01171875 0.0203125
1 0.52578125 0.1265625 0.01015625 0.01875
1 0.48828125 0.1390625 0.0125 0.02265625
1 0.54609375 0.12265625 0.01171875 0.02421875
1 0.57421875 0.12578125 0.01171875 0.02421875
1 0.56484375 0.1234375 0.00859375 0.02265625
1 0.55078125 0.1515625 0.0125 0.02421875
1 0.58984375 0.14921875 0.01328125 0.0328125
1 0.61875 0.15234375 0.0125 0.0296875
1 0.61640625 0.134375 0.0125 0.0203125
1 0.6046875 0.1296875 0.01015625 0.02421875
1 0.61171875 0.11171875 0.01015625 0.0171875
1 0.63046875 0.11015625 0.0125 0.02734375
1 0.65625 0.10234375 0.009375 0.02578125
1 0.66171875 0.13046875 0.0125 0.02265625
1 0.65234375 0.1546875 0.0140625 0.02578125
1 0.68515625 0.12734375 0.01328125 0.03125
1 0.6796875 0.1046875 0.01171875 0.02265625
1 0.71171875 0.1109375 0.01328125 0.02578125
1 0.559375 0.30078125 0.02421875 0.046875
1 0.5640625 0.25703125 0.021875 0.03828125
1 0.60078125 0.26015625 0.02265625 0.04453125
1 0.61875 0.221875 0.0140625 0.0359375
1 0.6625 0.19296875 0.01796875 0.034375
1 0.70078125 0.17578125 0.0125 0.03125
1 0.71015625 0.18515625 0.0140625 0.0328125
1 0.721875 0.2234375 0.0171875 0.0359375
1 0.67265625 0.2578125 0.02265625 0.05
1 0.696875 0.3140625 0.02578125 0.05546875
1 0.71640625 0.278125 0.01796875 0.046875
1 0.74765625 0.37734375 0.028125 0.05546875
1 0.6 0.3546875 0.02890625 0.06015625
1 0.72890625 0.1484375 0.01171875 0.02421875
1 0.73671875 0.16953125 0.0140625 0.02578125
1 0.74765625 0.2 0.015625 0.03125
1 0.76484375 0.25546875 0.0171875 0.04453125
1 0.790625 0.22734375 0.0140625 0.03125
1 0.79296875 0.16328125 0.0140625 0.0296875
1 0.7796875 0.1421875 0.01328125 0.0328125
1 0.74609375 0.1390625 0.0140625 0.0296875
1 0.75703125 0.1640625 0.01171875 0.03125
1 0.81171875 0.26953125 0.01796875 0.04296875
1 0.78984375 0.321875 0.02578125 0.046875
1 0.815625 0.40703125 0.02890625 0.065625
1 0.8375 0.359375 0.028125 0.053125
1 0.8671875 0.27265625 0.0171875 0.04453125
1 0.88203125 0.23203125 0.01640625 0.04296875
1 0.9453125 0.2296875 0.0140625 0.034375
1 0.91796875 0.29453125 0.01640625 0.04453125
1 0.91171875 0.359375 0.01796875 0.053125
1 0.8828125 0.43046875 0.03125 0.0703125