1 0.0671875 0.64140625 0.09765625 0.153125
1 0.06171875 0.47734375 0.05625 0.084375
1 0.01796875 0.44921875 0.0359375 0.08125
1 0.12109375 0.43125 0.04609375 0.06328125
1 0.18828125 0.4515625 0.04375 0.06875
1 0.178125 0.5390625 0.071875 0.1109375
1 0.3296875 0.4984375 0.05234375 0.084375
1 0.22890625 0.41171875 0.034375 0.05390625
1 0.28828125 0.4171875 0.0359375 0.05390625
1 0.296875 0.378125 0.034375 0.0484375
1 0.3609375 0.40546875 0.034375 0.05390625
1 0.40234375 0.37421875 0.028125 0.0453125
1 0.42421875 0.39375 0.028125 0.0484375
1 0.4609375 0.37265625 0.021875 0.0359375
1 0.55390625 0.28671875 0.03203125 0.06328125
1 0.56796875 0.421875 0.03984375 0.06328125
1 0.47734375 0.425 0.04609375 0.05703125
1 0.40390625 0.4671875 0.04765625 0.06875
1 0.31875 0.59609375 0.08203125 0.1109375
1 0.28515625 0.79140625 0.1296875 0.1828125
1 0.50703125 0.6203125 0.078125 0.14140625
1 0.48984375 0.5 0.05625 0.09296875
1 0.53203125 0.47265625 0.03984375 0.08671875
1 0.53515625 0.40703125 0.0296875 0.05703125
1 0.65078125 0.4921875 0.04609375 0.071875
1 0.58984375 0.55390625 0.06015625 0.10546875
1 0.753125 0.66484375 0.10625 0.13515625
1 0.63828125 0.9140625 0.15625 0.159375
1 0.753125 0.56171875 0.06171875 0.1078125
1 0.80078125 0.5328125 0.04609375 0.08671875
1 0.81875 0.4609375 0.04609375 0.075
1 0.81328125 0.428125 0.03828125 0.0453125
1 0.82578125 0.40546875 0.03203125 0.0421875
1 0.68125 0.43984375 0.034375 0.05078125
1 0.6578125 0.40078125 0.028125 0.05078125
1 0.7140625 0.41875 0.03203125 0.05078125
1 0.73828125 0.41015625 0.028125 0.0453125
1 0.7359375 0.24921875 0.03203125 0.0484375