1 0.12734375 0.39296875 0.02578125 0.0421875
1 0.15078125 0.40390625 0.0265625 0.0453125
1 0.178125 0.42734375 0.03046875 0.0546875
1 0.23125 0.44140625 0.03828125 0.0578125
1 0.30703125 0.43125 0.0375 0.053125
1 0.31640625 0.403125 0.01953125 0.03125
1 0.3359375 0.41171875 0.02578125 0.0453125
1 0.3734375 0.4015625 0.0234375 0.040625
1 0.40234375 0.35625 0.01953125 0.03125
1 0.38203125 0.45 0.03828125 0.0625
1 0.425 0.42890625 0.03046875 0.0515625
1 0.440625 0.41484375 0.021875 0.0421875
1 0.46796875 0.4125 0.02421875 0.040625
1 0.50546875 0.4046875 0.0265625 0.040625
1 0.5265625 0.44375 0.03515625 0.065625
1 0.565625 0.4953125 0.04453125 0.071875
1 0.5828125 0.4078125 0.0171875 0.03125
1 0.60234375 0.41328125 0.01953125 0.0390625
1 0.625 0.43671875 0.03515625 0.0515625
1 0.66796875 0.40625 0.01953125 0.0375
1 0.71640625 0.45546875 0.03984375 0.0609375
1 0.7421875 0.41796875 0.01953125 0.0359375
1 0.7625 0.4109375 0.0234375 0.034375
1 0.76484375 0.44140625 0.02109375 0.0421875
1 0.80703125 0.40859375 0.028125 0.0390625
1 0.84140625 0.4625 0.040625 0.053125
1 0.9015625 0.43359375 0.03046875 0.0515625
1 0.92265625 0.4265625 0.0234375 0.04375
1 0.97265625 0.41328125 0.02421875 0.0453125
1 0.71640625 0.415625 0.021875 0.040625