1 0.03828125 0.48515625 0.0453125 0.08125
1 0.23125 0.3390625 0.01875 0.03671875
1 0.25859375 0.3703125 0.025 0.04921875
1 0.28671875 0.31484375 0.01953125 0.0390625
1 0.29609375 0.36484375 0.0203125 0.03828125
1 0.3359375 0.35703125 0.0203125 0.0421875
1 0.3546875 0.3296875 0.015625 0.03515625
1 0.359375 0.2921875 0.01640625 0.03359375
1 0.3859375 0.34140625 0.01796875 0.03828125
1 0.4125 0.33828125 0.02265625 0.03828125
1 0.45234375 0.34140625 0.02265625 0.0390625
1 0.43359375 0.30625 0.01640625 0.0296875
1 0.409375 0.30390625 0.01875 0.03125
1 0.40859375 0.26796875 0.015625 0.03203125
1 0.39296875 0.2734375 0.015625 0.040625
1 0.44921875 0.26328125 0.01484375 0.03359375
1 0.434375 0.2375 0.01171875 0.03125
1 0.47734375 0.2421875 0.0140625 0.028125
1 0.47265625 0.27421875 0.01640625 0.03125
1 0.4703125 0.3203125 0.02265625 0.03828125
1 0.5078125 0.3171875 0.0203125 0.03515625
1 0.51328125 0.26796875 0.01484375 0.0265625
1 0.5234375 0.27109375 0.0140625 0.03203125
1 0.53046875 0.2515625 0.01171875 0.025
1 0.54921875 0.25 0.01640625 0.0265625
1 0.5671875 0.278125 0.01640625 0.03828125
1 0.56015625 0.2296875 0.0171875 0.0265625
1 0.57734375 0.22421875 0.01484375 0.0296875
1 0.58359375 0.2609375 0.0171875 0.03203125
1 0.60546875 0.24375 0.0140625 0.02109375
1 0.6046875 0.2234375 0.0140625 0.028125
1 0.6125 0.2078125 0.0140625 0.0265625
1 0.6296875 0.221875 0.0140625 0.028125
1 0.64296875 0.228125 0.0140625 0.025
1 0.6484375 0.24453125 0.015625 0.02265625
1 0.66484375 0.21875 0.0140625 0.02421875
1 0.6796875 0.2328125 0.01484375 0.0265625
1 0.70078125 0.22109375 0.01328125 0.028125
1 0.70703125 0.25078125 0.01640625 0.0296875
1 0.67890625 0.26640625 0.01953125 0.03828125
1 0.69453125 0.30546875 0.02265625 0.0421875
1 0.6390625 0.30625 0.01796875 0.03671875
1 0.6484375 0.3484375 0.02265625 0.0453125
1 0.60078125 0.3375 0.02109375 0.0421875
1 0.6 0.38515625 0.0296875 0.04765625
1 0.609375 0.42578125 0.0328125 0.06640625
1 0.54609375 0.4078125 0.0296875 0.05625
1 0.53515625 0.353125 0.02734375 0.0453125
1 0.46796875 0.4125 0.0328125 0.0578125
1 0.646875 0.45546875 0.03359375 0.06484375
1 0.65859375 0.37421875 0.0265625 0.04765625
1 0.690625 0.365625 0.0203125 0.0453125
1 0.7234375 0.4140625 0.03203125 0.06640625
1 0.70625 0.4796875 0.03671875 0.07890625
1 0.77578125 0.4234375 0.0296875 0.06484375
1 0.81640625 0.3609375 0.0234375 0.04609375
1 0.73046875 0.2890625 0.01875 0.03828125
1 0.7359375 0.253125 0.01953125 0.0390625
1 0.76328125 0.26484375 0.01875 0.03828125
1 0.7625 0.2296875 0.01796875 0.03203125
1 0.7859375 0.24921875 0.015625 0.03125
1 0.79921875 0.246875 0.0140625 0.0296875
1 0.8234375 0.27265625 0.0203125 0.03125
1 0.78515625 0.2890625 0.01953125 0.03203125
1 0.8203125 0.309375 0.02265625 0.03125
1 0.84140625 0.33828125 0.01875 0.03515625
1 0.84375 0.31484375 0.015625 0.03125
1 0.85625 0.284375 0.0140625 0.03359375
1 0.84765625 0.2578125 0.0125 0.0296875
1 0.87890625 0.25625 0.01484375 0.03359375
1 0.9 0.2796875 0.015625 0.03359375
1 0.88359375 0.31015625 0.01484375 0.03515625
1 0.88125 0.36015625 0.02265625 0.04765625
1 0.8671875 0.3703125 0.025 0.04921875
1 0.8515625 0.43828125 0.0296875 0.0578125
1 0.8328125 0.50390625 0.0328125 0.06875
1 0.9171875 0.47109375 0.03203125 0.08125
1 0.91171875 0.32734375 0.01875 0.04375
1 0.9234375 0.31328125 0.0171875 0.03203125
1 0.9375 0.30546875 0.0140625 0.03359375
1 0.9421875 0.2828125 0.01171875 0.025
1 0.94765625 0.35859375 0.01875 0.0421875