1 0.23984375 0.54375 0.11640625 0.1875
1 0.30546875 0.425 0.06015625 0.1125
1 0.37734375 0.4671875 0.07890625 0.140625
1 0.48671875 0.71875 0.14765625 0.2625
1 0.525 0.51875 0.09609375 0.175
1 0.58671875 0.38125 0.04765625 0.1
1 0.62578125 0.3390625 0.04375 0.084375
1 0.65 0.315625 0.04609375 0.0875
1 0.725 0.3578125 0.05 0.084375
1 0.721875 0.4625 0.06484375 0.1125
1 0.84296875 0.396875 0.04765625 0.0875
1 0.90234375 0.4171875 0.05859375 0.109375
1 0.528125 0.31875 0.04375 0.08125
1 0.49921875 0.3609375 0.05625 0.096875
1 0.465625 0.321875 0.03515625 0.06875
1 0.41953125 0.321875 0.04375 0.075
1 0.32578125 0.19375 0.03125 0.05625
1 0.20859375 0.3640625 0.05390625 0.090625
1 0.17265625 0.3453125 0.05390625 0.084375
1 0.128125 0.2609375 0.03515625 0.046875
1 0.08359375 0.3171875 0.04140625 0.065625
1 0.02734375 0.3859375 0.05390625 0.109375
1 0.05234375 0.8359375 0.1 0.321875