1 0.115625 0.29453125 0.01875 0.034375
1 0.17421875 0.24453125 0.0171875 0.03203125
1 0.20078125 0.24453125 0.0203125 0.034375
1 0.2359375 0.22109375 0.01640625 0.02890625
1 0.30546875 0.27109375 0.01953125 0.04296875
1 0.3390625 0.21953125 0.01484375 0.02890625
1 0.35546875 0.2125 0.01171875 0.02890625
1 0.3609375 0.26484375 0.01953125 0.0359375
1 0.4125 0.28203125 0.0234375 0.04609375
1 0.4234375 0.22421875 0.01640625 0.03359375
1 0.38515625 0.2015625 0.01484375 0.02890625
1 0.4046875 0.19453125 0.0171875 0.02890625
1 0.471875 0.16171875 0.01640625 0.034375
1 0.496875 0.21015625 0.01953125 0.04140625
1 0.50078125 0.2859375 0.02109375 0.04609375
1 0.52890625 0.1984375 0.01640625 0.0359375
1 0.54296875 0.1734375 0.0125 0.03359375
1 0.52421875 0.1484375 0.0171875 0.02734375
1 0.575 0.1703125 0.0203125 0.03046875
1 0.5671875 0.14375 0.0125 0.02734375
1 0.5859375 0.15625 0.01640625 0.03359375
1 0.61015625 0.10859375 0.0109375 0.0234375
1 0.56953125 0.3015625 0.02734375 0.04453125
1 0.665625 0.34765625 0.03046875 0.0640625
1 0.5734375 0.240625 0.01875 0.0375
1 0.60078125 0.253125 0.0203125 0.04609375
1 0.6046875 0.22265625 0.0203125 0.034375
1 0.65 0.18515625 0.01328125 0.04296875
1 0.66328125 0.21171875 0.02265625 0.046875
1 0.67734375 0.1609375 0.01875 0.02734375
1 0.76328125 0.36171875 0.02890625 0.05546875
1 0.72578125 0.2515625 0.02890625 0.05390625
1 0.70859375 0.22578125 0.0203125 0.0359375
1 0.65390625 0.26875 0.0234375 0.04453125
1 0.7046875 0.1859375 0.01640625 0.03203125
1 0.7328125 0.19375 0.01875 0.0390625
1 0.76171875 0.22734375 0.0171875 0.03359375
1 0.77890625 0.20703125 0.0171875 0.034375
1 0.7671875 0.17890625 0.01484375 0.03046875
1 0.78125 0.1296875 0.015625 0.03203125
1 0.80859375 0.13984375 0.0140625 0.03359375
1 0.81171875 0.234375 0.01875 0.0515625
1 0.78515625 0.2953125 0.0234375 0.05
1 0.85390625 0.2859375 0.0265625 0.0484375
1 0.8734375 0.25625 0.01875 0.046875
1 0.90703125 0.2625 0.01953125 0.0484375
1 0.8953125 0.1953125 0.015625 0.03359375
1 0.8296875 0.22265625 0.01484375 0.04296875
1 0.85078125 0.19140625 0.01171875 0.03359375
1 0.86328125 0.14921875 0.0140625 0.034375
1 0.8265625 0.16875 0.01484375 0.03359375