1 0.2140625 0.4421875 0.05234375 0.09609375
1 0.24765625 0.3734375 0.04296875 0.09453125
1 0.29765625 0.23984375 0.0234375 0.0453125
1 0.340625 0.2796875 0.02265625 0.046875
1 0.35625 0.25703125 0.0171875 0.03515625
1 0.39140625 0.1859375 0.02109375 0.0421875
1 0.41953125 0.12421875 0.0140625 0.0265625
1 0.4484375 0.18359375 0.01796875 0.040625
1 0.43046875 0.21328125 0.02109375 0.0390625
1 0.45 0.2171875 0.021875 0.03671875
1 0.43671875 0.28046875 0.021875 0.0484375
1 0.48515625 0.31484375 0.02734375 0.05390625
1 0.47421875 0.196875 0.0171875 0.03671875
1 0.45625 0.1421875 0.0140625 0.03203125
1 0.4828125 0.1625 0.01640625 0.03203125
1 0.4890625 0.128125 0.01328125 0.0234375
1 0.5140625 0.16796875 0.0171875 0.03359375
1 0.52578125 0.20546875 0.01875 0.03671875
1 0.53671875 0.13671875 0.01484375 0.040625
1 0.55625 0.1421875 0.01328125 0.03203125
1 0.56796875 0.1078125 0.01171875 0.0234375
1 0.5828125 0.15390625 0.0171875 0.03515625
1 0.5984375 0.08984375 0.01484375 0.03515625
1 0.61328125 0.23984375 0.02109375 0.0421875
1 0.6640625 0.25703125 0.02265625 0.05234375
1 0.721875 0.2765625 0.0265625 0.05546875
1 0.778125 0.3046875 0.025 0.05390625
1 0.68828125 0.1515625 0.01640625 0.040625
1 0.69921875 0.090625 0.01640625 0.03671875
1 0.71015625 0.17578125 0.01796875 0.03515625
1 0.71484375 0.14375 0.0171875 0.0390625
1 0.73203125 0.165625 0.0140625 0.02890625
1 0.7484375 0.1421875 0.0125 0.03203125
1 0.7609375 0.1640625 0.0140625 0.03515625
1 0.7546875 0.10859375 0.01015625 0.025
1 0.815625 0.1265625 0.0125 0.0265625
1 0.80234375 0.178125 0.01640625 0.040625
1 0.8546875 0.19140625 0.0171875 0.0390625
1 0.87734375 0.22109375 0.0203125 0.03515625