1 0.20625 0.421875 0.040625 0.071875
1 0.26171875 0.26640625 0.015625 0.02734375
1 0.29140625 0.2484375 0.01484375 0.02890625
1 0.3171875 0.25390625 0.0125 0.03046875
1 0.32734375 0.27421875 0.0171875 0.02890625
1 0.3484375 0.2796875 0.02109375 0.03046875
1 0.31171875 0.22734375 0.01640625 0.03046875
1 0.3375 0.2234375 0.01640625 0.034375
1 0.37890625 0.275 0.0203125 0.04453125
1 0.409375 0.28671875 0.01875 0.04453125
1 0.43359375 0.25078125 0.02265625 0.02734375
1 0.46875 0.23046875 0.01875 0.0375
1 0.38515625 0.20234375 0.01640625 0.02890625
1 0.42734375 0.18515625 0.0171875 0.02578125
1 0.4109375 0.17578125 0.01171875 0.02421875
1 0.45546875 0.1546875 0.01484375 0.0328125
1 0.4734375 0.1625 0.01484375 0.03046875
1 0.51328125 0.18515625 0.0125 0.02890625
1 0.4859375 0.2015625 0.015625 0.03046875
1 0.546875 0.1921875 0.01328125 0.0359375
1 0.5421875 0.17578125 0.0171875 0.0375
1 0.5265625 0.15234375 0.0125 0.02890625
1 0.51875 0.13671875 0.01171875 0.03046875
1 0.50859375 0.1265625 0.009375 0.0203125
1 0.5578125 0.146875 0.0125 0.02734375
1 0.4265625 0.221875 0.01953125 0.02734375
1 0.59921875 0.16328125 0.015625 0.0328125
1 0.61171875 0.1515625 0.01171875 0.034375
1 0.584375 0.1296875 0.01484375 0.02421875
1 0.60546875 0.1078125 0.0109375 0.02734375
1 0.6296875 0.1390625 0.01484375 0.02890625
1 0.61953125 0.128125 0.009375 0.0203125
1 0.65078125 0.11015625 0.01171875 0.02578125
1 0.66953125 0.1234375 0.01484375 0.02890625
1 0.528125 0.2859375 0.0203125 0.04296875
1 0.56171875 0.3015625 0.02265625 0.053125
1 0.578125 0.24765625 0.01875 0.040625
1 0.63203125 0.21171875 0.0234375 0.034375
1 0.63984375 0.25078125 0.01640625 0.040625
1 0.659375 0.2671875 0.01953125 0.0390625
1 0.66484375 0.22421875 0.015625 0.0390625
1 0.6515625 0.175 0.01640625 0.0328125
1 0.6890625 0.16796875 0.01484375 0.0328125
1 0.675 0.33359375 0.02734375 0.06640625
1 0.71640625 0.2875 0.02421875 0.053125
1 0.78984375 0.34921875 0.03046875 0.059375
1 0.78828125 0.28984375 0.0203125 0.04765625
1 0.7515625 0.246875 0.02109375 0.0390625
1 0.7109375 0.23203125 0.01875 0.0375
1 0.72265625 0.19296875 0.015625 0.0375
1 0.7484375 0.1984375 0.0171875 0.02890625
1 0.734375 0.1578125 0.01328125 0.02890625
1 0.75 0.15 0.01484375 0.03046875
1 0.76796875 0.178125 0.01328125 0.02890625
1 0.7921875 0.190625 0.01640625 0.0390625
1 0.7890625 0.14765625 0.0109375 0.02890625
1 0.771875 0.121875 0.01328125 0.02890625
1 0.8046875 0.12890625 0.0109375 0.02890625
1 0.81171875 0.171875 0.01328125 0.0359375
1 0.83046875 0.23125 0.01953125 0.04921875
1 0.8484375 0.2140625 0.01484375 0.0390625
1 0.859375 0.18359375 0.01484375 0.0328125
1 0.83203125 0.171875 0.0125 0.0390625
1 0.8390625 0.1390625 0.01484375 0.0359375
1 0.8859375 0.15234375 0.01171875 0.0328125
1 0.89453125 0.190625 0.01328125 0.0359375
1 0.88828125 0.21953125 0.0171875 0.0359375
1 0.87421875 0.23828125 0.0203125 0.04921875
1 0.86484375 0.290625 0.01953125 0.04609375
1 0.9203125 0.27421875 0.0171875 0.04296875