1 0.06796875 0.33671875 0.01953125 0.0328125
1 0.34921875 0.2734375 0.021875 0.04453125
1 0.390625 0.26484375 0.021875 0.04765625
1 0.41796875 0.2578125 0.02421875 0.04609375
1 0.46328125 0.23359375 0.02734375 0.04453125
1 0.45234375 0.1875 0.01484375 0.03828125
1 0.471875 0.1953125 0.015625 0.034375
1 0.48125 0.18671875 0.0125 0.0296875
1 0.49453125 0.2 0.01875 0.0359375
1 0.49375 0.23125 0.01875 0.03984375
1 0.49765625 0.10390625 0.0171875 0.0296875
1 0.58203125 0.140625 0.015625 0.0328125
1 0.58359375 0.065625 0.01328125 0.0234375
1 0.61171875 0.26328125 0.02734375 0.04765625
1 0.496875 0.31015625 0.03125 0.053125
1 0.72109375 0.1859375 0.021875 0.04140625
1 0.76171875 0.23359375 0.02578125 0.0546875