1 0.03359375 0.3546875 0.04921875 0.07265625
1 0.1640625 0.38203125 0.05859375 0.08203125
1 0.21171875 0.359375 0.03671875 0.07265625
1 0.259375 0.4046875 0.05859375 0.090625
1 0.3484375 0.42265625 0.0703125 0.1
1 0.325 0.38203125 0.04296875 0.06328125
1 0.28203125 0.35 0.04296875 0.06328125
1 0.37734375 0.35234375 0.03671875 0.06796875
1 0.403125 0.4 0.05234375 0.08203125
1 0.45703125 0.3796875 0.04296875 0.06796875
1 0.52890625 0.41328125 0.0640625 0.1
1 0.4859375 0.3453125 0.02734375 0.0546875
1 0.5796875 0.384375 0.03671875 0.06796875
1 0.61640625 0.375 0.03046875 0.05
1 0.675 0.409375 0.05546875 0.090625
1 0.6578125 0.36796875 0.03359375 0.0546875
1 0.7390625 0.4 0.03671875 0.06328125
1 0.79765625 0.4046875 0.04296875 0.06328125
1 0.815625 0.3796875 0.03046875 0.059375
1 0.86796875 0.40703125 0.03671875 0.07734375
1 0.93984375 0.38671875 0.03984375 0.06328125