1 0.21484375 0.31640625 0.0375 0.09921875
1 0.43828125 0.2203125 0.01640625 0.040625
1 0.48203125 0.21796875 0.01796875 0.04609375
1 0.546875 0.18125 0.01796875 0.03828125
1 0.61171875 0.1859375 0.01953125 0.04765625
1 0.61953125 0.2234375 0.02265625 0.04609375
1 0.675 0.20234375 0.01875 0.04375
1 0.66796875 0.253125 0.0203125 0.053125
1 0.6796875 0.175 0.015625 0.040625
1 0.72109375 0.19609375 0.015625 0.03828125
1 0.753125 0.2765625 0.02890625 0.071875
1 0.72265625 0.30078125 0.0234375 0.053125
1 0.8375 0.25546875 0.0203125 0.04375
1 0.87421875 0.25703125 0.0203125 0.0515625