1 0.040625 0.63203125 0.05078125 0.1203125
1 0.209375 0.26328125 0.015625 0.0421875
1 0.27890625 0.22734375 0.0171875 0.04375
1 0.315625 0.2328125 0.015625 0.05
1 0.328125 0.19375 0.01875 0.046875
1 0.3375 0.2234375 0.0171875 0.0484375
1 0.3578125 0.21015625 0.015625 0.0421875
1 0.3765625 0.26640625 0.0234375 0.05859375
1 0.36328125 0.19140625 0.01484375 0.03203125
1 0.40390625 0.18828125 0.01875 0.0421875
1 0.41328125 0.22890625 0.01640625 0.03671875
1 0.44296875 0.29453125 0.02265625 0.06015625
1 0.47890625 0.246875 0.02265625 0.0515625
1 0.4375 0.1984375 0.01640625 0.03828125
1 0.43203125 0.1625 0.0171875 0.03984375
1 0.46171875 0.15859375 0.0171875 0.04375
1 0.48515625 0.16015625 0.01640625 0.04375
1 0.50234375 0.1453125 0.015625 0.04375
1 0.50546875 0.196875 0.01640625 0.0421875
1 0.5609375 0.21796875 0.02109375 0.0484375
1 0.5328125 0.1546875 0.01484375 0.03828125
1 0.55703125 0.1578125 0.0140625 0.0421875
1 0.56171875 0.13203125 0.01484375 0.03359375
1 0.5875 0.13125 0.01328125 0.03828125
1 0.59296875 0.1640625 0.01640625 0.03984375
1 0.584375 0.19375 0.0171875 0.04375
1 0.60390625 0.1203125 0.015625 0.03984375
1 0.62109375 0.1578125 0.015625 0.03828125
1 0.640625 0.12265625 0.01484375 0.0421875
1 0.63359375 0.19375 0.01640625 0.046875
1 0.66484375 0.175 0.01484375 0.03515625
1 0.66015625 0.14453125 0.0125 0.03828125
1 0.67421875 0.128125 0.0125 0.03828125
1 0.69453125 0.13203125 0.01640625 0.03671875
1 0.71640625 0.14765625 0.0140625 0.03828125
1 0.684375 0.16875 0.01875 0.046875
1 0.56015625 0.34375 0.0234375 0.06171875
1 0.60859375 0.36796875 0.0234375 0.06328125
1 0.621875 0.2828125 0.02421875 0.06015625
1 0.6640625 0.40859375 0.03203125 0.075
1 0.728125 0.38828125 0.0265625 0.06328125
1 0.80703125 0.4578125 0.03203125 0.08671875
1 0.86328125 0.51171875 0.0359375 0.08359375
1 0.87265625 0.39140625 0.02578125 0.0703125
1 0.95703125 0.4578125 0.02265625 0.0765625
1 0.94921875 0.37265625 0.025 0.0703125
1 0.9796875 0.36484375 0.01796875 0.053125
1 0.971875 0.328125 0.0171875 0.05
1 0.97890625 0.29921875 0.0140625 0.03359375
1 0.98828125 0.26015625 0.01875 0.0421875
1 0.95078125 0.24453125 0.0125 0.03984375
1 0.93671875 0.2671875 0.01484375 0.04375
1 0.9234375 0.31796875 0.02109375 0.046875
1 0.865625 0.33671875 0.02109375 0.05546875
1 0.8921875 0.2734375 0.01875 0.0484375
1 0.9015625 0.25078125 0.0140625 0.03984375
1 0.9109375 0.22421875 0.015625 0.03984375
1 0.875 0.228125 0.01640625 0.0421875
1 0.8203125 0.3 0.02421875 0.06171875
1 0.76953125 0.28046875 0.0203125 0.0453125
1 0.79609375 0.25390625 0.0203125 0.05703125
1 0.8265625 0.21953125 0.0171875 0.0453125
1 0.8140625 0.18671875 0.01796875 0.0484375
1 0.7828125 0.19921875 0.01640625 0.046875
1 0.7828125 0.16796875 0.01484375 0.0421875
1 0.75859375 0.22734375 0.01640625 0.04375
1 0.71953125 0.21015625 0.01875 0.0421875
1 0.73828125 0.20703125 0.01796875 0.046875
1 0.75 0.203125 0.01640625 0.0515625
1 0.71875 0.27265625 0.021875 0.06015625
1 0.678125 0.2453125 0.02109375 0.05859375