1 0.1140625 0.51328125 0.13203125 0.28125
1 0.2015625 0.61171875 0.04453125 0.09765625
1 0.25 0.5890625 0.0375 0.07890625
1 0.240625 0.53359375 0.03203125 0.0484375
1 0.2703125 0.5453125 0.02734375 0.0640625
1 0.278125 0.51640625 0.02265625 0.0515625
1 0.3203125 0.52109375 0.01640625 0.040625
1 0.3328125 0.54296875 0.02578125 0.0625
1 0.3578125 0.51640625 0.02890625 0.06796875
1 0.3953125 0.528125 0.021875 0.0484375
1 0.43515625 0.52734375 0.0171875 0.04140625
1 0.43828125 0.56015625 0.021875 0.0484375
1 0.3890625 0.63203125 0.03828125 0.08515625
1 0.45625 0.61953125 0.03671875 0.07109375
1 0.471875 0.55 0.0203125 0.0484375
1 0.5078125 0.56640625 0.01796875 0.04140625
1 0.5265625 0.5640625 0.028125 0.065625
1 0.528125 0.6890625 0.04609375 0.090625
1 0.590625 0.59296875 0.09140625 0.18203125
1 0.6609375 0.57265625 0.03359375 0.0640625
1 0.73671875 0.6171875 0.034375 0.0625
1 0.76328125 0.6296875 0.0234375 0.053125
1 0.853125 0.4953125 0.08125 0.15546875