1 0.0734375 0.50703125 0.0515625 0.1171875
1 0.25625 0.28046875 0.0171875 0.03203125
1 0.275 0.27890625 0.015625 0.03984375
1 0.303125 0.2578125 0.015625 0.03984375
1 0.3125 0.23359375 0.0140625 0.028125
1 0.340625 0.215625 0.01796875 0.03359375
1 0.37421875 0.2140625 0.0140625 0.03046875
1 0.38046875 0.203125 0.01953125 0.03515625
1 0.40859375 0.1703125 0.0171875 0.0265625
1 0.45 0.1453125 0.01015625 0.0265625
1 0.48203125 0.13046875 0.01484375 0.0265625
1 0.47734375 0.14609375 0.01875 0.025
1 0.43046875 0.1921875 0.0140625 0.0265625
1 0.43828125 0.23828125 0.0203125 0.03515625
1 0.46328125 0.19453125 0.01484375 0.03203125
1 0.4921875 0.18828125 0.015625 0.025
1 0.4625 0.23359375 0.01875 0.03515625
1 0.53203125 0.1375 0.01484375 0.03671875
1 0.56015625 0.115625 0.0171875 0.0265625
1 0.55234375 0.13359375 0.0125 0.0265625
1 0.5390625 0.203125 0.02265625 0.03828125
1 0.57265625 0.16328125 0.01953125 0.03515625
1 0.58359375 0.1296875 0.02265625 0.028125
1 0.5984375 0.0984375 0.0171875 0.03046875
1 0.628125 0.09765625 0.01484375 0.028125
1 0.61953125 0.13359375 0.01796875 0.03984375
1 0.6046875 0.20625 0.0171875 0.03515625
1 0.559375 0.290625 0.0234375 0.053125
1 0.47734375 0.3046875 0.025 0.05703125
1 0.60234375 0.2671875 0.02734375 0.053125
1 0.646875 0.1140625 0.0140625 0.0265625
1 0.671875 0.1109375 0.0125 0.028125
1 0.684375 0.10703125 0.01328125 0.0265625
1 0.65 0.1703125 0.01875 0.03671875
1 0.6828125 0.1828125 0.01484375 0.0453125
1 0.65859375 0.25859375 0.0203125 0.05546875
1 0.60546875 0.33828125 0.02890625 0.06875
1 0.66796875 0.33671875 0.02734375 0.06484375
1 0.70859375 0.1375 0.0203125 0.04375
1 0.73125 0.121875 0.01484375 0.04375
1 0.7046875 0.21484375 0.021875 0.0453125
1 0.715625 0.2765625 0.0296875 0.0484375
1 0.7296875 0.19453125 0.0171875 0.0421875
1 0.75390625 0.09765625 0.01328125 0.021875
1 0.75234375 0.2390625 0.021875 0.05
1 0.7796875 0.11953125 0.0109375 0.025
1 0.778125 0.159375 0.0171875 0.03515625
1 0.78125 0.28671875 0.01953125 0.05546875
1 0.81171875 0.24140625 0.01953125 0.0515625
1 0.79296875 0.1234375 0.0109375 0.03046875
1 0.7984375 0.178125 0.01953125 0.0453125
1 0.8109375 0.12890625 0.009375 0.0234375
1 0.8296875 0.13515625 0.01328125 0.03046875
1 0.84765625 0.18515625 0.021875 0.0421875
1 0.8703125 0.1234375 0.0125 0.03046875
1 0.8671875 0.221875 0.01328125 0.03203125
1 0.9015625 0.13203125 0.0109375 0.03359375
1 0.890625 0.19921875 0.0171875 0.03359375
1 0.92578125 0.16640625 0.015625 0.03203125
1 0.92734375 0.15703125 0.01328125 0.03359375
1 0.925 0.19375 0.0171875 0.03046875
1 0.928125 0.2671875 0.02265625 0.046875
1 0.86171875 0.159375 0.0171875 0.03203125
1 0.8140625 0.16796875 0.015625 0.03203125
1 0.73984375 0.1578125 0.01796875 0.0421875
1 0.665625 0.2015625 0.0203125 0.0515625
1 0.40859375 0.215625 0.01796875 0.03359375
1 0.43359375 0.2734375 0.01875 0.0421875
1 0.3375 0.2640625 0.01796875 0.03671875
1 0.38515625 0.21640625 0.01484375 0.03515625
1 0.68125 0.14296875 0.01796875 0.03203125
1 0.76640625 0.1296875 0.01796875 0.03203125