1 0.18671875 0.4296875 0.04140625 0.08125
1 0.17734375 0.221875 0.02265625 0.04453125
1 0.24765625 0.2234375 0.02265625 0.04609375
1 0.42734375 0.14609375 0.015625 0.03359375
1 0.4515625 0.171875 0.01953125 0.03671875
1 0.453125 0.1453125 0.0140625 0.03125
1 0.4734375 0.15859375 0.015625 0.03515625
1 0.50546875 0.18125 0.01640625 0.040625
1 0.4828125 0.18984375 0.01875 0.0390625
1 0.484375 0.140625 0.0125 0.03359375
1 0.50078125 0.128125 0.0109375 0.0296875
1 0.53125 0.12421875 0.0171875 0.03359375
1 0.6296875 0.21796875 0.02265625 0.05
1 0.6578125 0.18515625 0.0171875 0.04453125
1 0.63515625 0.11640625 0.01640625 0.0296875
1 0.6671875 0.11484375 0.015625 0.0296875
1 0.7015625 0.1765625 0.01640625 0.03515625
1 0.71953125 0.18828125 0.01875 0.0390625
1 0.734375 0.146875 0.0140625 0.03515625
1 0.74296875 0.17109375 0.01875 0.03515625
1 0.765625 0.175 0.01875 0.03515625
1 0.79140625 0.165625 0.0171875 0.03515625
1 0.81328125 0.14375 0.0140625 0.04296875
1 0.82734375 0.184375 0.01875 0.0390625
1 0.796875 0.21015625 0.01953125 0.03515625
1 0.8703125 0.28984375 0.02890625 0.05390625
1 0.93046875 0.23046875 0.01875 0.0390625
1 0.92890625 0.19453125 0.0140625 0.0296875
1 0.9375 0.17109375 0.0125 0.03125
1 0.89921875 0.165625 0.0140625 0.03515625