1 0.17265625 0.546875 0.0546875 0.09296875
1 0.34609375 0.6609375 0.07734375 0.1203125
1 0.31484375 0.90859375 0.1703125 0.17421875
1 0.35625 0.5078125 0.0578125 0.08515625
1 0.4625 0.403125 0.03515625 0.06953125
1 0.50234375 0.57734375 0.06015625 0.09296875
1 0.59375 0.453125 0.0421875 0.06171875
1 0.7171875 0.75390625 0.1 0.17421875
1 0.71640625 0.4609375 0.0421875 0.06953125
1 0.75859375 0.4671875 0.05234375 0.1046875
1 0.8203125 0.40859375 0.0296875 0.05
1 0.85625 0.459375 0.0421875 0.0890625
1 0.9109375 0.4265625 0.0375 0.06953125