1 0.0703125 0.2921875 0.02578125 0.03828125
1 0.340625 0.221875 0.01875 0.0328125
1 0.34609375 0.18125 0.01953125 0.03515625
1 0.41484375 0.2046875 0.01875 0.0328125
1 0.446875 0.21484375 0.01953125 0.03671875
1 0.4828125 0.21796875 0.01953125 0.0328125
1 0.5203125 0.2703125 0.0265625 0.04375
1 0.5546875 0.3 0.02421875 0.05703125
1 0.60078125 0.3015625 0.034375 0.0640625
1 0.57265625 0.23984375 0.01484375 0.04140625
1 0.41953125 0.17578125 0.01640625 0.028125
1 0.42734375 0.15234375 0.015625 0.02265625
1 0.4484375 0.17890625 0.01484375 0.028125
1 0.46953125 0.190625 0.01796875 0.0296875
1 0.4875 0.14453125 0.0125 0.028125
1 0.5015625 0.14765625 0.0140625 0.028125
1 0.50078125 0.1234375 0.0125 0.02421875
1 0.5359375 0.1546875 0.01171875 0.02109375
1 0.525 0.12109375 0.01171875 0.02578125
1 0.54140625 0.12578125 0.01484375 0.02578125
1 0.53828125 0.18671875 0.01875 0.0328125
1 0.5625 0.16796875 0.01875 0.0296875
1 0.5875 0.17109375 0.01640625 0.0296875
1 0.5875 0.11015625 0.0140625 0.02265625
1 0.6796875 0.321875 0.02578125 0.059375
1 0.75234375 0.33125 0.01640625 0.05390625
1 0.834375 0.36484375 0.0265625 0.0484375
1 0.8484375 0.30546875 0.0234375 0.046875
1 0.91171875 0.3375 0.01640625 0.0453125
1 0.8671875 0.26796875 0.0203125 0.03828125
1 0.79453125 0.28515625 0.01953125 0.04140625
1 0.71875 0.2375 0.0234375 0.03671875
1 0.66484375 0.215625 0.01796875 0.03515625
1 0.62890625 0.203125 0.01875 0.03515625
1 0.59375 0.140625 0.0125 0.02421875
1 0.6046875 0.1203125 0.01015625 0.03125
1 0.6171875 0.13203125 0.01015625 0.028125
1 0.6375 0.14765625 0.0109375 0.028125
1 0.6328125 0.103125 0.0109375 0.01875
1 0.65625 0.10546875 0.01015625 0.015625
1 0.6765625 0.125 0.0125 0.02421875
1 0.68671875 0.10859375 0.01171875 0.01875
1 0.7046875 0.1203125 0.0109375 0.0171875
1 0.721875 0.14453125 0.01171875 0.02109375
1 0.7015625 0.19765625 0.01640625 0.0296875
1 0.7421875 0.17265625 0.0125 0.0296875
1 0.74765625 0.125 0.0125 0.02109375
1 0.77265625 0.18359375 0.0109375 0.02578125
1 0.7859375 0.1875 0.01484375 0.03515625
1 0.79609375 0.16484375 0.0125 0.02109375
1 0.77734375 0.1390625 0.0140625 0.02109375
1 0.84296875 0.1546875 0.01484375 0.02109375
1 0.87109375 0.16875 0.0125 0.03515625
1 0.9078125 0.171875 0.01484375 0.03515625
1 0.8953125 0.184375 0.01171875 0.02109375
1 0.88671875 0.20234375 0.015625 0.0328125
1 0.84609375 0.18515625 0.01484375 0.0328125
1 0.83671875 0.2125 0.015625 0.03125
1 0.80859375 0.19453125 0.01484375 0.03125
1 0.925 0.24296875 0.01484375 0.03671875
1 0.940625 0.20625 0.015625 0.0296875
1 0.9390625 0.175 0.01484375 0.0296875