1 0.05390625 0.434375 0.04140625 0.08515625
1 0.06796875 0.53046875 0.0390625 0.10390625
1 0.1296875 0.4375 0.03515625 0.0984375
1 0.38359375 0.20078125 0.02265625 0.03984375
1 0.39765625 0.23203125 0.02109375 0.04921875
1 0.46484375 0.2234375 0.02109375 0.04296875
1 0.49140625 0.2140625 0.03046875 0.05234375
1 0.5203125 0.14140625 0.02265625 0.04609375
1 0.565625 0.1296875 0.01484375 0.02265625
1 0.71484375 0.12265625 0.0234375 0.04765625
1 0.6140625 0.23828125 0.0203125 0.04609375
1 0.96015625 0.1265625 0.0203125 0.04609375
1 0.96015625 0.1859375 0.025 0.04921875