1 0.871875 0.4390625 0.05 0.103125
1 0.5703125 0.575 0.046875 0.0921875
1 0.509375 0.54140625 0.05625 0.10859375
1 0.4125 0.5796875 0.0625 0.11171875
1 0.4203125 0.525 0.053125 0.09765625
1 0.325 0.5921875 0.0625 0.11953125
1 0.34296875 0.54609375 0.0453125 0.09453125
1 0.24921875 0.5484375 0.0546875 0.09453125
1 0.271875 0.54453125 0.0375 0.103125
1 0.19453125 0.525 0.0484375 0.103125
1 0.14765625 0.59296875 0.0546875 0.1
1 0.13515625 0.51796875 0.0484375 0.08359375
1 0.08203125 0.65625 0.0703125 0.13671875
1 0.0875 0.55 0.059375 0.103125
1 0.02109375 0.6640625 0.0421875 0.153125
1 0.01015625 0.528125 0.0203125 0.10859375
1 0.0234375 0.509375 0.0375 0.09453125