1 0.11640625 0.56953125 0.0296875 0.071875
1 0.06796875 0.49375 0.02421875 0.06875
1 0.06328125 0.4015625 0.0234375 0.05859375
1 0.20625 0.4375 0.02578125 0.06484375
1 0.221875 0.34609375 0.02109375 0.05859375
1 0.2359375 0.3078125 0.01875 0.05
1 0.16953125 0.27890625 0.01484375 0.05
1 0.12109375 0.21171875 0.015625 0.0359375
1 0.0421875 0.22734375 0.01484375 0.0390625
1 0.0328125 0.24921875 0.01484375 0.0359375
1 0.15078125 0.1671875 0.01484375 0.0328125
1 0.17421875 0.1953125 0.01484375 0.04140625
1 0.209375 0.14296875 0.01328125 0.02890625
1 0.22109375 0.15390625 0.0125 0.0328125
1 0.23828125 0.13828125 0.01328125 0.0328125
1 0.2828125 0.2125 0.01640625 0.04453125
1 0.28828125 0.184375 0.01796875 0.0359375
1 0.30078125 0.240625 0.0171875 0.0390625
1 0.33984375 0.22578125 0.0171875 0.0390625
1 0.37421875 0.1859375 0.0125 0.0359375
1 0.3984375 0.18046875 0.0125 0.034375
1 0.4546875 0.28125 0.0171875 0.0515625
1 0.5390625 0.49609375 0.028125 0.06484375
1 0.5390625 0.31328125 0.01796875 0.05625
1 0.6640625 0.3484375 0.02109375 0.04453125
1 0.603125 0.2625 0.01640625 0.0375
1 0.5609375 0.2140625 0.01953125 0.04453125
1 0.696875 0.2828125 0.01953125 0.04453125
1 0.76796875 0.37890625 0.0234375 0.0546875
1 0.6890625 0.22578125 0.0140625 0.0359375
1 0.76328125 0.21640625 0.01484375 0.0375
1 0.79921875 0.24609375 0.01484375 0.0359375
1 0.909375 0.3765625 0.01875 0.04609375
1 0.840625 0.303125 0.01484375 0.0390625
1 0.8375 0.2875 0.015625 0.0328125
1 0.63984375 0.165625 0.0140625 0.0359375
1 0.6078125 0.1296875 0.01328125 0.0328125
1 0.58515625 0.14921875 0.01328125 0.034375
1 0.54375 0.19140625 0.01171875 0.0359375
1 0.55234375 0.1484375 0.01015625 0.02890625
1 0.56640625 0.11171875 0.01171875 0.03125
1 0.52890625 0.09375 0.01171875 0.0328125
1 0.4875 0.18984375 0.0140625 0.0359375
1 0.465625 0.23203125 0.015625 0.04296875
1 0.4640625 0.16953125 0.015625 0.0375
1 0.44609375 0.14296875 0.0109375 0.0390625
1 0.46015625 0.13359375 0.01171875 0.034375
1 0.4875 0.12578125 0.0109375 0.02890625
1 0.46953125 0.0890625 0.009375 0.0203125
1 0.421875 0.1015625 0.0125 0.03125
1 0.39609375 0.10859375 0.01328125 0.02890625
1 0.353125 0.10234375 0.0140625 0.0328125