1 0.875 0.14765625 0.009375 0.0328125
1 0.83046875 0.1375 0.01171875 0.0328125
1 0.846875 0.18203125 0.015625 0.0390625
1 0.8828125 0.190625 0.01171875 0.0328125
1 0.87734375 0.2140625 0.01640625 0.0390625
1 0.86640625 0.23671875 0.01953125 0.053125
1 0.91015625 0.26796875 0.01640625 0.0515625
1 0.8546875 0.2890625 0.021875 0.05625
1 0.8375 0.21328125 0.0171875 0.0515625
1 0.821875 0.22890625 0.02109375 0.04765625
1 0.80234375 0.17265625 0.015625 0.040625
1 0.79609375 0.13125 0.015625 0.03046875
1 0.7671875 0.12265625 0.0125 0.034375
1 0.78359375 0.1484375 0.01640625 0.040625
1 0.78203125 0.18671875 0.0203125 0.04921875
1 0.72578125 0.14765625 0.0125 0.0328125
1 0.740625 0.15 0.01640625 0.034375
1 0.73671875 0.19375 0.015625 0.0359375
1 0.6796875 0.16328125 0.0125 0.0359375
1 0.71015625 0.1875 0.01640625 0.0375
1 0.70390625 0.22734375 0.01640625 0.04765625
1 0.7046875 0.28125 0.0234375 0.0578125
1 0.74140625 0.23515625 0.01484375 0.04453125
1 0.778125 0.28359375 0.02421875 0.0578125
1 0.78046875 0.34375 0.02890625 0.0734375
1 0.6578125 0.21953125 0.01640625 0.04296875
1 0.6296875 0.25078125 0.02109375 0.0546875
1 0.646875 0.26796875 0.01640625 0.04453125
1 0.66328125 0.33359375 0.028125 0.06640625
1 0.56953125 0.24375 0.0203125 0.04453125
1 0.521875 0.28046875 0.0234375 0.053125
1 0.55390625 0.3015625 0.02421875 0.059375
1 0.64375 0.1734375 0.01640625 0.04296875
1 0.6234375 0.21328125 0.0171875 0.040625
1 0.65 0.1109375 0.009375 0.02734375
1 0.66015625 0.12421875 0.01171875 0.02734375
1 0.59140625 0.16328125 0.0109375 0.02890625
1 0.60625 0.15234375 0.0109375 0.02578125
1 0.50234375 0.1234375 0.00859375 0.01875
1 0.51015625 0.13671875 0.0109375 0.02734375
1 0.54765625 0.1484375 0.0109375 0.03046875
1 0.540625 0.190625 0.01328125 0.0328125
1 0.50625 0.18359375 0.01484375 0.0390625
1 0.4484375 0.15703125 0.01171875 0.03046875
1 0.47109375 0.15546875 0.0125 0.03046875
1 0.4765625 0.2 0.015625 0.034375
1 0.46015625 0.234375 0.01875 0.04609375
1 0.42265625 0.18828125 0.01328125 0.0328125
1 0.425 0.25078125 0.01875 0.034375
1 0.40390625 0.17578125 0.0125 0.02734375
1 0.37890625 0.20234375 0.01484375 0.02890625
1 0.40234375 0.27734375 0.01953125 0.04609375
1 0.37109375 0.26953125 0.0171875 0.04453125
1 0.33046875 0.23046875 0.0125 0.03046875
1 0.3046875 0.228125 0.01171875 0.02890625
1 0.28359375 0.25 0.01328125 0.0390625
1 0.31015625 0.2578125 0.01484375 0.040625
1 0.321875 0.27109375 0.01875 0.0375
1 0.3390625 0.27578125 0.01875 0.04296875
1 0.25546875 0.26875 0.01484375 0.0328125
1 0.20234375 0.4234375 0.03671875 0.08203125