1 0.21640625 0.26875 0.1546875 0.35
1 0.453125 0.1046875 0.065625 0.171875
1 0.54921875 0.0375 0.0453125 0.075
1 0.590625 0.3125 0.096875 0.25
1 0.69609375 0.153125 0.0765625 0.175
1 0.678125 0.053125 0.04375 0.1
1 0.80859375 0.234375 0.1046875 0.2125
1 0.796875 0.1203125 0.059375 0.121875
1 0.78046875 0.0484375 0.0453125 0.096875
1 0.82578125 0.04375 0.0390625 0.0875
1 0.903125 0.09375 0.05 0.1125
1 0.92265625 0.059375 0.0328125 0.075
1 0.41484375 0.0375 0.0578125 0.075
1 0.24765625 0.08125 0.0953125 0.1625