1 0.22890625 0.33515625 0.0171875 0.034375
1 0.1453125 0.5390625 0.0390625 0.08203125
1 0.25859375 0.35859375 0.0203125 0.04609375
1 0.2953125 0.3609375 0.0203125 0.04140625
1 0.2890625 0.29453125 0.01796875 0.0375
1 0.31640625 0.3796875 0.021875 0.03984375
1 0.3453125 0.33515625 0.0234375 0.04296875
1 0.34921875 0.296875 0.02109375 0.03046875
1 0.378125 0.3328125 0.02109375 0.0390625
1 0.4046875 0.32734375 0.021875 0.0390625
1 0.403125 0.30078125 0.0171875 0.03359375
1 0.38828125 0.2625 0.0171875 0.03359375
1 0.415625 0.27578125 0.0203125 0.03359375
1 0.43203125 0.309375 0.01875 0.0390625
1 0.46484375 0.3171875 0.02265625 0.034375
1 0.45859375 0.2703125 0.01875 0.03359375
1 0.45546875 0.2421875 0.01796875 0.03203125
1 0.425 0.25390625 0.01640625 0.03046875
1 0.4640625 0.2328125 0.01328125 0.025
1 0.50078125 0.26171875 0.01640625 0.02890625
1 0.5171875 0.27109375 0.015625 0.03203125
1 0.51484375 0.2515625 0.01484375 0.0265625
1 0.5453125 0.24375 0.01484375 0.0265625
1 0.55 0.2875 0.0203125 0.0375
1 0.49765625 0.33125 0.02109375 0.0359375
1 0.47109375 0.39296875 0.03046875 0.06484375
1 0.4421875 0.35546875 0.02265625 0.0375
1 0.5703125 0.2453125 0.01484375 0.028125
1 0.5609375 0.215625 0.009375 0.0234375
1 0.5703125 0.2171875 0.0109375 0.02109375
1 0.59296875 0.2484375 0.0171875 0.03359375
1 0.5984375 0.22265625 0.01328125 0.0234375
1 0.6046875 0.19765625 0.015625 0.02890625
1 0.61875 0.21640625 0.01015625 0.03046875
1 0.63359375 0.21953125 0.01484375 0.03203125
1 0.63671875 0.25078125 0.015625 0.03046875
1 0.65546875 0.21640625 0.01328125 0.03046875
1 0.67109375 0.2265625 0.01640625 0.0265625
1 0.6953125 0.221875 0.01953125 0.028125
1 0.696875 0.25625 0.01171875 0.0265625
1 0.66328125 0.27734375 0.01640625 0.0359375
1 0.5265625 0.37421875 0.02890625 0.046875
1 0.53125 0.421875 0.0296875 0.05859375
1 0.5796875 0.44921875 0.03203125 0.0640625
1 0.58515625 0.4 0.03125 0.059375
1 0.59140625 0.3359375 0.02578125 0.046875
1 0.63671875 0.353125 0.02265625 0.0484375
1 0.62421875 0.3 0.02265625 0.04609375
1 0.65859375 0.36328125 0.02734375 0.046875
1 0.68046875 0.36171875 0.02578125 0.04453125
1 0.67421875 0.3140625 0.02265625 0.04609375
1 0.70390625 0.29453125 0.0234375 0.03984375
1 0.725 0.24921875 0.01875 0.03984375
1 0.73984375 0.25546875 0.01640625 0.03359375
1 0.740625 0.23046875 0.0171875 0.028125
1 0.75546875 0.2578125 0.0171875 0.03046875
1 0.76484375 0.278125 0.01796875 0.03984375
1 0.7734375 0.2375 0.0171875 0.03359375
1 0.80078125 0.24140625 0.021875 0.028125
1 0.80390625 0.275 0.0171875 0.034375
1 0.8109375 0.29765625 0.01796875 0.03203125
1 0.81796875 0.33046875 0.01875 0.046875
1 0.80234375 0.36015625 0.02421875 0.04296875
1 0.76640625 0.42890625 0.028125 0.05703125
1 0.71328125 0.40390625 0.02734375 0.05234375
1 0.68828125 0.5390625 0.04453125 0.08203125
1 0.6296875 0.47421875 0.0390625 0.06953125
1 0.8046875 0.509375 0.03515625 0.075
1 0.83984375 0.4390625 0.0265625 0.05703125
1 0.84765625 0.35234375 0.01875 0.046875
1 0.86171875 0.34140625 0.01953125 0.046875
1 0.87109375 0.3203125 0.01484375 0.03359375
1 0.8375 0.275 0.015625 0.03359375
1 0.82890625 0.2515625 0.01328125 0.02890625
1 0.8453125 0.2609375 0.01328125 0.025
1 0.86953125 0.2578125 0.01328125 0.025
1 0.88515625 0.275 0.01640625 0.03203125
1 0.88515625 0.34375 0.01640625 0.04453125
1 0.89765625 0.48515625 0.03046875 0.0609375
1 0.8984375 0.43984375 0.01875 0.04140625
1 0.92109375 0.36015625 0.02109375 0.05390625
1 0.90703125 0.3046875 0.015625 0.034375
1 0.92421875 0.29921875 0.0171875 0.034375
1 0.9265625 0.27734375 0.0140625 0.028125