1 0.08203125 0.4515625 0.04140625 0.090625
1 0.28671875 0.265625 0.02421875 0.0390625
1 0.309375 0.2171875 0.01953125 0.0375
1 0.346875 0.20859375 0.01796875 0.03515625
1 0.33671875 0.253125 0.01953125 0.03515625
1 0.36875 0.26796875 0.021875 0.05
1 0.3671875 0.21015625 0.01796875 0.0375
1 0.3984375 0.21953125 0.02109375 0.0359375
1 0.38984375 0.275 0.02734375 0.0421875
1 0.4203125 0.18046875 0.01484375 0.0359375
1 0.44921875 0.21015625 0.01796875 0.04609375
1 0.4765625 0.221875 0.01640625 0.03359375
1 0.465625 0.13515625 0.01484375 0.03359375
1 0.484375 0.13046875 0.015625 0.0296875
1 0.4921875 0.1484375 0.01484375 0.03203125
1 0.50234375 0.1328125 0.01484375 0.025
1 0.52109375 0.12890625 0.0140625 0.02109375
1 0.5015625 0.18046875 0.02890625 0.0390625
1 0.5390625 0.1625 0.015625 0.03515625
1 0.5515625 0.12265625 0.015625 0.028125
1 0.5625 0.13359375 0.02265625 0.0296875
1 0.55625 0.18125 0.01796875 0.0375
1 0.571875 0.11484375 0.0140625 0.025
1 0.5890625 0.10078125 0.02109375 0.028125
1 0.603125 0.12109375 0.02109375 0.0375
1 0.61015625 0.13984375 0.0125 0.025
1 0.63671875 0.09375 0.0125 0.025
1 0.659375 0.1046875 0.01328125 0.03046875
1 0.64609375 0.128125 0.01484375 0.028125
1 0.67109375 0.11484375 0.01015625 0.02265625
1 0.6953125 0.10234375 0.01015625 0.02109375
1 0.55703125 0.2265625 0.021875 0.04453125
1 0.55859375 0.271875 0.02265625 0.04609375
1 0.61484375 0.234375 0.02421875 0.05
1 0.6140625 0.2046875 0.02109375 0.04296875
1 0.678125 0.1921875 0.021875 0.040625
1 0.65859375 0.2609375 0.025 0.04765625
1 0.6265625 0.3390625 0.03046875 0.04921875
1 0.7046875 0.21875 0.02265625 0.03515625
1 0.70703125 0.16015625 0.01796875 0.0375
1 0.71953125 0.1828125 0.0203125 0.03359375
1 0.73046875 0.1359375 0.01875 0.03203125
1 0.75078125 0.13359375 0.0203125 0.0375
1 0.7796875 0.11015625 0.01640625 0.025
1 0.7765625 0.14375 0.021875 0.0421875
1 0.746875 0.23828125 0.02890625 0.0515625
1 0.8015625 0.27890625 0.02578125 0.04921875
1 0.8 0.11484375 0.01796875 0.03359375
1 0.80859375 0.1546875 0.0203125 0.03046875
1 0.83671875 0.23671875 0.02265625 0.04921875
1 0.82421875 0.13203125 0.01484375 0.03515625
1 0.8578125 0.13515625 0.01953125 0.0296875
1 0.8546875 0.16484375 0.01484375 0.03046875
1 0.89609375 0.1390625 0.01328125 0.03515625
1 0.88671875 0.1875 0.01484375 0.025
1 0.82734375 0.29921875 0.025 0.04765625
1 0.83984375 0.35859375 0.02265625 0.0640625
1 0.88359375 0.3296875 0.03046875 0.0640625
1 0.8875 0.440625 0.0359375 0.0765625
1 0.875 0.24296875 0.0234375 0.05
1 0.91171875 0.2296875 0.0234375 0.04296875
1 0.928125 0.19609375 0.01171875 0.03203125
1 0.93203125 0.1484375 0.0078125 0.0265625
1 0.9046875 0.29453125 0.0265625 0.06171875
1 0.86171875 0.20078125 0.01875 0.0359375
1 0.77265625 0.21640625 0.03125 0.05859375
1 0.75234375 0.17421875 0.025 0.040625
1 0.803125 0.24140625 0.0234375 0.04453125
1 0.8265625 0.2078125 0.025 0.0390625
1 0.5796875 0.14609375 0.03125 0.0375
1 0.46875 0.16328125 0.01875 0.03046875
1 0.43203125 0.18125 0.025 0.03515625
1 0.453125 0.18359375 0.01484375 0.0296875
1 0.615625 0.09453125 0.0203125 0.0234375
1 0.7125 0.13359375 0.02109375 0.0296875