1 0.27578125 0.3921875 0.06015625 0.13203125
1 0.37890625 0.52421875 0.07578125 0.14375
1 0.35 0.21484375 0.0265625 0.06015625
1 0.403125 0.26484375 0.0265625 0.05859375
1 0.41875 0.20859375 0.02109375 0.0359375
1 0.465625 0.2265625 0.021875 0.04140625
1 0.496875 0.21875 0.0234375 0.04921875
1 0.578125 0.25078125 0.02421875 0.05625
1 0.63828125 0.2265625 0.02734375 0.0640625
1 0.525 0.07421875 0.01328125 0.028125
1 0.5734375 0.11015625 0.0171875 0.028125
1 0.6015625 0.1078125 0.015625 0.02265625
1 0.63515625 0.11875 0.01015625 0.0265625
1 0.6640625 0.103125 0.0203125 0.02421875