1 0.4796875 0.18671875 0.02578125 0.053125
1 0.5078125 0.26015625 0.034375 0.0640625
1 0.5359375 0.19765625 0.02265625 0.0359375
1 0.6203125 0.19375 0.01953125 0.0390625
1 0.66953125 0.21015625 0.01796875 0.0359375
1 0.65546875 0.19140625 0.0125 0.03046875
1 0.65859375 0.24765625 0.02109375 0.05
1 0.6953125 0.19609375 0.01796875 0.0359375
1 0.7421875 0.1984375 0.01875 0.03359375
1 0.71484375 0.26171875 0.025 0.05
1 0.76484375 0.23203125 0.01875 0.04453125
1 0.81484375 0.25 0.01875 0.04453125
1 0.7328125 0.35234375 0.0234375 0.07109375
1 0.8109375 0.3890625 0.0296875 0.0765625
1 0.88671875 0.41171875 0.02890625 0.08359375