1 0.2359375 0.21484375 0.02109375 0.0328125
1 0.29140625 0.1890625 0.0203125 0.040625
1 0.33515625 0.234375 0.01953125 0.0484375
1 0.35078125 0.2 0.0203125 0.0390625
1 0.40078125 0.1609375 0.02265625 0.0421875
1 0.38671875 0.20234375 0.0234375 0.03125
1 0.47265625 0.1859375 0.0234375 0.046875
1 0.5515625 0.196875 0.02421875 0.0484375
1 0.61796875 0.2390625 0.02578125 0.05234375
1 0.51171875 0.3109375 0.04453125 0.075
1 0.64609375 0.24296875 0.0234375 0.04375
1 0.36171875 0.178125 0.02421875 0.04375
1 0.33828125 0.19765625 0.01796875 0.034375