1 0.165625 0.27734375 0.0265625 0.0421875
1 0.27109375 0.26015625 0.0203125 0.0375
1 0.2828125 0.25234375 0.01875 0.03359375
1 0.309375 0.2203125 0.01875 0.0359375
1 0.33671875 0.2140625 0.01796875 0.03515625
1 0.3234375 0.25625 0.025 0.0375
1 0.31640625 0.29296875 0.02109375 0.0390625
1 0.3109375 0.26015625 0.01796875 0.03515625
1 0.36171875 0.2734375 0.0234375 0.04453125
1 0.3796875 0.3015625 0.02421875 0.04609375
1 0.39453125 0.2 0.021875 0.040625
1 0.4109375 0.1796875 0.01484375 0.0390625
1 0.4140625 0.22265625 0.02421875 0.040625
1 0.43984375 0.21015625 0.021875 0.04609375
1 0.478125 0.221875 0.025 0.0421875
1 0.46484375 0.16171875 0.01484375 0.0359375
1 0.45703125 0.15 0.0171875 0.02890625
1 0.47421875 0.1390625 0.01328125 0.03203125
1 0.5328125 0.1921875 0.0203125 0.0421875
1 0.5265625 0.1484375 0.0203125 0.0375
1 0.56171875 0.14296875 0.015625 0.03203125
1 0.58359375 0.16171875 0.01875 0.0359375
1 0.6140625 0.14921875 0.01640625 0.03359375
1 0.61640625 0.13515625 0.01640625 0.028125
1 0.58359375 0.1046875 0.01640625 0.028125
1 0.49296875 0.29921875 0.021875 0.04609375
1 0.5390625 0.30390625 0.02890625 0.053125
1 0.578125 0.23828125 0.02734375 0.04453125
1 0.6046875 0.21796875 0.02421875 0.04609375
1 0.61640625 0.22578125 0.02421875 0.053125
1 0.64609375 0.265625 0.02265625 0.0515625
1 0.65546875 0.2046875 0.01875 0.0390625
1 0.63828125 0.1765625 0.01953125 0.040625
1 0.62890625 0.37421875 0.03125 0.07109375
1 0.74375 0.27890625 0.03046875 0.06171875
1 0.7625 0.33515625 0.03125 0.06796875
1 0.79375 0.27734375 0.028125 0.0640625
1 0.80234375 0.253125 0.0234375 0.0515625
1 0.8453125 0.2953125 0.0296875 0.0671875
1 0.85625 0.253125 0.0296875 0.0546875
1 0.90234375 0.28984375 0.02421875 0.06171875
1 0.7015625 0.2234375 0.02109375 0.0421875
1 0.67734375 0.165625 0.0171875 0.03359375
1 0.71640625 0.1578125 0.0203125 0.0359375
1 0.73125 0.1875 0.0203125 0.0375
1 0.740625 0.228125 0.01953125 0.0375
1 0.76796875 0.20234375 0.0171875 0.0390625
1 0.8171875 0.21796875 0.02109375 0.04296875
1 0.8375 0.18203125 0.015625 0.040625
1 0.87578125 0.2 0.01875 0.040625
1 0.85625 0.14609375 0.01328125 0.03359375
1 0.81328125 0.15859375 0.01484375 0.03203125
1 0.79921875 0.17265625 0.0171875 0.0390625
1 0.790625 0.1421875 0.01484375 0.0359375
1 0.7734375 0.15234375 0.01640625 0.03046875
1 0.76328125 0.17109375 0.0171875 0.03515625
1 0.753125 0.134375 0.0171875 0.03203125