1 0.88828125 0.13984375 0.01015625 0.02890625
1 0.91953125 0.15546875 0.01015625 0.025
1 0.86015625 0.13203125 0.0109375 0.02890625
1 0.8515625 0.14609375 0.0109375 0.02734375
1 0.8453125 0.16875 0.01640625 0.03671875
1 0.915625 0.21015625 0.0140625 0.034375
1 0.90546875 0.23125 0.01640625 0.03828125
1 0.90859375 0.26953125 0.01875 0.05
1 0.8796875 0.22265625 0.0140625 0.03671875
1 0.87265625 0.19921875 0.01328125 0.0328125
1 0.88203125 0.18046875 0.0140625 0.03671875
1 0.821875 0.13359375 0.01171875 0.02890625
1 0.80546875 0.15625 0.0140625 0.03046875
1 0.8203125 0.20390625 0.01953125 0.0421875
1 0.8546875 0.24453125 0.02109375 0.05390625
1 0.8875 0.35703125 0.03125 0.075
1 0.8296875 0.30234375 0.025 0.0578125
1 0.76328125 0.1234375 0.01328125 0.02734375
1 0.77265625 0.15546875 0.0140625 0.040625
1 0.7859375 0.2 0.01875 0.0421875
1 0.80390625 0.24296875 0.0171875 0.04609375
1 0.77734375 0.2640625 0.01953125 0.0578125
1 0.75703125 0.33203125 0.025 0.075
1 0.77421875 0.371875 0.0328125 0.07734375
1 0.7484375 0.2109375 0.01875 0.0484375
1 0.72109375 0.1953125 0.01953125 0.0484375
1 0.72265625 0.240625 0.02265625 0.05390625
1 0.69921875 0.3140625 0.025 0.0734375
1 0.73828125 0.11640625 0.01328125 0.03671875
1 0.69453125 0.0984375 0.0109375 0.0234375
1 0.66484375 0.10625 0.01015625 0.02734375
1 0.63828125 0.09921875 0.0109375 0.02109375
1 0.6234375 0.19921875 0.015625 0.040625
1 0.65234375 0.21796875 0.01640625 0.03828125
1 0.69140625 0.2203125 0.0171875 0.040625
1 0.65234375 0.16953125 0.0140625 0.034375
1 0.68828125 0.17734375 0.0171875 0.03828125
1 0.60390625 0.25703125 0.02109375 0.04453125
1 0.6 0.31875 0.0296875 0.05625
1 0.559375 0.2984375 0.021875 0.05
1 0.52265625 0.278125 0.02421875 0.04453125
1 0.55234375 0.25234375 0.01875 0.03828125
1 0.5859375 0.16796875 0.0140625 0.034375
1 0.59921875 0.1484375 0.0140625 0.03046875
1 0.55390625 0.1125 0.0109375 0.025
1 0.56015625 0.1265625 0.0109375 0.025
1 0.53203125 0.11953125 0.0109375 0.0234375
1 0.50625 0.125 0.01171875 0.0234375
1 0.5171875 0.13359375 0.01328125 0.02890625
1 0.5953125 0.0984375 0.0109375 0.0234375
1 0.5328125 0.178125 0.0140625 0.02890625
1 0.51875 0.1953125 0.0140625 0.040625
1 0.4828125 0.190625 0.0140625 0.034375
1 0.46328125 0.1875 0.0171875 0.03671875
1 0.440625 0.221875 0.0171875 0.04609375
1 0.46171875 0.22421875 0.02109375 0.040625
1 0.4421875 0.1859375 0.01171875 0.0328125
1 0.44296875 0.15703125 0.01328125 0.02890625
1 0.46328125 0.1375 0.00859375 0.02109375
1 0.47734375 0.1484375 0.01328125 0.02734375
1 0.39140625 0.265625 0.015625 0.034375
1 0.365625 0.2546875 0.0171875 0.0421875
1 0.33828125 0.2453125 0.02265625 0.05234375
1 0.36484375 0.19375 0.01640625 0.025
1 0.396875 0.19296875 0.01953125 0.02734375
1 0.39375 0.221875 0.0171875 0.034375
1 0.4078125 0.16796875 0.0109375 0.02734375
1 0.27421875 0.25546875 0.0140625 0.0328125
1 0.29140625 0.2609375 0.0171875 0.03671875
1 0.6328125 0.13515625 0.0109375 0.02734375