1 0.20546875 0.446875 0.04609375 0.0890625
1 0.24375 0.37578125 0.03671875 0.09765625
1 0.26875 0.20703125 0.0265625 0.034375
1 0.33828125 0.27890625 0.02109375 0.04296875
1 0.35703125 0.2625 0.02109375 0.03984375
1 0.41015625 0.190625 0.0171875 0.034375
1 0.4390625 0.21875 0.025 0.034375
1 0.43984375 0.27265625 0.025 0.04921875
1 0.4984375 0.30625 0.03125 0.0578125
1 0.46484375 0.15703125 0.015625 0.0359375
1 0.48203125 0.153125 0.02109375 0.04296875
1 0.49453125 0.13046875 0.021875 0.0296875
1 0.49609375 0.1875 0.021875 0.04140625
1 0.5203125 0.1703125 0.0171875 0.0359375
1 0.5328125 0.2078125 0.0203125 0.0296875
1 0.54140625 0.1359375 0.01796875 0.03125
1 0.57890625 0.1125 0.0171875 0.0296875
1 0.57109375 0.14765625 0.0171875 0.03125
1 0.59375 0.15625 0.0171875 0.03125
1 0.6453125 0.1 0.0171875 0.034375
1 0.6765625 0.1015625 0.0125 0.028125
1 0.715625 0.09296875 0.01953125 0.03125
1 0.63515625 0.23984375 0.0203125 0.05078125
1 0.67578125 0.2546875 0.02265625 0.0546875
1 0.715625 0.17578125 0.02109375 0.04140625
1 0.728125 0.146875 0.02421875 0.03984375
1 0.7671875 0.10234375 0.0125 0.0328125
1 0.7640625 0.14375 0.0171875 0.0359375
1 0.8296875 0.12421875 0.01640625 0.025
1 0.8203125 0.18828125 0.021875 0.0359375
1 0.73671875 0.27734375 0.0265625 0.053125
1 0.79453125 0.30234375 0.021875 0.04921875
1 0.86875 0.18984375 0.01328125 0.0359375
1 0.89375 0.2234375 0.021875 0.04453125
1 0.74609375 0.16015625 0.01796875 0.0359375
1 0.70625 0.15546875 0.01796875 0.03984375
1 0.46484375 0.18671875 0.021875 0.0328125
1 0.4546875 0.22421875 0.01796875 0.0328125