1 0.12734375 0.559375 0.04453125 0.11015625
1 0.221875 0.26484375 0.015625 0.04140625
1 0.2390625 0.2703125 0.0140625 0.04140625
1 0.25703125 0.25703125 0.01796875 0.04453125
1 0.30859375 0.23828125 0.0171875 0.0390625
1 0.31171875 0.209375 0.01953125 0.0375
1 0.34140625 0.228125 0.01875 0.0359375
1 0.3671875 0.1984375 0.0203125 0.0296875
1 0.35 0.20546875 0.01484375 0.0359375
1 0.4109375 0.18671875 0.0140625 0.034375
1 0.43828125 0.1671875 0.0140625 0.0390625
1 0.4578125 0.16640625 0.01484375 0.034375
1 0.47109375 0.1640625 0.01484375 0.04609375
1 0.4765625 0.171875 0.01796875 0.05078125
1 0.5 0.15078125 0.01484375 0.0359375
1 0.37265625 0.26328125 0.01484375 0.04765625
1 0.4 0.24609375 0.01328125 0.0296875
1 0.43671875 0.19609375 0.01484375 0.034375
1 0.47265625 0.24765625 0.01953125 0.04609375
1 0.4359375 0.3109375 0.02578125 0.04765625
1 0.49921875 0.21015625 0.015625 0.0328125
1 0.51796875 0.17109375 0.01953125 0.04609375
1 0.5578125 0.13984375 0.01328125 0.0359375
1 0.6015625 0.13125 0.015625 0.0328125
1 0.6359375 0.12890625 0.01484375 0.034375
1 0.534375 0.17265625 0.015625 0.04296875
1 0.5546875 0.21953125 0.01484375 0.04140625
1 0.66328125 0.1375 0.01171875 0.03125
1 0.6609375 0.184375 0.0203125 0.025
1 0.584375 0.1703125 0.01796875 0.034375
1 0.5859375 0.14609375 0.0234375 0.0296875
1 0.69140625 0.14140625 0.0125 0.0328125
1 0.58515625 0.20546875 0.01484375 0.0359375
1 0.60546875 0.20546875 0.0140625 0.0359375
1 0.61484375 0.18203125 0.0171875 0.04296875
1 0.690625 0.165625 0.0171875 0.04296875
1 0.71328125 0.15703125 0.0125 0.04453125
1 0.578125 0.3328125 0.02109375 0.04765625
1 0.60546875 0.30390625 0.01953125 0.065625
1 0.659375 0.24609375 0.0203125 0.05234375
1 0.7078125 0.2171875 0.01875 0.04140625
1 0.78125 0.1671875 0.01484375 0.0390625
1 0.76015625 0.1984375 0.01796875 0.04296875
1 0.7390625 0.2296875 0.02265625 0.04296875
1 0.596875 0.37734375 0.0171875 0.04921875
1 0.66015625 0.3984375 0.02421875 0.0609375
1 0.715625 0.27890625 0.021875 0.04921875
1 0.72265625 0.39609375 0.0234375 0.059375
1 0.75625 0.3015625 0.02265625 0.05390625
1 0.78515625 0.215625 0.0203125 0.04765625
1 0.81015625 0.19296875 0.01171875 0.04140625
1 0.825 0.21875 0.01875 0.04296875
1 0.825 0.23515625 0.0234375 0.04921875
1 0.7953125 0.2640625 0.015625 0.0359375
1 0.81875 0.31015625 0.0203125 0.04609375
1 0.79609375 0.44140625 0.02578125 0.07578125
1 0.85625 0.47734375 0.0296875 0.08046875
1 0.86640625 0.3390625 0.01875 0.05390625
1 0.87734375 0.4234375 0.02109375 0.071875
1 0.87265625 0.23515625 0.0140625 0.04296875
1 0.90546875 0.22578125 0.0140625 0.04765625
1 0.890625 0.2828125 0.01796875 0.04609375
1 0.9453125 0.24296875 0.01328125 0.04296875
1 0.93125 0.2703125 0.015625 0.0375
1 0.9828125 0.25390625 0.01171875 0.04140625
1 0.97578125 0.30703125 0.01484375 0.0390625
1 0.92734375 0.34765625 0.0171875 0.05390625
1 0.978125 0.3609375 0.01875 0.059375
1 0.95703125 0.4265625 0.02734375 0.04921875
1 0.6078125 0.1546875 0.01953125 0.0359375
1 0.65625 0.1515625 0.0140625 0.03125
1 0.94609375 0.3703125 0.0140625 0.05078125