1 0.16328125 0.33515625 0.03671875 0.05859375
1 0.27734375 0.2484375 0.01640625 0.03515625
1 0.29296875 0.26015625 0.0234375 0.03515625
1 0.29765625 0.22890625 0.01875 0.03671875
1 0.35859375 0.2515625 0.02109375 0.03828125
1 0.3421875 0.2328125 0.01484375 0.03046875
1 0.3734375 0.27109375 0.01953125 0.03671875
1 0.3796875 0.2234375 0.01953125 0.0421875
1 0.36484375 0.18359375 0.015625 0.03359375
1 0.3921875 0.18671875 0.01484375 0.03203125
1 0.40234375 0.1921875 0.01796875 0.03671875
1 0.41015625 0.16796875 0.01875 0.03515625
1 0.44375 0.18671875 0.02421875 0.0453125
1 0.43671875 0.215625 0.021875 0.04375
1 0.46015625 0.225 0.0203125 0.0421875
1 0.44921875 0.14921875 0.0140625 0.03359375
1 0.4390625 0.146875 0.0140625 0.03359375
1 0.46328125 0.14921875 0.015625 0.03671875
1 0.47421875 0.17578125 0.01796875 0.03984375
1 0.48828125 0.1578125 0.015625 0.03515625
1 0.5015625 0.178125 0.01875 0.0421875
1 0.5109375 0.15546875 0.01328125 0.03671875
1 0.5140625 0.134375 0.01796875 0.025
1 0.5046875 0.115625 0.01328125 0.0265625
1 0.52890625 0.11484375 0.0140625 0.028125
1 0.55859375 0.1109375 0.0140625 0.028125
1 0.56640625 0.12109375 0.0140625 0.028125
1 0.58046875 0.1328125 0.01640625 0.03203125
1 0.57109375 0.15859375 0.02109375 0.03671875
1 0.603125 0.15234375 0.01875 0.03359375
1 0.58828125 0.10625 0.01796875 0.03203125
1 0.5953125 0.090625 0.015625 0.03046875
1 0.6171875 0.090625 0.01328125 0.03046875
1 0.6125 0.1234375 0.01171875 0.03046875
1 0.64140625 0.128125 0.01171875 0.025
1 0.64609375 0.11015625 0.01171875 0.0265625
1 0.63984375 0.09140625 0.0140625 0.028125
1 0.6703125 0.09375 0.0140625 0.03046875
1 0.69375 0.09296875 0.01484375 0.03203125
1 0.53828125 0.18515625 0.02109375 0.0421875
1 0.5046875 0.28671875 0.0296875 0.06171875
1 0.54140625 0.32578125 0.03125 0.05703125
1 0.55703125 0.24453125 0.025 0.046875
1 0.60546875 0.30859375 0.03125 0.06875
1 0.60078125 0.275 0.0234375 0.0453125
1 0.62734375 0.1921875 0.02109375 0.04375
1 0.6515625 0.15859375 0.0203125 0.03984375
1 0.67265625 0.1515625 0.01640625 0.03828125
1 0.69609375 0.175 0.01953125 0.03828125
1 0.6703125 0.19765625 0.02109375 0.046875
1 0.7265625 0.23515625 0.0265625 0.0515625
1 0.715625 0.22109375 0.01953125 0.04375
1 0.7265625 0.1859375 0.0203125 0.04375
1 0.72109375 0.1640625 0.015625 0.03046875
1 0.74609375 0.13359375 0.015625 0.03046875
1 0.74609375 0.1125 0.01640625 0.03203125
1 0.7515625 0.2078125 0.02578125 0.0515625
1 0.77421875 0.19375 0.01875 0.046875
1 0.77578125 0.14609375 0.01953125 0.0484375
1 0.7640625 0.12578125 0.01484375 0.03359375
1 0.7953125 0.14140625 0.01953125 0.0421875
1 0.8265625 0.13359375 0.01640625 0.03671875
1 0.828125 0.10390625 0.015625 0.0265625
1 0.8578125 0.1390625 0.01484375 0.03671875
1 0.8625 0.11640625 0.0109375 0.025
1 0.84765625 0.1671875 0.02109375 0.03984375
1 0.828125 0.2 0.02109375 0.0515625
1 0.80390625 0.23046875 0.0203125 0.046875
1 0.78203125 0.2625 0.03125 0.06328125
1 0.74140625 0.328125 0.03984375 0.08359375
1 0.68359375 0.31171875 0.0359375 0.075
1 0.815625 0.34296875 0.0390625 0.0671875
1 0.83125 0.29296875 0.0265625 0.0671875
1 0.871875 0.2609375 0.02109375 0.053125
1 0.89375 0.34453125 0.034375 0.0703125
1 0.89921875 0.290625 0.0296875 0.05703125
1 0.9078125 0.24453125 0.0234375 0.05
1 0.91953125 0.209375 0.0140625 0.03359375
1 0.87734375 0.2015625 0.01640625 0.0453125
1 0.8953125 0.16953125 0.01796875 0.03515625
1 0.88359375 0.146875 0.015625 0.03046875
1 0.8890625 0.128125 0.01484375 0.028125
1 0.92421875 0.14921875 0.01640625 0.03671875