1 0.20234375 0.49375 0.04921875 0.10859375
1 0.28203125 0.484375 0.053125 0.10234375
1 0.30859375 0.2296875 0.0203125 0.03828125
1 0.334375 0.18671875 0.02109375 0.04765625
1 0.43203125 0.17109375 0.0171875 0.03203125
1 0.43671875 0.14140625 0.01171875 0.02421875
1 0.49140625 0.1546875 0.01328125 0.03203125
1 0.51328125 0.159375 0.0171875 0.02890625
1 0.5359375 0.1625 0.015625 0.03046875
1 0.56796875 0.1625 0.01640625 0.03046875
1 0.73203125 0.1234375 0.01640625 0.02734375
1 0.50234375 0.08046875 0.0109375 0.02421875