1 0.08828125 0.2796875 0.02265625 0.0515625
1 0.2828125 0.2296875 0.01953125 0.03828125
1 0.29453125 0.23125 0.015625 0.034375
1 0.3328125 0.18828125 0.015625 0.034375
1 0.35546875 0.19140625 0.015625 0.034375
1 0.3578125 0.228125 0.01953125 0.03984375
1 0.378125 0.2359375 0.01875 0.03828125
1 0.3859375 0.17578125 0.0125 0.03125
1 0.40546875 0.1703125 0.0125 0.02734375
1 0.38046875 0.209375 0.01484375 0.0296875
1 0.41171875 0.24140625 0.01796875 0.03828125
1 0.42578125 0.2015625 0.01640625 0.04140625
1 0.42578125 0.17421875 0.0140625 0.03125
1 0.44296875 0.16640625 0.0140625 0.0296875
1 0.459375 0.21328125 0.01875 0.0359375
1 0.4484375 0.25078125 0.01875 0.0359375
1 0.48828125 0.153125 0.01171875 0.03125
1 0.49921875 0.1578125 0.0140625 0.02578125
1 0.503125 0.18671875 0.01640625 0.0359375
1 0.50625 0.13203125 0.01171875 0.02265625
1 0.52109375 0.14453125 0.01640625 0.03125
1 0.528125 0.184375 0.01875 0.03125
1 0.54140625 0.1609375 0.0140625 0.0296875
1 0.5515625 0.13125 0.01171875 0.02421875
1 0.553125 0.146875 0.01640625 0.02734375
1 0.56015625 0.18671875 0.01640625 0.0359375
1 0.5703125 0.1640625 0.01484375 0.034375
1 0.578125 0.1421875 0.0125 0.0296875
1 0.5953125 0.13984375 0.0125 0.02421875
1 0.6 0.159375 0.01640625 0.0296875
1 0.6078125 0.165625 0.01640625 0.03125
1 0.59609375 0.2296875 0.01953125 0.0484375
1 0.6265625 0.21171875 0.01875 0.04140625
1 0.63671875 0.25234375 0.021875 0.046875
1 0.67265625 0.184375 0.01484375 0.034375
1 0.64609375 0.15859375 0.0140625 0.02421875
1 0.6265625 0.13984375 0.0125 0.02734375
1 0.6171875 0.12578125 0.0125 0.0203125
1 0.6109375 0.1265625 0.01484375 0.02578125
1 0.64375 0.12578125 0.0140625 0.03125
1 0.66015625 0.11171875 0.01171875 0.02421875
1 0.665625 0.13046875 0.0125 0.0296875
1 0.68359375 0.1359375 0.0125 0.02734375
1 0.6890625 0.115625 0.01171875 0.02421875
1 0.70859375 0.115625 0.0109375 0.02421875
1 0.78203125 0.1328125 0.0109375 0.02421875
1 0.7375 0.15234375 0.0125 0.0328125
1 0.73984375 0.1765625 0.01796875 0.0359375
1 0.71953125 0.18828125 0.0140625 0.034375
1 0.70546875 0.1828125 0.015625 0.03125
1 0.68359375 0.22578125 0.01953125 0.03828125
1 0.69375 0.2578125 0.021875 0.046875
1 0.696875 0.30703125 0.02578125 0.06875
1 0.73671875 0.2390625 0.01796875 0.04296875
1 0.7703125 0.24453125 0.01796875 0.04453125
1 0.79453125 0.21640625 0.015625 0.03984375
1 0.79765625 0.17265625 0.0125 0.034375
1 0.8046875 0.140625 0.0109375 0.0328125
1 0.834375 0.14140625 0.01171875 0.03125
1 0.834375 0.17578125 0.0140625 0.034375
1 0.85625 0.1609375 0.01171875 0.0359375
1 0.8765625 0.16796875 0.01484375 0.0328125
1 0.86796875 0.19375 0.015625 0.0328125
1 0.91484375 0.153125 0.01171875 0.03125
1 0.90546875 0.18125 0.015625 0.03828125
1 0.95234375 0.19765625 0.0109375 0.0328125
1 0.93515625 0.21015625 0.015625 0.02734375
1 0.94609375 0.22421875 0.0140625 0.03125
1 0.92421875 0.25625 0.01640625 0.03984375
1 0.9171875 0.3296875 0.021875 0.05546875
1 0.88828125 0.2296875 0.01640625 0.03828125
1 0.89609375 0.20859375 0.01875 0.03125
1 0.85703125 0.22265625 0.0140625 0.034375
1 0.84296875 0.22265625 0.01640625 0.034375
1 0.8203125 0.20546875 0.015625 0.03125
1 0.82421875 0.26796875 0.01796875 0.05703125
1 0.79375 0.296875 0.02265625 0.05546875
1 0.74921875 0.38125 0.02578125 0.065625
1 0.7625 0.13984375 0.0140625 0.034375
1 0.75625 0.19765625 0.01875 0.0359375
1 0.6578125 0.1453125 0.0140625 0.02578125
1 0.33671875 0.22578125 0.01484375 0.03125
1 0.4546875 0.19375 0.0140625 0.0296875