1 0.1484375 0.38828125 0.03984375 0.07265625
1 0.29375 0.25390625 0.0203125 0.03515625
1 0.33046875 0.271875 0.02109375 0.03515625
1 0.4234375 0.27734375 0.02265625 0.0453125
1 0.41875 0.2140625 0.0203125 0.03515625
1 0.3796875 0.20625 0.0203125 0.03515625
1 0.44609375 0.21640625 0.01640625 0.03515625
1 0.44296875 0.19140625 0.015625 0.0265625
1 0.4265625 0.17109375 0.01796875 0.03125
1 0.44140625 0.159375 0.01640625 0.0328125
1 0.4671875 0.2 0.0203125 0.04375
1 0.4796875 0.1328125 0.01640625 0.0328125
1 0.49140625 0.17421875 0.02109375 0.0375
1 0.5125 0.21328125 0.01875 0.04140625
1 0.51796875 0.153125 0.015625 0.02890625
1 0.53046875 0.13125 0.0140625 0.0265625
1 0.54765625 0.1296875 0.0140625 0.03515625
1 0.5734375 0.15703125 0.0140625 0.0328125
1 0.5640625 0.10859375 0.01328125 0.0265625
1 0.58359375 0.134375 0.01328125 0.02890625
1 0.5984375 0.14296875 0.0140625 0.0328125
1 0.59296875 0.09609375 0.0109375 0.01875
1 0.61171875 0.11875 0.01640625 0.03125
1 0.68515625 0.1078125 0.0140625 0.0328125
1 0.4734375 0.32421875 0.03046875 0.0515625
1 0.5375 0.29609375 0.028125 0.0703125
1 0.559375 0.23515625 0.02578125 0.04375
1 0.6 0.3015625 0.028125 0.0640625
1 0.61015625 0.1984375 0.02109375 0.05
1 0.65390625 0.26171875 0.02578125 0.05625
1 0.7078125 0.2859375 0.025 0.05390625
1 0.765625 0.31171875 0.025 0.05625
1 0.6546875 0.20078125 0.025 0.04140625
1 0.67890625 0.196875 0.01640625 0.0375
1 0.68984375 0.17890625 0.02265625 0.04375
1 0.6796875 0.15859375 0.02109375 0.03125
1 0.7109375 0.1390625 0.01875 0.0375
1 0.740625 0.15 0.01640625 0.03125
1 0.75 0.17578125 0.02109375 0.04140625
1 0.73828125 0.115625 0.01640625 0.02890625
1 0.80078125 0.1328125 0.015625 0.02890625
1 0.7875 0.19140625 0.02109375 0.04765625
1 0.84296875 0.18125 0.01640625 0.0390625
1 0.86015625 0.2328125 0.02265625 0.04375
1 0.88203125 0.1875 0.01875 0.04375
1 0.9125 0.18671875 0.01875 0.0375
1 0.9578125 0.12734375 0.01640625 0.0390625