1 0.21953125 0.4234375 0.0515625 0.0984375
1 0.26953125 0.25703125 0.01875 0.03671875
1 0.28515625 0.25 0.01640625 0.0375
1 0.315625 0.2515625 0.01640625 0.040625
1 0.32578125 0.27421875 0.02578125 0.04609375
1 0.3296875 0.2140625 0.01953125 0.04375
1 0.39765625 0.2484375 0.0203125 0.04453125
1 0.41484375 0.26171875 0.02421875 0.04609375
1 0.3953125 0.1875 0.0203125 0.03515625
1 0.40546875 0.16875 0.0125 0.02421875
1 0.42109375 0.17421875 0.01640625 0.03671875
1 0.43125 0.1546875 0.01875 0.0296875
1 0.4546875 0.209375 0.0203125 0.03515625
1 0.45625 0.18125 0.01640625 0.0296875
1 0.45859375 0.15546875 0.01640625 0.025
1 0.4765625 0.215625 0.021875 0.040625
1 0.5078125 0.1765625 0.01640625 0.03671875
1 0.4875 0.13046875 0.01328125 0.02265625
1 0.5203125 0.1171875 0.0125 0.0296875
1 0.53046875 0.12890625 0.01328125 0.02265625
1 0.5375 0.159375 0.01484375 0.03203125
1 0.54375 0.18671875 0.0171875 0.03359375
1 0.55 0.1390625 0.01328125 0.03359375
1 0.571875 0.15859375 0.01640625 0.0390625
1 0.5828125 0.146875 0.01640625 0.03359375
1 0.596875 0.09921875 0.0140625 0.02421875
1 0.6046875 0.0890625 0.01328125 0.0265625
1 0.6109375 0.12265625 0.0171875 0.0265625
1 0.61953125 0.140625 0.0171875 0.0296875
1 0.6453125 0.1125 0.0140625 0.028125
1 0.66640625 0.121875 0.01953125 0.03046875
1 0.61328125 0.2015625 0.0234375 0.0375
1 0.64296875 0.17421875 0.02109375 0.04453125
1 0.64921875 0.22265625 0.02421875 0.04921875
1 0.65390625 0.25390625 0.028125 0.05078125
1 0.66171875 0.3 0.03125 0.05859375
1 0.4953125 0.29375 0.03125 0.0515625
1 0.534375 0.30859375 0.02890625 0.06171875
1 0.56484375 0.24296875 0.02421875 0.04765625
1 0.615625 0.24765625 0.0265625 0.0578125
1 0.69140625 0.18671875 0.0203125 0.0390625
1 0.68515625 0.15859375 0.0171875 0.028125
1 0.7203125 0.146875 0.0140625 0.03359375
1 0.73984375 0.14140625 0.015625 0.02265625
1 0.76171875 0.12578125 0.0140625 0.0296875
1 0.76015625 0.1703125 0.0171875 0.03515625
1 0.74453125 0.17890625 0.0171875 0.03515625
1 0.753125 0.2203125 0.02109375 0.0421875
1 0.7046875 0.22109375 0.0234375 0.04609375
1 0.70234375 0.27578125 0.02578125 0.0578125
1 0.74140625 0.35703125 0.03515625 0.06875
1 0.8046875 0.28984375 0.03203125 0.06015625
1 0.8125 0.25 0.02578125 0.05078125
1 0.78203125 0.2078125 0.02109375 0.0390625
1 0.7953125 0.1515625 0.015625 0.03359375
1 0.79921875 0.13125 0.0140625 0.0296875
1 0.82578125 0.14765625 0.01484375 0.03203125
1 0.84765625 0.140625 0.01328125 0.03046875
1 0.85390625 0.303125 0.02734375 0.05859375
1 0.86328125 0.2515625 0.01953125 0.0578125
1 0.8328125 0.21796875 0.0171875 0.0375
1 0.83671875 0.1796875 0.01484375 0.03671875
1 0.88359375 0.2296875 0.02109375 0.0421875
1 0.8828125 0.1875 0.01484375 0.04375
1 0.91484375 0.2640625 0.0203125 0.04765625
1 0.87734375 0.14140625 0.0125 0.03046875