1 0.246875 0.16484375 0.01484375 0.03515625
1 0.3078125 0.23046875 0.01953125 0.03671875
1 0.40859375 0.20859375 0.0203125 0.03671875
1 0.421875 0.2515625 0.021875 0.04453125
1 0.44453125 0.18125 0.01875 0.040625
1 0.4578125 0.14453125 0.01875 0.0328125
1 0.48125 0.1765625 0.01875 0.0390625
1 0.44375 0.23359375 0.01875 0.03671875
1 0.5453125 0.16953125 0.01640625 0.03671875
1 0.56015625 0.18359375 0.01953125 0.040625
1 0.63125 0.12109375 0.0171875 0.0328125
1 0.628125 0.21875 0.02421875 0.05234375
1 0.66953125 0.21953125 0.0203125 0.05078125
1 0.67265625 0.16796875 0.021875 0.04453125
1 0.7359375 0.21875 0.021875 0.05234375
1 0.62421875 0.31640625 0.03125 0.0734375
1 0.63671875 0.26796875 0.02421875 0.05859375
1 0.6640625 0.29609375 0.0296875 0.05625
1 0.6890625 0.31953125 0.0328125 0.0796875
1 0.828125 0.2515625 0.02578125 0.05234375
1 0.8703125 0.26328125 0.02578125 0.05625
1 0.9328125 0.2453125 0.021875 0.0484375