1 0.20546875 0.4375 0.0515625 0.0953125
1 0.26015625 0.39296875 0.04453125 0.09375
1 0.28671875 0.203125 0.0171875 0.0359375
1 0.35234375 0.25625 0.01640625 0.04453125
1 0.375 0.26953125 0.02421875 0.04453125
1 0.4390625 0.28515625 0.02578125 0.04921875
1 0.49375 0.31015625 0.02578125 0.04921875
1 0.45234375 0.23515625 0.01796875 0.0375
1 0.43125 0.22109375 0.0171875 0.0328125
1 0.40859375 0.18828125 0.0171875 0.0328125
1 0.4609375 0.18828125 0.0140625 0.0328125
1 0.48359375 0.2015625 0.0140625 0.0296875
1 0.546875 0.20234375 0.015625 0.034375
1 0.4671875 0.14765625 0.01171875 0.02265625
1 0.478125 0.1515625 0.01328125 0.01796875
1 0.4875 0.1703125 0.015625 0.02265625
1 0.4953125 0.1296875 0.01171875 0.01953125
1 0.54296875 0.1359375 0.0125 0.02265625
1 0.521875 0.16953125 0.015625 0.03125
1 0.56875 0.153125 0.015625 0.028125
1 0.58984375 0.15625 0.0140625 0.03125
1 0.58671875 0.10703125 0.0125 0.02109375
1 0.71171875 0.09921875 0.01328125 0.028125
1 0.61484375 0.2515625 0.021875 0.0375
1 0.6875 0.2515625 0.025 0.0375
1 0.73515625 0.28125 0.01953125 0.04765625
1 0.778125 0.296875 0.028125 0.04921875
1 0.7015625 0.1578125 0.015625 0.034375
1 0.728125 0.13515625 0.0140625 0.028125
1 0.753125 0.159375 0.01328125 0.0296875
1 0.76171875 0.14296875 0.0140625 0.0296875
1 0.77265625 0.1734375 0.01796875 0.0359375
1 0.81875 0.1859375 0.01640625 0.0375
1 0.77265625 0.10078125 0.0140625 0.03125
1 0.8359375 0.12578125 0.015625 0.028125
1 0.86484375 0.17421875 0.0140625 0.028125
1 0.89453125 0.2296875 0.0140625 0.04609375