1 0.025 0.65625 0.05 0.09609375
1 0.08125 0.70390625 0.09375 0.14375
1 0.159375 0.7 0.065625 0.09296875
1 0.159375 0.65625 0.0421875 0.05859375
1 0.18203125 0.65859375 0.03984375 0.0640625
1 0.253125 0.66015625 0.0421875 0.06640625
1 0.28203125 0.66171875 0.06015625 0.1015625
1 0.34765625 0.64296875 0.0359375 0.05859375
1 0.38125 0.67890625 0.05390625 0.07734375
1 0.359375 0.57734375 0.078125 0.11484375
1 0.53984375 0.6375 0.03984375 0.0640625
1 0.8390625 0.84921875 0.278125 0.28515625
1 0.8296875 0.6828125 0.1 0.10703125
1 0.9671875 0.6796875 0.05390625 0.0796875
1 0.95703125 0.65234375 0.0421875 0.06640625