1 0.02265625 0.4390625 0.0296875 0.0609375
1 0.2390625 0.3421875 0.01953125 0.03359375
1 0.2640625 0.375 0.01953125 0.04375
1 0.2953125 0.3828125 0.02109375 0.040625
1 0.34140625 0.3703125 0.02890625 0.046875
1 0.2984375 0.30625 0.01796875 0.03671875
1 0.36953125 0.33671875 0.0171875 0.03671875
1 0.36640625 0.296875 0.0171875 0.0390625
1 0.3984375 0.3234375 0.0140625 0.0375
1 0.42109375 0.3375 0.021875 0.040625
1 0.41953125 0.29921875 0.01484375 0.03203125
1 0.40703125 0.26328125 0.0140625 0.02734375
1 0.41953125 0.26875 0.01484375 0.03515625
1 0.44375 0.24765625 0.0140625 0.02890625
1 0.46015625 0.26171875 0.0171875 0.03203125
1 0.4828125 0.3015625 0.01640625 0.03671875
1 0.4640625 0.371875 0.021875 0.046875
1 0.484375 0.2328125 0.0125 0.02578125
1 0.52421875 0.26328125 0.01328125 0.03046875
1 0.4859375 0.2703125 0.021875 0.03515625
1 0.515625 0.3234375 0.02109375 0.046875
1 0.53828125 0.278125 0.01875 0.04375
1 0.5515625 0.24921875 0.01640625 0.0375
1 0.53515625 0.2515625 0.01171875 0.03671875
1 0.575 0.22265625 0.0125 0.02734375
1 0.5875 0.2328125 0.0140625 0.02890625
1 0.5921875 0.21875 0.01484375 0.02578125
1 0.6203125 0.215625 0.0140625 0.02890625
1 0.63125 0.2015625 0.01171875 0.03359375
1 0.61796875 0.246875 0.01640625 0.03671875
1 0.60390625 0.24765625 0.0140625 0.02890625
1 0.6 0.26484375 0.01484375 0.03359375
1 0.58359375 0.28671875 0.01953125 0.0453125
1 0.55234375 0.353125 0.02578125 0.0546875
1 0.56328125 0.41015625 0.0328125 0.053125
1 0.4765625 0.41640625 0.0296875 0.0578125
1 0.61171875 0.4546875 0.0328125 0.06953125
1 0.6203125 0.328125 0.025 0.040625
1 0.63203125 0.359375 0.02578125 0.0578125
1 0.6453125 0.21171875 0.0125 0.02890625
1 0.66015625 0.2234375 0.01796875 0.03203125
1 0.67890625 0.20703125 0.01015625 0.02578125
1 0.6921875 0.22265625 0.01328125 0.03359375
1 0.65546875 0.23984375 0.01328125 0.02890625
1 0.69765625 0.26484375 0.0171875 0.03359375
1 0.71875 0.22109375 0.0140625 0.03046875
1 0.725 0.2484375 0.0125 0.03671875
1 0.653125 0.30703125 0.0203125 0.0375
1 0.66796875 0.34375 0.01953125 0.0453125
1 0.6765625 0.36640625 0.02578125 0.06328125
1 0.70859375 0.3546875 0.021875 0.0484375
1 0.70078125 0.31953125 0.02265625 0.0453125
1 0.66015625 0.4625 0.03828125 0.07421875
1 0.72734375 0.49453125 0.0359375 0.08671875
1 0.75625 0.40546875 0.02578125 0.053125
1 0.8046875 0.43359375 0.0296875 0.0546875
1 0.7671875 0.2421875 0.01484375 0.03046875
1 0.77890625 0.228125 0.01484375 0.02890625
1 0.80234375 0.234375 0.01328125 0.03203125
1 0.81484375 0.23984375 0.01484375 0.03515625
1 0.83828125 0.2625 0.0171875 0.03671875
1 0.86796875 0.25234375 0.01484375 0.0375
1 0.74921875 0.2859375 0.01796875 0.03515625
1 0.77421875 0.26953125 0.01796875 0.03671875
1 0.79765625 0.28359375 0.0171875 0.0390625
1 0.84453125 0.29921875 0.01484375 0.03515625
1 0.8390625 0.3296875 0.021875 0.040625
1 0.83515625 0.36484375 0.02421875 0.0453125
1 0.87734375 0.33671875 0.01640625 0.0390625
1 0.88828125 0.37265625 0.02109375 0.0609375
1 0.90234375 0.3375 0.01796875 0.04375
1 0.90625 0.3125 0.01640625 0.03515625
1 0.878125 0.28203125 0.0171875 0.03359375
1 0.884375 0.27265625 0.0125 0.03671875
1 0.89765625 0.246875 0.01171875 0.03359375
1 0.9234375 0.284375 0.0140625 0.040625
1 0.9390625 0.32109375 0.01484375 0.0390625
1 0.93984375 0.30625 0.01640625 0.03671875
1 0.959375 0.26640625 0.01171875 0.03359375
1 0.9609375 0.296875 0.0140625 0.03671875
1 0.96875 0.37109375 0.01875 0.0609375
1 0.9390625 0.47265625 0.02890625 0.0609375
1 0.8703125 0.484375 0.02890625 0.0625
1 0.84765625 0.5390625 0.03125 0.07578125
1 0.93828125 0.45390625 0.02421875 0.0375