1 0.175 0.43984375 0.0484375 0.08828125
1 0.278125 0.2453125 0.0171875 0.03125
1 0.2921875 0.23359375 0.015625 0.028125
1 0.29453125 0.26328125 0.01875 0.03359375
1 0.340625 0.27890625 0.021875 0.04140625
1 0.371875 0.27734375 0.01953125 0.03828125
1 0.353125 0.221875 0.0140625 0.03125
1 0.38203125 0.21640625 0.0171875 0.03671875
1 0.38125 0.1796875 0.015625 0.0296875
1 0.4046875 0.1875 0.0140625 0.028125
1 0.4125 0.15859375 0.01328125 0.025
1 0.42265625 0.17265625 0.015625 0.0296875
1 0.4296875 0.22890625 0.0203125 0.04140625
1 0.46484375 0.23203125 0.02265625 0.04140625
1 0.44765625 0.1828125 0.0140625 0.03671875
1 0.4609375 0.18515625 0.01875 0.03125
1 0.4859375 0.19609375 0.021875 0.03671875
1 0.478125 0.1609375 0.0171875 0.028125
1 0.47265625 0.1328125 0.01328125 0.0296875
1 0.4921875 0.15703125 0.0140625 0.03125
1 0.52265625 0.2 0.0203125 0.046875
1 0.51328125 0.15390625 0.01328125 0.03515625
1 0.51015625 0.12421875 0.0140625 0.025
1 0.52734375 0.1671875 0.015625 0.03125
1 0.54375 0.1640625 0.0140625 0.03828125
1 0.5546875 0.11796875 0.0109375 0.0265625
1 0.5625 0.1265625 0.0140625 0.0296875
1 0.5765625 0.16171875 0.01796875 0.03671875
1 0.5859375 0.13515625 0.01484375 0.03359375
1 0.58359375 0.11328125 0.0140625 0.0234375
1 0.596875 0.10078125 0.01328125 0.025
1 0.6140625 0.14453125 0.015625 0.03359375
1 0.6234375 0.09765625 0.01015625 0.021875
1 0.6296875 0.10234375 0.0125 0.021875
1 0.6390625 0.12109375 0.0125 0.0265625
1 0.65390625 0.12734375 0.01328125 0.025
1 0.6625 0.1015625 0.01328125 0.0296875
1 0.70078125 0.09765625 0.01328125 0.028125
1 0.4953125 0.29765625 0.02734375 0.053125
1 0.56328125 0.30078125 0.0234375 0.05
1 0.5625 0.25234375 0.021875 0.0453125
1 0.61953125 0.2 0.01953125 0.04296875
1 0.625 0.23984375 0.0234375 0.04296875
1 0.6078125 0.3203125 0.02890625 0.05859375
1 0.66015625 0.2125 0.021875 0.0453125
1 0.66171875 0.1765625 0.021875 0.04296875
1 0.6890625 0.146875 0.01484375 0.03125
1 0.7078125 0.16875 0.01953125 0.03515625
1 0.73046875 0.1921875 0.021875 0.0453125
1 0.7078125 0.23359375 0.01875 0.03828125
1 0.73515625 0.24765625 0.025 0.05625
1 0.69296875 0.30859375 0.0328125 0.05859375
1 0.74765625 0.32421875 0.03671875 0.06953125
1 0.728125 0.15625 0.0171875 0.0296875
1 0.7453125 0.1453125 0.0140625 0.028125
1 0.75078125 0.1203125 0.01328125 0.025
1 0.76640625 0.14140625 0.015625 0.03671875
1 0.775 0.19296875 0.021875 0.046875
1 0.75546875 0.21015625 0.02265625 0.0515625
1 0.78671875 0.259375 0.02265625 0.05
1 0.81171875 0.23515625 0.0203125 0.0484375
1 0.8328125 0.18828125 0.01796875 0.03671875
1 0.80546875 0.146875 0.01484375 0.03125
1 0.83125 0.14375 0.0140625 0.03125
1 0.84453125 0.115625 0.0140625 0.03515625
1 0.86171875 0.1234375 0.0125 0.0265625
1 0.85 0.165625 0.01484375 0.03515625
1 0.8578125 0.146875 0.01328125 0.025
1 0.88515625 0.20078125 0.015625 0.03828125
1 0.88984375 0.1625 0.01484375 0.03515625
1 0.90078125 0.16328125 0.01484375 0.03359375
1 0.90390625 0.13203125 0.0140625 0.028125
1 0.9203125 0.14609375 0.0140625 0.0265625
1 0.9265625 0.20625 0.015625 0.03671875
1 0.9265625 0.25390625 0.015625 0.04140625
1 0.925 0.3078125 0.02734375 0.06328125
1 0.8984375 0.35078125 0.03125 0.06953125
1 0.7984375 0.409375 0.03671875 0.08671875
1 0.84921875 0.28359375 0.0234375 0.0484375
1 0.86171875 0.25078125 0.02265625 0.04140625