1 0.31484375 0.240625 0.01484375 0.03671875
1 0.325 0.2328125 0.01640625 0.03359375
1 0.34609375 0.23203125 0.0203125 0.03515625
1 0.35546875 0.26796875 0.0265625 0.04140625
1 0.390625 0.28046875 0.02421875 0.05625
1 0.37734375 0.24296875 0.0203125 0.03828125
1 0.38203125 0.20078125 0.01875 0.03671875
1 0.403125 0.20078125 0.01875 0.03984375
1 0.440625 0.1875 0.015625 0.03671875
1 0.4578125 0.24140625 0.02421875 0.0515625
1 0.459375 0.20546875 0.01484375 0.03125
1 0.47890625 0.19921875 0.01953125 0.03984375
1 0.48828125 0.1578125 0.01796875 0.03671875
1 0.51875 0.17265625 0.0203125 0.03671875
1 0.54453125 0.1640625 0.02109375 0.03671875
1 0.5828125 0.16796875 0.01875 0.03984375
1 0.575 0.13359375 0.015625 0.025
1 0.64375 0.0671875 0.015625 0.03125
1 0.49609375 0.29765625 0.0265625 0.05625
1 0.56328125 0.290625 0.03046875 0.05625
1 0.596875 0.32109375 0.028125 0.06484375
1 0.62109375 0.2546875 0.0265625 0.0546875
1 0.61875 0.209375 0.02109375 0.04296875
1 0.64765625 0.18125 0.02109375 0.04296875
1 0.65 0.271875 0.02578125 0.06484375
1 0.68125 0.18828125 0.01875 0.04140625
1 0.6875 0.16171875 0.01640625 0.03515625
1 0.69765625 0.2296875 0.02109375 0.0515625
1 0.709375 0.27890625 0.02578125 0.05625
1 0.72421875 0.2 0.02421875 0.0484375
1 0.7484375 0.22890625 0.02578125 0.05625
1 0.7640625 0.16640625 0.0203125 0.046875
1 0.7765625 0.27265625 0.02890625 0.06015625
1 0.83359375 0.32578125 0.02578125 0.06640625
1 0.85390625 0.265625 0.02265625 0.05625
1 0.90078125 0.24296875 0.0234375 0.0578125
1 0.92421875 0.25 0.01953125 0.0484375