1 0.04375 0.33828125 0.01875 0.0375
1 0.0625 0.334375 0.0140625 0.03125
1 0.08203125 0.31484375 0.01015625 0.028125
1 0.184375 0.3640625 0.021875 0.05078125
1 0.20390625 0.40234375 0.034375 0.0671875
1 0.23359375 0.3640625 0.0296875 0.0671875
1 0.17890625 0.47890625 0.04765625 0.08515625
1 0.25 0.32734375 0.02734375 0.059375
1 0.3453125 0.28046875 0.0296875 0.05078125
1 0.3984375 0.2 0.02109375 0.04765625
1 0.4234375 0.17109375 0.0203125 0.04296875
1 0.4484375 0.31171875 0.03203125 0.07421875
1 0.50234375 0.075 0.0109375 0.028125
1 0.5390625 0.184375 0.0203125 0.03984375
1 0.67890625 0.11171875 0.01875 0.04296875
1 0.71953125 0.1265625 0.01640625 0.04609375
1 0.73828125 0.0921875 0.0171875 0.04296875
1 0.7921875 0.2375 0.03671875 0.07734375
1 0.7984375 0.3375 0.05546875 0.11484375