1 0.04921875 0.37109375 0.01875 0.04140625
1 0.2484375 0.25625 0.01171875 0.0234375
1 0.26953125 0.265625 0.01484375 0.021875
1 0.29140625 0.25859375 0.015625 0.034375
1 0.31484375 0.26015625 0.0140625 0.03828125
1 0.32890625 0.26875 0.015625 0.034375
1 0.31953125 0.21640625 0.01484375 0.0265625
1 0.3484375 0.22890625 0.01640625 0.028125
1 0.35078125 0.20390625 0.0140625 0.021875
1 0.3640625 0.19375 0.01328125 0.0234375
1 0.38125 0.1875 0.01171875 0.03125
1 0.39609375 0.19609375 0.015625 0.028125
1 0.38046875 0.23203125 0.01484375 0.03125
1 0.3609375 0.27265625 0.01796875 0.03671875
1 0.3921875 0.2859375 0.02265625 0.03984375
1 0.43046875 0.2328125 0.01875 0.03671875
1 0.44140625 0.1890625 0.01328125 0.028125
1 0.4578125 0.19921875 0.01484375 0.025
1 0.4671875 0.23125 0.01875 0.0328125
1 0.4796875 0.1921875 0.01875 0.034375
1 0.4578125 0.14375 0.01328125 0.01953125
1 0.490625 0.16796875 0.01328125 0.03125
1 0.4796875 0.13515625 0.01015625 0.01953125
1 0.51953125 0.20546875 0.015625 0.03828125
1 0.528125 0.16640625 0.0140625 0.028125
1 0.55859375 0.17265625 0.01640625 0.03125
1 0.55859375 0.125 0.0109375 0.025
1 0.57578125 0.1421875 0.0109375 0.0265625
1 0.5875 0.11875 0.01015625 0.0234375
1 0.60703125 0.1171875 0.01015625 0.0234375
1 0.60625 0.14375 0.0109375 0.0234375
1 0.63203125 0.140625 0.0109375 0.0265625
1 0.63125 0.11640625 0.009375 0.01796875
1 0.67109375 0.1171875 0.01328125 0.0265625
1 0.48203125 0.29921875 0.025 0.04921875
1 0.5609375 0.2890625 0.02421875 0.053125
1 0.56796875 0.221875 0.0234375 0.05625
1 0.61640625 0.24140625 0.01796875 0.04296875
1 0.62890625 0.2 0.01328125 0.0296875
1 0.64609375 0.2140625 0.0203125 0.04453125
1 0.65546875 0.26328125 0.0203125 0.04453125
1 0.61796875 0.3203125 0.034375 0.04921875
1 0.6796875 0.190625 0.01484375 0.028125
1 0.675 0.15390625 0.01328125 0.0265625
1 0.7015625 0.1515625 0.01328125 0.025
1 0.72265625 0.184375 0.01640625 0.034375
1 0.6953125 0.2328125 0.01640625 0.0328125
1 0.7125 0.28984375 0.0203125 0.04453125
1 0.7515625 0.2234375 0.015625 0.04609375
1 0.75234375 0.16953125 0.015625 0.028125
1 0.73984375 0.14296875 0.0140625 0.03125
1 0.75625 0.13359375 0.0140625 0.0265625
1 0.778125 0.14375 0.01328125 0.0296875
1 0.796875 0.1296875 0.01015625 0.025
1 0.825 0.14453125 0.01171875 0.03125
1 0.8046875 0.18125 0.01484375 0.034375
1 0.771875 0.203125 0.01640625 0.03984375
1 0.8203125 0.2171875 0.015625 0.034375
1 0.7625 0.2953125 0.0234375 0.04765625
1 0.83515625 0.309375 0.025 0.053125
1 0.8484375 0.25859375 0.02109375 0.04453125
1 0.928125 0.26640625 0.0203125 0.053125
1 0.91328125 0.24296875 0.01796875 0.053125
1 0.89375 0.19453125 0.01796875 0.034375
1 0.8828125 0.17109375 0.01171875 0.021875
1 0.88203125 0.15234375 0.0109375 0.0234375
1 0.83984375 0.18515625 0.015625 0.0328125
1 0.84609375 0.1625 0.0140625 0.025