1 0.1015625 0.496875 0.0640625 0.1171875
1 0.2765625 0.228125 0.01796875 0.03984375
1 0.31171875 0.215625 0.01640625 0.0375
1 0.3234375 0.21171875 0.0171875 0.0375
1 0.34375 0.21328125 0.01953125 0.04140625
1 0.32890625 0.17734375 0.01640625 0.034375
1 0.35234375 0.1953125 0.01796875 0.04375
1 0.37265625 0.20390625 0.01640625 0.04140625
1 0.38203125 0.2265625 0.01796875 0.0453125
1 0.409375 0.2359375 0.02109375 0.04921875
1 0.44140625 0.2390625 0.02265625 0.046875
1 0.41484375 0.19765625 0.01796875 0.03984375
1 0.39375 0.203125 0.01640625 0.0359375
1 0.37578125 0.1625 0.01640625 0.0265625
1 0.4 0.1671875 0.01640625 0.0359375
1 0.421875 0.15234375 0.0125 0.028125
1 0.4390625 0.153125 0.0125 0.0265625
1 0.4375 0.17890625 0.0140625 0.03203125
1 0.459375 0.2015625 0.02109375 0.04375
1 0.4640625 0.12734375 0.01171875 0.028125
1 0.48203125 0.13984375 0.0109375 0.03046875
1 0.490625 0.14765625 0.0109375 0.0265625
1 0.49609375 0.17265625 0.0140625 0.0359375
1 0.521875 0.17265625 0.01796875 0.0359375
1 0.553125 0.1765625 0.0171875 0.03984375
1 0.56171875 0.1546875 0.01484375 0.0375
1 0.5359375 0.1484375 0.0125 0.03203125
1 0.5265625 0.13984375 0.01171875 0.0265625
1 0.50703125 0.14140625 0.01640625 0.034375
1 0.4984375 0.11796875 0.01171875 0.028125
1 0.54921875 0.12578125 0.01484375 0.03203125
1 0.575 0.13125 0.0140625 0.028125
1 0.60078125 0.15625 0.01484375 0.03984375
1 0.60859375 0.14375 0.0125 0.034375
1 0.60859375 0.11640625 0.01171875 0.028125
1 0.62421875 0.1296875 0.0140625 0.03203125
1 0.62578125 0.1078125 0.0109375 0.02265625
1 0.6421875 0.15234375 0.01484375 0.0359375
1 0.6515625 0.1296875 0.0140625 0.03203125
1 0.6546875 0.1078125 0.0140625 0.03046875
1 0.6765625 0.125 0.0125 0.0265625
1 0.68671875 0.10078125 0.0140625 0.03203125
1 0.70546875 0.1078125 0.0109375 0.034375
1 0.5890625 0.22109375 0.028125 0.053125
1 0.63515625 0.24921875 0.02421875 0.06015625
1 0.66875 0.3328125 0.03203125 0.0828125
1 0.6359375 0.20703125 0.01953125 0.04375
1 0.6609375 0.215625 0.01796875 0.04921875
1 0.66796875 0.17578125 0.0171875 0.0375
1 0.68984375 0.25234375 0.02109375 0.0546875
1 0.7234375 0.2390625 0.0203125 0.04375
1 0.71875 0.1765625 0.01953125 0.04375
1 0.7015625 0.17265625 0.01640625 0.03984375
1 0.73359375 0.14375 0.0125 0.034375
1 0.7390625 0.16484375 0.0171875 0.0375
1 0.75390625 0.1890625 0.02109375 0.0453125
1 0.7609375 0.2484375 0.02421875 0.0625
1 0.74375 0.3765625 0.0359375 0.0828125
1 0.79609375 0.284375 0.02578125 0.0625
1 0.7984375 0.19453125 0.01796875 0.04140625
1 0.79140625 0.1625 0.0140625 0.034375
1 0.78828125 0.13515625 0.0125 0.03203125
1 0.7609375 0.12734375 0.0140625 0.0359375
1 0.7765625 0.125 0.01171875 0.03046875
1 0.803125 0.13203125 0.01171875 0.03046875
1 0.8234375 0.125 0.0140625 0.03046875
1 0.83046875 0.16484375 0.0140625 0.0375
1 0.815625 0.20390625 0.01796875 0.034375
1 0.82109375 0.25234375 0.02421875 0.0546875
1 0.83828125 0.20859375 0.01796875 0.046875
1 0.9171875 0.33671875 0.02890625 0.071875
1 0.88203125 0.228125 0.0203125 0.046875
1 0.89609375 0.2125 0.01484375 0.04375
1 0.90625 0.18359375 0.0125 0.034375
1 0.865625 0.18359375 0.01484375 0.0375
1 0.85859375 0.2234375 0.0171875 0.034375
1 0.85859375 0.14453125 0.0140625 0.02421875
1 0.8390625 0.153125 0.01484375 0.034375
1 0.87578125 0.1578125 0.0140625 0.0359375
1 0.909375 0.15234375 0.01171875 0.028125
1 0.95078125 0.18984375 0.0125 0.03984375
1 0.93515625 0.19296875 0.0140625 0.034375
1 0.9484375 0.23046875 0.01640625 0.0453125
1 0.934375 0.25078125 0.0203125 0.046875