1 0.24140625 0.40859375 0.0546875 0.11640625
1 0.3015625 0.24453125 0.02265625 0.0421875
1 0.33359375 0.21015625 0.01953125 0.0421875
1 0.40390625 0.21328125 0.01953125 0.04375
1 0.421875 0.17890625 0.01796875 0.0328125
1 0.40390625 0.165625 0.01484375 0.0328125
1 0.4453125 0.2140625 0.0203125 0.04609375
1 0.4734375 0.23515625 0.02578125 0.05
1 0.49375 0.290625 0.02890625 0.05703125
1 0.565625 0.2875 0.0296875 0.0671875
1 0.55390625 0.25625 0.0234375 0.03828125
1 0.55234375 0.1875 0.01953125 0.03828125
1 0.4421875 0.14921875 0.0140625 0.0265625
1 0.4546875 0.14453125 0.01171875 0.025
1 0.45 0.178125 0.01171875 0.03046875
1 0.48359375 0.17265625 0.01484375 0.02890625
1 0.46484375 0.18359375 0.01640625 0.0265625
1 0.48046875 0.15078125 0.0125 0.02265625
1 0.509375 0.1703125 0.01796875 0.03828125
1 0.50859375 0.1421875 0.01171875 0.02890625
1 0.5328125 0.14453125 0.01484375 0.02890625
1 0.5421875 0.12734375 0.01171875 0.025
1 0.5265625 0.1265625 0.01171875 0.02265625
1 0.5578125 0.15078125 0.0140625 0.03046875
1 0.5875 0.153125 0.01640625 0.034375
1 0.62109375 0.125 0.0140625 0.025
1 0.64921875 0.14375 0.01640625 0.03046875
1 0.67265625 0.09140625 0.01640625 0.034375
1 0.63203125 0.2078125 0.02265625 0.0515625
1 0.61484375 0.2484375 0.02578125 0.04609375
1 0.6234375 0.2984375 0.02890625 0.06484375
1 0.65234375 0.2859375 0.0234375 0.0515625
1 0.6625 0.2171875 0.0171875 0.04375
1 0.659375 0.18828125 0.01953125 0.03671875
1 0.71015625 0.2421875 0.02265625 0.05546875
1 0.6921875 0.1828125 0.02265625 0.03984375
1 0.72734375 0.18671875 0.01796875 0.03671875
1 0.73203125 0.13359375 0.01484375 0.034375
1 0.7484375 0.1578125 0.0171875 0.03984375
1 0.76171875 0.18671875 0.0171875 0.03984375
1 0.7828125 0.1421875 0.01484375 0.03671875
1 0.7796875 0.225 0.02265625 0.04765625
1 0.79921875 0.2015625 0.0171875 0.03671875
1 0.80703125 0.1796875 0.01484375 0.034375
1 0.8265625 0.175 0.01953125 0.03984375
1 0.8453125 0.2015625 0.01796875 0.03984375
1 0.8609375 0.19296875 0.0140625 0.034375
1 0.81953125 0.225 0.0203125 0.04375
1 0.8109375 0.2609375 0.02265625 0.04765625
1 0.8015625 0.2984375 0.0265625 0.05703125
1 0.8453125 0.3296875 0.02578125 0.059375
1 0.86328125 0.29609375 0.02265625 0.05
1 0.878125 0.23359375 0.0203125 0.05390625
1 0.88671875 0.2015625 0.0140625 0.03984375
1 0.896875 0.19921875 0.0140625 0.03828125
1 0.92265625 0.24453125 0.01796875 0.05390625
1 0.91484375 0.29921875 0.0265625 0.06328125
1 0.9015625 0.37265625 0.0234375 0.0609375
1 0.9265625 0.43984375 0.03515625 0.0765625