1 0.20078125 0.42109375 0.04375 0.0859375
1 0.28515625 0.25703125 0.01640625 0.0328125
1 0.29921875 0.24140625 0.01796875 0.0421875
1 0.33046875 0.26171875 0.02265625 0.03828125
1 0.3234375 0.2109375 0.0140625 0.0328125
1 0.3359375 0.21328125 0.015625 0.03671875
1 0.403125 0.25078125 0.01953125 0.0421875
1 0.40078125 0.2296875 0.01953125 0.0421875
1 0.43203125 0.24375 0.0203125 0.03984375
1 0.42734375 0.259375 0.02265625 0.05078125
1 0.4140625 0.184375 0.015625 0.0296875
1 0.43046875 0.178125 0.01484375 0.0328125
1 0.41015625 0.1671875 0.0140625 0.0328125
1 0.42890625 0.15625 0.01484375 0.03359375
1 0.46875 0.13671875 0.01171875 0.028125
1 0.47265625 0.1484375 0.01328125 0.03125
1 0.48125 0.184375 0.01640625 0.040625
1 0.4796875 0.22109375 0.0171875 0.046875
1 0.5296875 0.1890625 0.01796875 0.0421875
1 0.51484375 0.17734375 0.015625 0.03515625
1 0.48984375 0.13125 0.01015625 0.025
1 0.49765625 0.11953125 0.00859375 0.02421875
1 0.521875 0.121875 0.01328125 0.0296875
1 0.5375 0.13125 0.015625 0.03125
1 0.56171875 0.153125 0.01484375 0.03515625
1 0.56640625 0.13125 0.0140625 0.028125
1 0.47109375 0.31953125 0.02265625 0.05234375
1 0.54609375 0.29453125 0.03359375 0.05390625
1 0.590625 0.23203125 0.01875 0.046875
1 0.59921875 0.15703125 0.015625 0.0328125
1 0.59375 0.13359375 0.01328125 0.0296875
1 0.58984375 0.09921875 0.0140625 0.02421875
1 0.60078125 0.10234375 0.01171875 0.0296875
1 0.61640625 0.1375 0.01328125 0.0328125
1 0.6140625 0.1171875 0.01015625 0.025
1 0.62734375 0.125 0.0109375 0.0296875
1 0.6609375 0.1046875 0.0140625 0.02421875
1 0.678125 0.10546875 0.0109375 0.028125
1 0.65625 0.1609375 0.01640625 0.0453125
1 0.6203125 0.19921875 0.01796875 0.03984375
1 0.6421875 0.23046875 0.0234375 0.046875
1 0.65859375 0.25703125 0.0203125 0.0453125
1 0.66953125 0.29765625 0.03046875 0.06484375
1 0.6609375 0.203125 0.02265625 0.04765625
1 0.684375 0.14921875 0.015625 0.03125
1 0.71328125 0.17109375 0.01484375 0.0328125
1 0.72421875 0.15390625 0.0140625 0.03125
1 0.74140625 0.18515625 0.01953125 0.0421875
1 0.71953125 0.21015625 0.02265625 0.03984375
1 0.72890625 0.25859375 0.0265625 0.0578125
1 0.76953125 0.32265625 0.03203125 0.059375
1 0.765625 0.21328125 0.0203125 0.03984375
1 0.76953125 0.16875 0.015625 0.03828125
1 0.76484375 0.140625 0.015625 0.0328125
1 0.78046875 0.12578125 0.01484375 0.03671875
1 0.809375 0.1234375 0.01484375 0.040625
1 0.79375 0.15859375 0.01328125 0.0328125
1 0.80390625 0.1953125 0.01796875 0.040625
1 0.81796875 0.16640625 0.0171875 0.04765625
1 0.83359375 0.15234375 0.01484375 0.03125
1 0.84375 0.1265625 0.01171875 0.03125
1 0.87578125 0.1359375 0.01328125 0.0328125
1 0.85625 0.1765625 0.0140625 0.03125
1 0.85 0.20078125 0.01640625 0.03828125
1 0.83515625 0.21875 0.02265625 0.0453125
1 0.803125 0.27109375 0.025 0.05625
1 0.8640625 0.28046875 0.02421875 0.05390625
1 0.89609375 0.20234375 0.01640625 0.040625
1 0.921875 0.2515625 0.0203125 0.05234375
1 0.89453125 0.18359375 0.0140625 0.03359375