1 0.0671875 0.4890625 0.03515625 0.071875
1 0.23359375 0.34296875 0.0171875 0.034375
1 0.28671875 0.31484375 0.0171875 0.0421875
1 0.2578125 0.37734375 0.02109375 0.04609375
1 0.2984375 0.3703125 0.02109375 0.0359375
1 0.3609375 0.28828125 0.01328125 0.0375
1 0.340625 0.3609375 0.02109375 0.0453125
1 0.35859375 0.33046875 0.01640625 0.03125
1 0.39609375 0.27109375 0.01875 0.0421875
1 0.390625 0.34453125 0.0125 0.0359375
1 0.4125 0.30390625 0.01484375 0.03125
1 0.41640625 0.2671875 0.01484375 0.0328125
1 0.4421875 0.234375 0.01328125 0.034375
1 0.4546875 0.2671875 0.0171875 0.0296875
1 0.4390625 0.3125 0.021875 0.034375
1 0.4140625 0.34609375 0.01796875 0.0359375
1 0.43984375 0.27265625 0.01796875 0.0359375
1 0.46796875 0.2484375 0.0140625 0.02578125
1 0.4578125 0.34765625 0.01796875 0.05078125
1 0.475 0.4125 0.0265625 0.05703125
1 0.51171875 0.32265625 0.01953125 0.0390625
1 0.5171875 0.26875 0.0125 0.03125
1 0.5328125 0.284375 0.01796875 0.028125
1 0.54375 0.3609375 0.02265625 0.04609375
1 0.553125 0.415625 0.028125 0.05078125
1 0.61328125 0.4484375 0.03203125 0.08125
1 0.65625 0.48515625 0.0390625 0.05859375
1 0.575 0.275 0.01171875 0.02578125
1 0.55703125 0.2421875 0.0140625 0.03125
1 0.53828125 0.2515625 0.01875 0.0328125
1 0.7203125 0.4859375 0.03046875 0.071875
1 0.6734375 0.37109375 0.02890625 0.04921875
1 0.61015625 0.340625 0.01875 0.0421875
1 0.584375 0.21796875 0.0125 0.028125
1 0.621875 0.2078125 0.0140625 0.034375
1 0.61328125 0.21875 0.01171875 0.02734375
1 0.63828125 0.21484375 0.01796875 0.03125
1 0.65546875 0.2234375 0.01640625 0.02734375
1 0.61484375 0.25390625 0.0171875 0.02578125
1 0.67578125 0.215625 0.00859375 0.02734375
1 0.70859375 0.21796875 0.01328125 0.028125
1 0.6890625 0.2265625 0.0109375 0.0296875
1 0.696875 0.25859375 0.01796875 0.034375
1 0.70625 0.30625 0.01875 0.040625
1 0.6484375 0.30625 0.01796875 0.0375
1 0.740625 0.2875 0.01640625 0.0328125
1 0.75 0.2515625 0.01796875 0.0359375
1 0.69921875 0.371875 0.02109375 0.05703125
1 0.7359375 0.415625 0.0265625 0.05703125
1 0.8015625 0.43125 0.028125 0.06171875
1 0.7765625 0.22421875 0.01484375 0.03125
1 0.79921875 0.240625 0.0171875 0.028125
1 0.778125 0.2671875 0.01953125 0.0328125
1 0.7984375 0.29296875 0.01953125 0.04375
1 0.81328125 0.23671875 0.0125 0.02109375
1 0.8390625 0.26953125 0.0171875 0.0328125
1 0.86484375 0.25 0.01484375 0.028125
1 0.83125 0.3625 0.02109375 0.05078125
1 0.8421875 0.5171875 0.028125 0.06328125
1 0.86875 0.46640625 0.02890625 0.06875
1 0.85390625 0.34921875 0.025 0.06015625
1 0.878125 0.38203125 0.02421875 0.05703125
1 0.928125 0.48046875 0.028125 0.05859375
1 0.89765625 0.36328125 0.0171875 0.040625
1 0.96640625 0.3625 0.02265625 0.0421875
1 0.928125 0.3265625 0.01484375 0.0421875
1 0.89375 0.25625 0.0140625 0.02421875
1 0.915625 0.28046875 0.0171875 0.0359375
1 0.86953125 0.28828125 0.01328125 0.034375
1 0.8984375 0.3109375 0.0125 0.028125
1 0.9578125 0.31484375 0.01015625 0.0296875
1 0.94140625 0.32109375 0.01328125 0.0328125
1 0.95703125 0.28359375 0.0125 0.02421875
1 0.6578125 0.24609375 0.01953125 0.0328125
1 0.7171875 0.2453125 0.01484375 0.028125
1 0.834375 0.309375 0.01796875 0.034375
1 0.59375 0.2578125 0.01796875 0.02734375
1 0.56953125 0.2234375 0.0140625 0.02421875
1 0.57890625 0.4109375 0.028125 0.05078125
1 0.6609375 0.3484375 0.02421875 0.04921875
1 0.875 0.26875 0.01484375 0.0328125