1 0.090625 0.528125 0.04921875 0.11953125
1 0.21875 0.23984375 0.01796875 0.0484375
1 0.2328125 0.2421875 0.01953125 0.053125
1 0.25234375 0.23203125 0.01796875 0.0515625
1 0.309375 0.22109375 0.01953125 0.05
1 0.30703125 0.18671875 0.01796875 0.03828125
1 0.3328125 0.2125 0.02109375 0.05
1 0.346875 0.1875 0.01640625 0.03984375
1 0.36953125 0.23671875 0.02109375 0.0515625
1 0.3953125 0.2234375 0.01953125 0.0484375
1 0.42734375 0.2984375 0.0234375 0.0578125
1 0.36328125 0.17578125 0.01796875 0.04296875
1 0.4109375 0.15546875 0.01796875 0.03515625
1 0.43046875 0.16953125 0.01640625 0.04296875
1 0.43203125 0.1453125 0.0171875 0.03125
1 0.46875 0.21796875 0.021875 0.053125
1 0.49453125 0.18984375 0.01640625 0.03828125
1 0.4515625 0.14453125 0.01875 0.04296875
1 0.471875 0.1453125 0.01953125 0.04453125
1 0.49296875 0.1265625 0.01640625 0.03359375
1 0.509375 0.14921875 0.0171875 0.046875
1 0.54765625 0.1984375 0.0171875 0.03828125
1 0.53125 0.146875 0.01484375 0.03828125
1 0.54765625 0.1359375 0.01484375 0.03671875
1 0.5515625 0.1140625 0.01484375 0.03515625
1 0.5734375 0.11484375 0.01796875 0.03671875
1 0.58359375 0.1671875 0.01640625 0.04140625
1 0.56875 0.17421875 0.01875 0.04296875
1 0.57734375 0.14453125 0.0125 0.03671875
1 0.60234375 0.1859375 0.01640625 0.04296875
1 0.6078125 0.15625 0.0125 0.03671875
1 0.60390625 0.13046875 0.015625 0.03125
1 0.59609375 0.10390625 0.01484375 0.03125
1 0.6296875 0.10390625 0.015625 0.03828125
1 0.65078125 0.13125 0.0171875 0.03671875
1 0.65390625 0.16171875 0.0171875 0.04140625
1 0.65703125 0.11328125 0.01484375 0.03984375
1 0.68828125 0.1140625 0.01484375 0.03828125
1 0.6828125 0.13984375 0.01640625 0.03984375
1 0.71171875 0.1296875 0.015625 0.046875
1 0.690625 0.1875 0.021875 0.05625
1 0.6578125 0.2109375 0.021875 0.05625
1 0.603125 0.275 0.0234375 0.06171875
1 0.571875 0.31484375 0.025 0.06171875
1 0.59375 0.34453125 0.02734375 0.06796875
1 0.65390625 0.3734375 0.0265625 0.0765625
1 0.71484375 0.39375 0.02890625 0.06953125
1 0.7203125 0.2421875 0.02109375 0.05625
1 0.7375 0.21875 0.01875 0.0484375
1 0.728125 0.19453125 0.01875 0.03671875
1 0.75703125 0.1734375 0.0203125 0.0515625
1 0.77578125 0.18046875 0.0171875 0.0484375
1 0.784375 0.15390625 0.0171875 0.0484375
1 0.76328125 0.2640625 0.01875 0.06015625
1 0.79375 0.434375 0.03125 0.1015625
1 0.853125 0.47734375 0.03125 0.09453125
1 0.8734375 0.39765625 0.02734375 0.08125
1 0.9421875 0.421875 0.02578125 0.0796875
1 0.95078125 0.3421875 0.021875 0.06015625
1 0.97578125 0.34296875 0.01875 0.06484375
1 0.9671875 0.28671875 0.0203125 0.0515625
1 0.98046875 0.24140625 0.01953125 0.0515625
1 0.9421875 0.22109375 0.0125 0.05
1 0.928125 0.24765625 0.01328125 0.04296875
1 0.921875 0.325 0.0203125 0.0484375
1 0.86015625 0.31953125 0.02421875 0.0546875
1 0.8875 0.25546875 0.01875 0.05
1 0.89921875 0.2375 0.015625 0.04296875
1 0.90078125 0.20859375 0.01484375 0.03515625
1 0.86875 0.21171875 0.0171875 0.0484375
1 0.81875 0.20625 0.01953125 0.05
1 0.790625 0.23828125 0.01953125 0.0578125
1 0.8140625 0.290625 0.021875 0.06015625
1 0.8078125 0.16796875 0.01640625 0.046875