1 0.090625 0.4984375 0.05 0.10078125
1 0.05703125 0.46015625 0.03828125 0.06484375
1 0.034375 0.44453125 0.034375 0.04375
1 0.10859375 0.44296875 0.03125 0.0515625
1 0.18046875 0.34296875 0.04296875 0.0703125
1 0.190625 0.559375 0.0640625 0.1140625
1 0.23671875 0.46015625 0.03125 0.059375
1 0.26796875 0.4765625 0.03125 0.07265625
1 0.3 0.50625 0.03984375 0.08046875
1 0.3078125 0.44140625 0.02734375 0.04921875
1 0.3578125 0.44921875 0.03125 0.0546875
1 0.35234375 0.51953125 0.03828125 0.075
1 0.4234375 0.4984375 0.034375 0.06484375
1 0.44375 0.38984375 0.04140625 0.06484375
1 0.496875 0.4484375 0.0359375 0.0625
1 0.5515625 0.55703125 0.08828125 0.134375
1 0.54140625 0.4625 0.0359375 0.0703125
1 0.57109375 0.48828125 0.0328125 0.059375
1 0.6078125 0.47265625 0.03828125 0.059375
1 0.62421875 0.50234375 0.046875 0.07734375
1 0.65859375 0.4703125 0.0359375 0.08046875
1 0.69453125 0.5375 0.07578125 0.13203125
1 0.74453125 0.5296875 0.06875 0.121875
1 0.75703125 0.3875 0.0328125 0.0703125
1 0.80625 0.47265625 0.0484375 0.075
1 0.86171875 0.51328125 0.0625 0.1140625
1 0.9734375 0.475 0.046875 0.10078125