1 0.165625 0.265625 0.03203125 0.04921875
1 0.26015625 0.20078125 0.0234375 0.0359375
1 0.29765625 0.190625 0.0140625 0.02890625
1 0.31015625 0.18515625 0.01640625 0.03984375
1 0.4671875 0.175 0.0234375 0.03359375
1 0.57578125 0.13828125 0.021875 0.03984375
1 0.56015625 0.265625 0.021875 0.05390625
1 0.61171875 0.23984375 0.02578125 0.05546875
1 0.6578125 0.17890625 0.015625 0.03984375
1 0.678125 0.2109375 0.01640625 0.0421875
1 0.69765625 0.1875 0.01796875 0.03125
1 0.70546875 0.24765625 0.0203125 0.04453125
1 0.73984375 0.278125 0.0203125 0.0421875
1 0.74921875 0.23671875 0.0203125 0.04453125