1 0.04296875 0.48984375 0.078125 0.0921875
1 0.06796875 0.42890625 0.04296875 0.05
1 0.16171875 0.38046875 0.0375 0.046875
1 0.21328125 0.41015625 0.05390625 0.05859375
1 0.24765625 0.36875 0.03046875 0.0453125
1 0.2921875 0.3671875 0.03515625 0.04765625
1 0.33203125 0.3609375 0.03359375 0.0375
1 0.31640625 0.471875 0.07734375 0.0921875
1 0.38828125 0.41875 0.0484375 0.05625
1 0.43828125 0.36328125 0.04296875 0.04921875
1 0.4484375 0.3359375 0.02265625 0.0265625
1 0.553125 0.3421875 0.0296875 0.0375
1 0.66328125 0.378125 0.0359375 0.05
1 0.6890625 0.42890625 0.05390625 0.05859375
1 0.70703125 0.47421875 0.0703125 0.08359375
1 0.73359375 0.3515625 0.0359375 0.0421875
1 0.81484375 0.365625 0.03671875 0.04765625
1 0.84140625 0.353125 0.03046875 0.0390625
1 0.890625 0.38984375 0.05078125 0.07421875
1 0.9484375 0.3703125 0.0359375 0.0453125
1 0.9765625 0.42265625 0.0453125 0.09453125
1 0.95546875 0.67578125 0.08671875 0.184375