1 0.04453125 0.428125 0.04140625 0.053125
1 0.0625 0.4984375 0.04453125 0.06484375
1 0.11796875 0.55625 0.053125 0.06953125
1 0.1140625 0.634375 0.0703125 0.09140625
1 0.14140625 0.4265625 0.03515625 0.05078125
1 0.19765625 0.46015625 0.03671875 0.06484375
1 0.28671875 0.51328125 0.04453125 0.06484375
1 0.334375 0.59375 0.05625 0.08203125
1 0.2609375 0.896875 0.1125 0.1875
1 0.5453125 0.77265625 0.09140625 0.146875
1 0.34765625 0.38828125 0.02890625 0.0359375
1 0.40703125 0.296875 0.02890625 0.0453125
1 0.4015625 0.42421875 0.02734375 0.0453125
1 0.40546875 0.3859375 0.02578125 0.040625
1 0.47265625 0.39921875 0.02890625 0.03828125
1 0.49453125 0.453125 0.03984375 0.05078125
1 0.5296875 0.3734375 0.02734375 0.040625
1 0.58046875 0.3609375 0.02578125 0.03359375
1 0.61328125 0.38125 0.02734375 0.0453125
1 0.6625 0.3890625 0.02421875 0.03828125
1 0.58671875 0.4390625 0.03828125 0.05078125
1 0.63203125 0.515625 0.04609375 0.0796875
1 0.7296875 0.48828125 0.04609375 0.071875
1 0.71875 0.41015625 0.03671875 0.05078125
1 0.76484375 0.3953125 0.03359375 0.05078125
1 0.86875 0.5921875 0.0609375 0.09375
1 0.8890625 0.4421875 0.04140625 0.0625
1 0.92890625 0.4046875 0.03671875 0.05078125