1 0.1203125 0.534375 0.04296875 0.06953125
1 0.21953125 0.3375 0.01953125 0.03671875
1 0.25078125 0.36171875 0.0234375 0.0453125
1 0.28671875 0.3546875 0.02265625 0.03984375
1 0.3125 0.3875 0.02578125 0.0421875
1 0.27734375 0.31484375 0.0203125 0.03671875
1 0.33984375 0.3375 0.01953125 0.03671875
1 0.346875 0.2984375 0.0171875 0.0296875
1 0.37734375 0.33671875 0.01953125 0.03515625
1 0.40859375 0.33203125 0.0234375 0.03984375
1 0.40234375 0.29609375 0.01953125 0.03125
1 0.39921875 0.2734375 0.0171875 0.028125
1 0.3859375 0.25859375 0.0171875 0.03515625
1 0.42265625 0.2546875 0.0140625 0.0296875
1 0.4515625 0.3375 0.02421875 0.0421875
1 0.46328125 0.31171875 0.02109375 0.03671875
1 0.4515625 0.26171875 0.0125 0.0296875
1 0.459375 0.2703125 0.015625 0.0296875
1 0.46015625 0.240625 0.01171875 0.0296875
1 0.503125 0.26328125 0.0171875 0.0328125
1 0.5171875 0.271875 0.01875 0.0296875
1 0.50390625 0.31875 0.0171875 0.0328125
1 0.55703125 0.27578125 0.021875 0.04140625
1 0.54921875 0.2421875 0.01875 0.028125
1 0.5578125 0.22265625 0.0140625 0.02578125
1 0.56796875 0.23515625 0.01640625 0.03125
1 0.5734375 0.21328125 0.015625 0.0296875
1 0.5796875 0.2609375 0.015625 0.028125
1 0.60234375 0.2515625 0.015625 0.0328125
1 0.6046875 0.22421875 0.0140625 0.028125
1 0.61015625 0.20234375 0.0140625 0.0265625
1 0.62578125 0.215625 0.01328125 0.028125
1 0.6390625 0.21796875 0.01484375 0.0265625
1 0.63671875 0.24765625 0.0140625 0.0328125
1 0.66796875 0.21484375 0.01171875 0.0265625
1 0.67890625 0.22890625 0.01640625 0.0296875
1 0.67109375 0.28125 0.0171875 0.03828125
1 0.7 0.21640625 0.015625 0.0296875
1 0.7078125 0.25234375 0.01640625 0.03671875
1 0.53125 0.3765625 0.03125 0.05234375
1 0.4625 0.41328125 0.034375 0.0640625
1 0.52578125 0.4359375 0.03359375 0.0640625
1 0.58984375 0.4453125 0.03125 0.065625
1 0.63828125 0.4578125 0.03671875 0.06796875
1 0.58046875 0.396875 0.0265625 0.0453125
1 0.60078125 0.33125 0.02109375 0.05
1 0.63359375 0.3046875 0.025 0.05078125
1 0.659375 0.3625 0.02734375 0.04375
1 0.640625 0.35703125 0.02265625 0.04375
1 0.6921875 0.365625 0.02265625 0.0453125
1 0.68359375 0.31953125 0.01953125 0.03984375
1 0.7140625 0.296875 0.0171875 0.03828125
1 0.73515625 0.24609375 0.015625 0.0296875
1 0.74921875 0.25 0.01640625 0.03671875
1 0.76640625 0.2578125 0.015625 0.0265625
1 0.7734375 0.278125 0.01640625 0.034375
1 0.78125 0.26328125 0.01484375 0.0328125
1 0.76875 0.225 0.0140625 0.03515625
1 0.78515625 0.2390625 0.015625 0.0296875
1 0.8140625 0.23984375 0.01875 0.03125
1 0.825 0.2984375 0.0171875 0.03828125
1 0.825 0.3375 0.01953125 0.03984375
1 0.81328125 0.35703125 0.0203125 0.05546875
1 0.77734375 0.4375 0.02890625 0.05546875
1 0.72109375 0.403125 0.028125 0.05390625
1 0.69765625 0.5421875 0.04296875 0.08046875
1 0.8265625 0.51171875 0.034375 0.075
1 0.85625 0.4515625 0.03515625 0.06640625
1 0.92109375 0.48046875 0.03984375 0.06640625
1 0.865625 0.3703125 0.02578125 0.059375
1 0.85546875 0.328125 0.01875 0.03828125
1 0.875 0.33046875 0.0203125 0.0421875
1 0.89375 0.33359375 0.01640625 0.0453125
1 0.9140625 0.3359375 0.0171875 0.0421875
1 0.9359375 0.3625 0.0203125 0.05
1 0.9328125 0.31328125 0.0171875 0.03671875
1 0.9390625 0.30234375 0.01328125 0.028125
1 0.94296875 0.28046875 0.01640625 0.028125
1 0.8984375 0.27265625 0.01484375 0.034375
1 0.85703125 0.28046875 0.01640625 0.03671875
1 0.846875 0.25 0.01484375 0.0328125
1 0.86875 0.27109375 0.01328125 0.034375
1 0.884375 0.25859375 0.01484375 0.03515625