1 0.09296875 0.2734375 0.0140625 0.03125
1 0.11953125 0.25703125 0.021875 0.03671875
1 0.2 0.30703125 0.03359375 0.0703125
1 0.25234375 0.3453125 0.03671875 0.0734375
1 0.340625 0.21953125 0.015625 0.03125
1 0.45703125 0.2046875 0.015625 0.03359375
1 0.48515625 0.22890625 0.01953125 0.04375
1 0.51640625 0.17734375 0.01484375 0.0453125
1 0.54921875 0.19765625 0.01875 0.040625
1 0.58984375 0.1734375 0.0171875 0.03828125
1 0.63671875 0.24921875 0.01953125 0.0421875
1 0.7234375 0.28671875 0.025 0.0546875
1 0.834375 0.234375 0.01875 0.04375
1 0.840625 0.34453125 0.02578125 0.04765625
1 0.90625 0.12734375 0.01171875 0.0296875
1 0.9359375 0.165625 0.01328125 0.0296875
1 0.425 0.22578125 0.02109375 0.03671875
1 0.621875 0.140625 0.01484375 0.03515625
1 0.92578125 0.28671875 0.01875 0.03671875