1 0.1890625 0.45703125 0.0484375 0.0984375
1 0.2 0.3734375 0.0484375 0.10546875
1 0.28984375 0.20078125 0.025 0.04375
1 0.3765625 0.27109375 0.021875 0.04375
1 0.3578125 0.259375 0.021875 0.05
1 0.41015625 0.19765625 0.0171875 0.03359375
1 0.43125 0.23046875 0.01796875 0.03359375
1 0.4515625 0.24296875 0.0234375 0.03515625
1 0.4375 0.28359375 0.025 0.0453125
1 0.46171875 0.1921875 0.01796875 0.03984375
1 0.48515625 0.20625 0.01796875 0.03515625
1 0.4890625 0.16796875 0.01328125 0.028125
1 0.48203125 0.15546875 0.0125 0.0234375
1 0.4703125 0.146875 0.015625 0.03046875
1 0.4953125 0.134375 0.015625 0.025
1 0.54375 0.14375 0.015625 0.03671875
1 0.51953125 0.17890625 0.01796875 0.03671875
1 0.55078125 0.20390625 0.021875 0.03359375
1 0.56875 0.15546875 0.01640625 0.03046875
1 0.5875 0.11796875 0.015625 0.025
1 0.590625 0.16015625 0.01484375 0.03046875
1 0.49140625 0.32421875 0.02890625 0.06015625
1 0.6296875 0.24765625 0.0328125 0.06015625
1 0.6796875 0.25234375 0.02578125 0.05
1 0.69921875 0.15859375 0.02109375 0.04375
1 0.7265625 0.13984375 0.01640625 0.0421875
1 0.70625 0.096875 0.01640625 0.03046875
1 0.7515625 0.1640625 0.01796875 0.04375
1 0.75859375 0.15234375 0.015625 0.03359375
1 0.76953125 0.17890625 0.01640625 0.03984375
1 0.76875 0.10703125 0.0125 0.03046875
1 0.81640625 0.19140625 0.0203125 0.0453125
1 0.82734375 0.1328125 0.015625 0.03515625
1 0.86640625 0.1828125 0.015625 0.03515625
1 0.88671875 0.2390625 0.01953125 0.05
1 0.77890625 0.3015625 0.03125 0.05546875
1 0.73359375 0.284375 0.02734375 0.06015625